error as a function of alpha_bar(10^(-5)), w(0,1,0.001), sigma(-3), eta=10^(-5)
0.780542393662
0.02357398071707719
0.023573424842659313
0.0235724958905749
0.023571190104926292
0.023569502199552148
0.02356742533007026
0.02356495105750654
0.023562069303514767
0.023558768296820163
0.023555034510401293
0.023550852589945662
0.023546205271481244
0.02354107328952147
0.02353543527412138
0.02352926763662961
0.023522544442526314
0.02351523727462653
0.023507315078131766
0.02349874399520083
0.0234894871827468
0.02347950461437399
0.023468752864322383
0.023457184875942477
0.02344474970625437
0.023431392253366358
0.023417052960372425
0.02340166749589243
0.023385166409792626
0.023367474760945417
0.02334851172179023
0.023328190145276356
0.023306416106931627
0.023283088410759187
0.023258098060871046
0.023231327696424896
0.023202650986665078
0.023171931991880498
0.02313902447385506
0.023103771171385214
0.02306600302901121
0.02302553838206866
0.022982182097346864
0.022935724669566254
0.02288594127495725
0.022832590783325706
0.02277541473211331
0.022714136265883957
0.022648459047523925
0.02257806614798082
0.022502618924407417
0.022421755898435355
0.022335091649662946
0.022242215741996696
0.022142691705579098
0.022036056100043926
0.021921817690904084
0.021799456775728955
0.02166842470360006
0.02152814363786195
0.021378006619812318
0.02121737799899489
0.02104559430466534
0.02086196564136453
0.020665777700761015
0.02045629449054331
0.020232761890007334
0.01999441214695528
0.019740469438727832
0.01947015661938366
0.019182703277413574
0.018877355219638486
0.018553385489329888
0.01821010700383713
0.017846886877775473
0.017463162450588893
0.01705845900398148
0.016632409085915244
0.016184773295458327
0.015715462297623835
0.015224559750200714
0.014712345722787207
0.014179320085210806
0.01362622525256427
0.013054067547078595
0.012464136396509862
0.011858020494217157
0.011237620031382815
0.010605154118524062
0.009963162564618872
0.00931450128657038
0.008662330782185751
0.008010097305365725
0.007361506636489419
0.006720490631600299
0.006091167041473956
0.005477793402237798
0.0048847160909184124
0.004316315890728643
0.003776951602149126
0.0032709033542222847
0.0028023173005120895
0.0023751533272655377
0.001993137259551463
0.001659718833297367
0.0013780364262788915
0.0011508892286253053
0.0009807172035958267
0.0008695888666299887
0.0008191966114254948
0.0008308590518508112
0.0009055296428297044
0.0010438106918506833
0.001245971789451827
0.001511971660298897
0.0018414824739689229
0.0022339157338186902
0.002688448984025145
0.0032040527078837713
0.0037795169271053392
0.004413477129878038
0.005104439251371259
0.0058508034775186365
0.006650886727306019
0.0075029435960045476
0.008405185667337974
0.009355799028850285
0.010352959891850888
0.011394848248516196
0.012479659538529132
0.01360561435632007
0.014770966282626963
0.015974007972867545
0.017213075663643138
0.018486552301785777
0.019792869492487958
0.02113050848216128
0.02249800036578147
0.02389392570629443
0.025316913717750446
0.026765641151747146
0.02823883099089363
0.02973525103839076
0.03125371246380477
0.032793068359404765
0.03435221232489442
0.0359300771108352
0.03752563332516731
0.03913788820708182
0.040765884464002054
0.042408699172041465
0.04406544272933072
0.04573525785762165
0.04741731864403061
0.04911082961884495
0.05081502485946731
0.05252916712311167
0.05425254699405652
0.05598448205275582
0.05772431605842746
0.05947141814511573
0.061225182029766324
0.06298502523587445
0.06475038832281498
0.06652073413658256
0.06829554706418843
0.07007433230909996
0.07185661517358756
0.07364194036252117
0.0754298712971141
0.0772199894471202
0.07901189367967316
0.08080519962201346
0.08259953904421923
0.08439455925900892
0.08618992253713739
0.08798530554382013
0.08978039878596047
0.09157490609136093
0.09336854408495888
0.09516104170324555
0.09695213970873613
0.09874159023624554
0.10052915634255846
0.1023146115801519
0.10409773958661579
0.10587833368531044
0.1076561965054635
0.10943113961512316
0.11120298316395479
0.11297155555342638
0.1147366930995291
0.11649823972982784
0.11825604667320354
0.1200099721813768
0.12175988124144209
0.12350564531995523
0.12524714209719917
0.12698425523112697
0.1287168741134972
0.13044489365133133
0.1321682140455268
0.13388674058561756
0.1356003834439957
0.13730905749427547
0.13901268211426862
0.14071118102311203
0.1424044820995889
0.14409251722612063
0.14577522212949925
0.14745253623181775
0.14912440250520845
0.1507907673348532
0.15245158038282247
0.15410679446383663
0.1557563654193383
0.15740025200119
0.1590384157552213
0.1606708209177824
0.16229743430722482
0.16391822522095767
0.16553316534191323
0.1671422286465839
0.16874539131058322
0.17034263162691557
0.1719339299200285
0.1735192684695966
0.1750986314285462
0.17667200475603212
0.17823937613804938
0.17980073493010076
0.18135607207759769
0.1829053800671229
0.18444865285282402
0.18598588580846223
0.1875170756605643
0.18904222044373864
0.19056131943963667
0.19207437313548983
0.19358138316658427
0.1950823522750595
0.19657728426383264
0.19806618395381517
0.1995490571384641
0.2010259105471496
0.20249675180463442
0.2039615893959942
0.2054204326276969
0.20687329159227374
0.2083201771400137
0.20976110083984525
0.21119607495441528
0.21262511240470758
0.21404822674416674
0.21546543213321487
0.2168767433050555
0.2182821755475644
0.21968174467419646
0.22107546700074845
0.22246335932196135
0.22384543888875902
0.2252217233879656
0.22659223092310257
0.22795697998736913
0.22931598945342951
0.23066927854792602
0.2320168668377801
0.2333587742093043
0.23469502085419894
0.23602562725339002
0.23735061416054437
0.23867000258526516
0.23998381378313025
0.24129206923765523
0.2425947906507372
0.2438919999257212
0.24518371915720072
0.24646997061785403
0.2477507767512203
0.24902616015290904
0.2502961435645383
0.2515607498652725
0.2528200020582737
0.2540739232601888
0.2553225366961195
0.2565658656882811
0.25780393364761606
0.25903676406401815
0.26026438050027534
0.2614868065859813
0.26270406600539237
0.26391618249638765
0.265123179836057
0.2663250818408255
0.2675219123578986
0.2687136952571706
0.26990045442849064
0.2710822137743324
0.27225899720212066
0.2734308286266649
0.27459773195404874
0.27575973108603674
0.2769168499106343
0.2780691123004508
0.2792165421056394
0.2803591631521593
0.2814969992344434
0.2826300741172849
0.2837584115257745
0.28488203514722504
0.2860009686223014
0.2871152355496452
0.28822485947190674
0.28932986388548126
0.29043027222629286
0.29152610787424504
0.2926173941467359
0.29370415429915003
0.29478641151909807
0.29586418892996047
0.29693750958031423
0.2980063964494498
0.29907087244016406
0.3001309603820064
0.30118668302188295
0.30223806303243755
0.303285123000548
0.3043278854323479
0.3053663727487607
0.30640060728613666
0.30743061129146004
0.30845640692582205
0.3094780162575755
0.31049546126952804
0.3115087638458711
0.31251794578395786
0.31352302878412525
0.3145240344526402
0.3155209843005619
0.3165138997433696
0.31750280209713877
0.3184877125837088
0.31946865232383104
0.32044564233951184
0.32141870355491664
0.32238785679358545
0.3233531227766944
0.3243145221277857
0.32527207536481534
0.3262258029088636
0.32717572507571074
0.3281218620799675
0.32906423403321833
0.33000286094490494
0.33093776272152114
0.33186895916613157
0.3327964699791795
0.33372031475572284
0.3346405129898471
0.3355570840719426
0.3364700472870867
0.33737942181759106
0.3382852267438496
0.3391874810411629
0.3400862035810245
0.34098141313168523
0.3418731283613907
0.34276136783108396
0.3436461500005787
0.3445274932257071
0.34540541576176875
0.34627993576011934
0.3471510712701527
0.3480188402385706
0.3488832605109785
0.34974434983129027
0.35060212584242434
0.35145660608534873
0.3523078080008298
0.353155748928942
0.354000446109304
0.3548419166830707
0.3556801776888319
0.35651524606948837
0.35734713866622
0.35817587222311076
0.3590014633863535
0.35982392870296864
0.36064328462283607
0.3614595475004021
0.3622727335909784
0.3630828590557389
0.36388993995818036
0.36469399226757643
0.36549503185736876
0.366293074506816
0.36708813590088896
0.3678802316298375
0.36866937719192344
0.3694555879919684
0.3702388793416508
0.371019266460749
0.3717967644780981
0.3725713884307678
0.37334315326501205
0.3741120738373854
0.37487816491424925
0.37564144117247683
0.37640191719993304
0.37715960749669053
0.37791452647386053
0.3786666884559523
0.37941610767973893
0.3801627982959655
0.380906774369663
0.3816480498782404
0.38238663871666184
0.38312255469339895
0.38385581153253934
0.38458642287579736
0.38531440228029384
0.38603976322162853
0.38676251909221127
0.38748268320227075
0.38820026878172403
0.38891528897921235
0.3896277568623931
0.3903376854193236
0.3910450875584796
0.39174997611024065
0.39245236382555854
0.3931522633773046
0.39384968736133075
0.39454464829523905
0.3952371586216083
0.3959272307057399
0.3966148768369942
0.3973001092307478
0.3979829400259881
0.39866338128939727
0.39934144501188434
0.40001714311160713
0.4006904874999889
0.40136148972942526
0.40203016176681816
0.402696515107414
0.40336056133168824
0.4040223119271252
0.4046817783116547
0.4053389718318827
0.405993903766976
0.40664658532553766
0.40729702764860043
0.40794524180966285
0.4085912388129279
0.4092350295975003
0.4098766250348852
0.41051603592965713
0.41115327302204696
0.41178834698572647
0.4124212684303913
0.41305204789962185
0.4136806958746105
0.41430722277173115
0.4149316389451679
0.4155539546846925
0.4161741802186968
0.41679232571351815
0.41740840127353684
0.4180224169420378
0.4186343827020421
0.41924430847454736
0.4198522041222301
0.42045807944755154
0.42106194419331644
0.4216638080441678
0.4222636806263206
0.42286157150733644
0.4234574901980094
0.4240514461501429
0.42464344876137494
0.4252335073701669
0.4258216312601289
0.4264078296595136
0.42699211174064755
0.4275744866202063
0.428154963361567
0.4287335509721291
0.42931025840817433
0.4298850945689315
0.43045806830286115
0.431029188405177
0.4315984636183045
0.4321659026324079
0.43273151408591315
0.4332953065662236
0.4338572886097957
0.4344174687016721
0.4349758552767594
0.4355324567200308
0.43608728136734337
0.43664033750362025
0.43719163336619943
0.437741177143667
0.4382889769751885
0.43883504095245357
0.4393793771196536
0.439921993473378
0.4404628979627943
0.44100209849117933
0.4415396029140586
0.4420754190428154
0.44260955464023527
0.44314201742613785
0.44367281507387424
0.4442019552118704
0.44472944542483256
0.4452552932517553
0.4457795061889026
0.44630209168823926
0.44682305715819265
0.4473424099649663
0.44786015743086455
0.4483763068361177
0.4488908654183821
0.4494038403741367
0.4499152388577323
0.4504250679811027
0.45093333481769066
0.45144004639686774
0.45194520970973334
0.45244883170661404
0.45295091929665604
0.45345147935115254
0.4539505187006669
0.4544480441362629
0.45494406241118296
0.4554385802385222
0.45593160429507734
0.4564231412167646
0.4569131976039015
0.45740178001796894
0.45788889498313945
0.4583745489867752
0.4588587484788575
0.45934149987281414
0.4598228095464839
0.4603026838399686
0.460781129058446
0.46125815147176147
0.4617337573131584
0.4622079527817519
0.4626807440407222
0.4631521372187189
0.4636221384109042
0.4640907536770846
0.4645579890426165
0.4650238505005175
0.4654883440087726
0.4659514754929339
0.46641325084470664
0.4668736759227462
0.4673327565542123
0.4677904985322963
0.46824690761827387
0.4687019895424473
0.46915575000096243
0.469608194661352
0.47005932915664783
0.47050915909094426
0.4709576900357204
0.47140492753238716
0.47185087709187384
0.47229554419449865
0.4727389342899167
0.47318105279837025
0.47362190510972885
0.4740614965849242
0.47449983255488565
0.47493691832091156
0.47537275915670907
0.4758073603050406
0.4762407269822784
0.47667286437411327
0.47710377763975564
0.4775334719093921
0.4779619522849009
0.4783892238414049
0.47881529162560854
0.4792401606574448
0.47966383592902095
0.4800863224058922
0.4805076250272263
0.48092774870376737
0.4813466983215277
0.48176447873907036
0.48218109478985327
0.4825965512802877
0.48301085299128765
0.4834240046778163
0.4838360110702877
0.48424687687353085
0.48465660676550204
0.4850652054019689
0.4854726774113181
0.4858790273986148
0.48628425994390445
0.4866883796031309
0.4870913909083191
0.4874932983663393
0.4878941064611444
0.488293819652561
0.4886924423769535
0.48908997904721113
0.48948643405231
0.48988181175902024
0.4902761165107544
0.49066935262793265
0.49106152440816764
0.4914526361265477
0.49184269203622644
0.4922316963672125
0.4926196533282168
0.493006567105587
0.49339244186342257
0.4937772817441351
0.49416109087002025
0.4945438733394007
0.4949256332315419
0.49530637460350563
0.4956861014911421
0.49606481790959334
0.49644252785356063
0.49681923529637784
0.4971949441918224
0.49756965847235696
0.4979433820503067
0.4983161188185847
0.49868787264903347
0.4990586473946449
0.4994284468877005
0.499797274941851
0.500165135349965
0.500532031886596
0.5008979683063218
0.5012629483450227
0.5016269757190498
0.5019900541266747
0.5023521872462084
0.5027133787382725
0.5030736322441939
0.503432951387195
0.5037913397722168
0.5041488009861522
0.504505338596777
0.5048609561551027
0.5052156571933236
0.5055694452260331
0.5059223237507877
0.5062742962470876
0.506625366176516
0.5069755369838287
0.5073248120967511
0.5076731949253352
0.5080206888625972
0.5083672972852434
0.5087130235523721
0.5090578710072831
0.5094018429750325
0.5097449427656927
0.5100871736726061
0.5104285389723059
0.5107690419254574
0.5111086857763152
0.5114474737528059
0.51178540906845
0.5121224949188157
0.512458734485238
0.5127941309330325
0.5131286874109744
0.5134624070540484
0.5137952929812367
0.5141273482950396
0.5144585760841829
0.5147889794222601
0.5151185613673022
0.5154473249622824
0.5157752732355528
0.516102409201428
0.5164287358580697
0.5167542561908585
0.5170789731694014
0.5174028897488532
0.5177260088712325
0.5180483334632568
0.5183698664377911
0.5186906106937378
0.5190105691161916
0.5193297445760002
0.5196481399299214
0.5199657580222292
0.5202826016819454
0.5205986737261331
0.5209139769569049
0.5212285141637156
0.5215422881230474
0.5218553015968068
0.522167557335257
0.5224790580750068
0.5227898065391436
0.523099805438123
0.5234090574697892
0.5237175653189823
0.524025331658034
0.5243323591460763
0.5246386504304792
0.5249442081451315
0.5252490349126314
0.5255531333420643
0.5258565060315039
0.5261591555651087
0.5264610845169474
0.526762295447098
0.5270627909051463
0.5273625734273601
0.5276616455393092
0.5279600097547568
0.5282576685747482
0.528554624489022
0.5288508799764217
0.5291464375036979
0.529441299526097
0.5297354684878873
0.5300289468209028
0.5303217369473054
0.5306138412771795
0.5309052622087257
0.5311960021311304
0.5314860634204992
0.5317754484427779
0.5320641595537158
0.5323521990966773
0.532639569405961
0.5329262728037274
0.5332123116025138
0.5334976881037798
0.533782404598662
0.5340664633672707
0.5343498666803126
0.5346326167975459
0.5349147159683634
0.5351961664316806
0.5354769704172887
0.5357571301436608
0.5360366478201694
0.5363155256453748
0.5365937658084066
0.5368713704879944
0.5371483418541608
0.5374246820655711
0.5377003932721861
0.537975477614348
0.5382499372224823
0.5385237742168397
0.5387969907093885
0.5390695888015169
0.5393415705861568
0.539612938146398
0.539883693555596
0.5401538388785666
0.5404233761703778
0.5406923074777472
0.5409606348369914
0.5412283602770245
0.5414954858163628
0.5417620134648178
0.5420279452238737
0.5422932830862482
0.5425580290341522
0.5428221850436135
0.5430857530798069
0.5433487351005011
0.5436111330544751
0.5438729488816526
0.5441341845136146
0.5443948418732226
0.544654922875951
0.5449144294276533
0.5451733634259627
0.5454317267613111
0.5456895213146508
0.54594674895916
0.546203411559788
0.5464595109738887
0.546715049050142
0.5469700276293494
0.5472244485442839
0.5474783136198451
0.5477316246730275
0.5479843835127187
0.5482365919403704
0.5484882517498387
0.548739364726502
0.5489899326481692
0.5492399572860701
0.5494894404024533
0.5497383837524068
0.549986789084023
0.5502346581375185
0.5504819926454084
0.5507287943326981
0.5509750649183179
0.5512208061122561
0.5514660196174058
0.5517107071310263
0.5519548703407873
0.5521985109291596
0.5524416305700067
0.552684230931155
0.5529263136730644
0.5531678804490533
0.5534089329048547
0.5536494726802714
0.5538895014076562
0.5541290207125388
0.554368032213236
0.554606537522341
0.5548445382446655
0.5550820359786081
0.5553190323155379
0.5555555288405674
0.5557915271317425
0.5560270287615766
0.5562620352942833
0.5564965482889522
0.5567305692975718
0.5569640998661876
0.5571971415333471
0.5574296958319586
0.5576617642886623
0.5578933484236482
0.5581244497506227
0.558355069776635
0.5585852100038812
0.5588148719263675
0.5590440570333053
0.559272766808089
0.5595010027266148
0.5597287662598708
0.5599560588718359
0.5601828820213
0.5604092371605965
0.5606351257361478
0.5608605491888596
0.5610855089534471
0.5613100064587453
0.5615340431269972
0.5617576203760146
0.5619807396172273
0.5622034022560319
0.5624256096924746
0.5626473633209155
0.5628686645291913
0.5630895147009819
0.5633099152134636
0.5635298674381427
0.5637493727412344
0.5639684324835469
0.5641870480201354
0.5644052207005267
0.5646229518696584
0.5648402428654024
0.5650570950216511
0.5652735096661856
0.5654894881224143
0.5657050317073612
0.5659201417333025
0.5661348195069539
0.5663490663297532
0.5665628834988065
0.5667762723054233
0.56698923403503
0.5672017699693693
0.5674138813838455
0.5676255695497674
0.5678368357322477
0.5680476811928971
0.5682581071871624
0.5684681149657292
0.5686777057742123
0.5688868808541608
0.5690956414410598
0.5693039887663613
0.569511924055837
0.5697194485315914
0.5699265634099423
0.5701332699028666
0.5703395692170738
0.570545462555415
0.5707509511154508
0.5709560360900542
0.5711607186670532
0.5713650000308717
0.5715688813599008
0.5717723638291745
0.5719754486079706
0.5721781368619203
0.5723804297513466
0.5725823284328837
0.5727838340583602
0.5729849477743564
0.5731856707246937
0.5733860040469028
0.5735859488750316
0.5737855063394091
0.5739846775650059
0.5741834636719865
0.574381865777762
0.5745798849946084
0.5747775224297184
0.5749747791877167
0.5751716563677766
0.5753681550651913
0.5755642763708757
0.5757600213719545
0.5759553911512234
0.576150386786845
0.5763450093539083
0.5765392599223546
0.5767331395587286
0.5769266493253568
0.5771197902802333
0.5773125634775489
0.5775049699674304
0.5776970107964726
0.577888687006265
0.5780799996353022
0.5782709497181939
0.578461538285561
0.5786517663632639
0.5788416349742618
0.579031145137831
0.5792202978682714
0.5794090941768245
0.5795975350715085
0.5797856215551461
0.5799733546276432
0.58016073528576
0.5803477645206738
0.5805344433223171
0.5807207726744588
0.5809067535587157
0.5810923869532775
0.5812776738309968
0.5814626151627521
0.5816472119152207
0.5818314650516516
0.5820153755313969
0.582198944310034
0.5823821723405401
0.5825650605713865
0.5827476099483576
0.5829298214129175
0.583111695903524
0.5832932343551525
0.5834744376994386
0.5836553068639838
0.5838358427740309
0.5840160463502698
0.5841959185108118
0.5843754601703328
0.5845546722392029
0.5847335556257408
0.5849121112344831
0.5850903399661397
0.5852682427191099
0.5854458203873016
0.5856230738623694
0.5858000040323114
0.5859766117819196
0.5861528979929621
0.586328863543894
0.5865045093092948
0.5866798361617817
0.5868548449697757
0.5870295365993746
0.5872039119129511
0.5873779717696681
0.5875517170267973
0.5877251485367061
0.5878982671497966
0.5880710737129596
0.5882435690708122
0.5884157540643321
0.5885876295309155
0.5887591963059781
0.5889304552216884
0.589101407106408
0.5892720527866209
0.5894423930858272
0.5896124288232432