error as a function of alpha_bar(2*10^(-6)), w(0,1,0.001), sigma(-3), eta=10^(-5)
0.780542393662
0.02270808260031642
0.022639991264578278
0.02251919365194978
0.02233385943088638
0.02206565637765048
0.02168791714952191
0.021163330727298563
0.020441531697270567
0.01945761918390912
0.018133901391184017
0.016389145642363427
0.014161676383498014
0.01145215654462581
0.008383403564753733
0.005254041121348027
0.002540347258856197
0.0008085707509528969
0.0005593345899512574
0.0020900860821405497
0.005451662925689705
0.010497952026920325
0.01697324656744028
0.024590889307806073
0.03308441502217506
0.04222859156734506
0.05184006041109736
0.06177073077608299
0.07190116534208055
0.08213549880457797
0.09239745258628508
0.10262697433992529
0.11277731873538012
0.12281253342734082
0.13270534064319772
0.14243538939808345
0.15198783631176688
0.16135220543781528
0.17052147764069617
0.17949136550221828
0.1882597361515532
0.1968261515241983
0.20519150148946644
0.21335771057108055
0.2213275029853056
0.22910421412336304
0.2366916390477606
0.2440939106942965
0.25131540189609963
0.2583606466376364
0.2652342768625341
0.2719409718733684
0.27848541796107384
0.2848722763747429
0.2911061580697744
0.29719160399551503
0.3031330698840194
0.30893491474487345
0.31460139234063533
0.3201366451196338
0.3255447001369118
0.3308294665798484
0.3359947346068532
0.3410441752224203
0.34598134099434663
0.3508096674401282
0.3555324749238863
0.3601529709688364
0.36467425287001537
0.3690993105347154
0.3734310294899842
0.37767219399760926
0.3818254902302998
0.38589350948731843
0.3898787514000756
0.3937836271310464
0.3976104625160467
0.40136150117061753
0.40503890751444954
0.40864476973616853
0.4121811026682736
0.4156498505819301
0.4190528898950919
0.42239203178744317
0.42566902473006263
0.42888555691974223
0.4320432586272465
0.4351437044572217
0.43818841551817045
0.44117886151235775
0.44411646273775046
0.4470025920140165
0.44983857652711756
0.45262569960081966
0.45536520239396655
0.4580582855270926
0.4607061106450033
0.4633098019078985
0.46587044742533634
0.46838910063007505
0.47086678158925066
0.4733044782668038
0.475703147728073
0.4780637172981972
0.48038708566660937
0.4826741239516449
0.4849256767147466
0.48714256292294633
0.4893255769520027
0.4914754893418491
0.49359304779475954
0.4956789779284174
0.4977339840789548
0.4997587500588046
0.5017539398801654
0.5037201984532456
0.5056581522551166
0.5075684099683975
0.5094515630992043
0.5113081865665985
0.5131388392709386
0.5149440646383565
0.516724391143586
0.5184803328130314
0.5202123897092922
0.5219210483933756
0.5236067823717905
0.5252700525276213
0.5269113075291774
0.5285309842315807
0.5301295080550866
0.5317072933537277
0.5332647437696568
0.534802252573112
0.5363202029884285
0.5378189685124796
0.5392989132163857
0.5407603920396529
0.5422037510706836
0.5436293278209838
0.5450374514842761
0.5464284431919371
0.5478026162550104
0.549160276398332
0.5505017219899585
0.5518272442566812
0.5531371274969729
0.5544316492840493
0.5557110806613729
0.556975686334592
0.5582257248527484
0.5594614487866345
0.5606831048989485
0.5618909343097532
0.5630851726561032
0.5642660502463687
0.5654337922099896
0.5665886186399632
0.5677307447345703
0.5688603809308667
0.5699777330346523
0.5710830023486212
0.5721763857926819
0.573258076023122
0.5743282615468942
0.5753871268327148
0.5764348524179123
0.5774716150122272
0.5784975875985875
0.5795129395316522
0.5805178366307197
0.5815124412723094
0.5824969124781426
0.5834714060022756
0.5844360744134852
0.5853910671762762
0.586336530730487
0.5872726085655564
0.5881994412955267
0.5891171667303504
0.5900259199453198
0.5909258333487335
0.5918170367474239
0.5926996574092643
0.5935738201266157
0.5944396472745405
0.5952972588700274
0.5961467726287601
0.5969883040187832
0.5978219663150743
0.5986478706507592
0.5994661260671825
0.6002768395644836
0.6010801161465175
0.6018760588701674
0.6026647688876849
0.6034463454923626
0.6042208861597312
0.6049884865902435
0.6057492407483313
0.6065032409022517
0.6072505776626191
0.6079913400183706
0.6087256153738536
0.6094534895834193
0.6101750469863122
0.6108903704391457
0.6115995413492369
0.6123026397051695
0.6129997441086599
0.6136909318039513
0.6143762787069706
0.6150558594342123
0.6157297473299186
0.6163980144935144
0.6170607318058611
0.6177179689548921
0.6183697944607729
0.6190162756998709
0.6196574789291439
0.6202934693087809
0.6209243109255305
0.6215500668138572
0.622170798978222
0.6227865684139604
0.6233974351274872
0.6240034581560915
0.6246046955884738
0.6252012045826014
0.6257930413850531
0.6263802613487734
0.6269629189506859
0.6275410678097687
0.6281147607029955
0.6286840495823515
0.6292489855903708
0.6298096190770377
0.6303659996137911
0.6309181760091104
0.6314661963235836
0.6320101078834229
0.6325499572952
0.633085790458394
0.6336176525808744
0.6341455881893329
0.6346696411439267
0.6351898546501962
0.6357062712710765
0.6362189329389978
0.6367278809677194
0.6372331560631038
0.6377347983352594
0.6382328473086318
0.6387273419328335
0.6392183205934859
0.6397058211217828
0.6401898808050044
0.6406705363963439
0.641147824123964
0.6416217797006581
0.642092438333042
0.6425598347303402
0.6430240031136605
0.6434849772238797
0.6439427903302566
0.6443974752391671
0.6448490643014557
0.64529758942087
0.6457430820615337
0.6461855732553586
0.6466250936099999
0.6470616733152402
0.6474953421514151
0.6479261294946493
0.6483540643251925
0.6487791752336857
0.6492014904272488
0.6496210377361961
0.6500378446203365
0.6504519381753872
0.650863345138467
0.6512720918947832
0.6516782044822687
0.652081708598729
0.6524826296061077
0.6528809925367818
0.6532768220987084
0.6536701426804229
0.6540609783566107
0.6544493528930749
0.6548352897510153
0.6552188120929529
0.655599942786921
0.655978704411121
0.6563551192588134
0.6567292093423037
0.6571009963978655
0.6574705018900112
0.6578377470154418
0.6582027527073557
0.6585655396396839
0.6589261282308996
0.6592845386485181
0.6596407908118556
0.6599949043968127
0.6603468988396223
0.6606967933394686
0.6610446068631228
0.661390358148563
0.6617340657073362
0.6620757478290743
0.6624154225841428
0.6627531078271155
0.6630888212005537
0.6634225801372072
0.6637544018636595
0.6640843034034978
0.6644123015798181
0.6647384130188124
0.6650626541519676
0.6653850412194835
0.6657055902728941
0.6660243171776864
0.6663412376158387
0.6666563670891668
0.6669697209209651
0.6672813142594681
0.6675911620797371
0.6678992791862662
0.6682056802157014
0.6685103796389307
0.6688133917636196
0.6691147307360601
0.6694144105442398
0.6697124450194769
0.6700088478385328
0.6703036325265026
0.6705968124576721
0.6708884008589076
0.6711784108113222
0.6714668552514259
0.671753746974377
0.6720390986351062
0.672322922750683
0.6726052317019151
0.6728860377347646
0.6731653529637311
0.6734431893714939
0.6737195588127425
0.6739944730143753
0.6742679435779689
0.6745399819812612
0.674810599579751
0.6750798076087197
0.6753476171842294
0.6756140393048251
0.6758790848535824
0.6761427645992107
0.6764050891975799
0.6766660691931511
0.6769257150208434
0.6771840370068397
0.6774410453705976
0.6776967502256531
0.6779511615816697
0.6782042893449259
0.6784561433204979
0.6787067332130456
0.6789560686284942
0.6792041590745378
0.6794510139625192
0.6796966426090831
0.6799410542362518
0.680184257973158
0.6804262628574669
0.6806670778363815
0.6809067117674725
0.6811451734201014
0.6813824714764949
0.6816186145327459
0.6818536110998221
0.6820874696051494
0.6823201983923268
0.6825518057240777
0.6827822997813833
0.6830116886657381
0.6832399803997826
0.6834671829277832
0.6836933041170682
0.6839183517593526
0.6841423335704647
0.6843652571925997
0.6845871301940548
0.6848079600710272
0.6850277542478568
0.6852465200782765
0.6854642648460829
0.6856809957657327
0.6858967199838134
0.6861114445793326
0.6863251765644421
0.6865379228854853
0.6867496904239048
0.6869604859966322
0.6871703163570123
0.6873791881957054
0.6875871081411615
0.6877940827604164
0.6880001185598015
0.6882052219858678
0.688409399425597
0.688612657207643
0.6888150016025381
0.6890164388237139
0.6892169750281022
0.6894166163161146
0.6896153687336167
0.689813238271264
0.6900102308655925
0.6902063524000628
0.6904016087048994
0.6905960055584235
0.6907895486870275
0.6909822437659099
0.6911740964200433
0.6913651122243211
0.691555296704075
0.6917446553358646
0.6919331935479069
0.6921209167208823
0.6923078301879555
0.6924939392355544
0.6926792491040311
0.6928637649877006
0.6930474920361139
0.6932304353537863
0.693412600000931
0.6935939909943462
0.6937746133070973
0.6939544718699905
0.6941335715709478
0.694311917256159
0.6944895137478102
0.6946663657515977
0.6948424780608011
0.6950178553231882
0.6951925021879836
0.6953664232592491
0.6955396231023595
0.695712106243802
0.6958838771725239
0.6960549403393588
0.6962253001581141
0.6963949610058628
0.6965639272227141
0.6967322031132326
0.6968997929460073
0.6970667009540856
0.6972329313359394
0.6973984882550853
0.6975633758410565
0.6977275981890338
0.6978911593611106
0.6980540633858568
0.6982163142592446
0.6983779159443092
0.698538872372144
0.698699187441957
0.6988588650213127
0.6990179089465702
0.6991763230233107
0.6993341110260702
0.6994912766995398
0.6996478237582519
0.6998037558869211
0.6999590767410421
0.7001137899470038
0.7002678991022163
0.7004214077757994
0.700574319508166
0.7007266378124947
0.7008783661735596
0.7010295080490605
0.701180066869662
0.7013300460389994
0.7014794489339266
0.7016282789052984
0.7017765392774229
0.7019242333495065
0.7020713643942336
0.7022179356595926
0.7023639503683621
0.7025094117183854
0.7026543228828563
0.7027986870106022
0.7029425072264127
0.7030857866312061
0.7032285283020361
0.7033707352925698
0.7035124106332808
0.7036535573317849
0.7037941783724984
0.7039342767176539
0.7040738553071098
0.7042129170582997
0.7043514648668824
0.7044895016068344
0.7046270301305607
0.7047640532690495
0.7049005738323967
0.7050365946094275
0.7051721183687601
0.7053071478577454
0.7054416858040544
0.7055757349148675
0.7057092978773909
0.7058423773592691
0.705974976008173
0.706107096452681
0.7062387413019691
0.7063699131461072
0.706500614556507
0.7066308480855733
0.7067606162672819
0.7068899216171386
0.7070187666326417
0.7071471537931201
0.7072750855597517
0.7074025643766728
0.7075295926696166
0.7076561728475059
0.707782307301886
0.7079079984069099
0.7080332485202807
0.708158059982587
0.7082824351177065
0.7084063762333142
0.708529885620371
0.7086529655541814
0.7087756182932974
0.7088978460809585
0.7090196511443213
0.7091410356949401
0.7092620019289606
0.7093825520270441
0.7095026881546544
0.709622412462379
0.7097417270854376
0.7098606341444826
0.7099791357455525
0.7100972339798227
0.7102149309242968
0.710332228641411
0.7104491291794651
0.7105656345729378
0.7106817468420866
0.7107974679932287
0.710912800019353
0.71102774489948
0.711142304599396
0.71125648107134
0.7113702762542748
0.7114836920743333
0.711596730444249
0.7117093932639295
0.7118216824207602
0.7119335997888369
0.7120451472304384
0.7121563265945763
0.7122671397184688
0.7123775884266491
0.7124876745316684
0.7125973998340401
0.7127067661222563
0.7128157751728251
0.7129244287506312
0.7130327286087482
0.71314067648884
0.7132482741209474
0.7133555232236225
0.7134624255044888
0.7135689826594426
0.7136751963738482
0.7137810683214922
0.713886600165695
0.7139917935587048
0.7140966501419267
0.7142011715463503
0.7143053593921773
0.7144092152892719
0.7145127408369386
0.7146159376242827
0.7147188072302898
0.7148213512233533
0.7149235711622387
0.7150254685954442
0.7151270450618209
0.7152283020901222
0.7153292411994373
0.7154298638991039
0.7155301716891
0.7156301660598199
0.7157298484917851
0.7158292204568518
0.7159282834169473
0.7160270388251144
0.7161254881251243
0.7162236327517415
0.7163214741307943
0.7164190136789018
0.7165162528040682
0.7166131929054057
0.7167098353733349
0.7168061815896135
0.7169022329272547
0.7169979907509835
0.7170934564169777
0.7171886312729928
0.7172835166584312
0.7173781139044438
0.7174724243341104
0.717566449262153
0.7176601899954379
0.7177536478327254
0.717846824064736
0.7179397199743098
0.7180323368368242
0.718124675919263
0.7182167384814636
0.7183085257753579
0.7184000390452481
0.7184912795279528
0.7185822484529026
0.7186729470419264
0.7187633765097344
0.7188535380634974
0.7189434329031691
0.7190330622216816
0.7191224272045661
0.7192115290305175
0.7193003688709632
0.7193889478905914
0.719477267246849
0.7195653280905749
0.7196531315655971
0.7197406788090861
0.7198279709513609
0.7199150091162716
0.7200017944207491
0.7200883279754053
0.7201746108841257
0.7202606442444078
0.7203464291473326
0.7204319666776328
0.7205172579134571
0.7206023039269648
0.7206871057838414
0.7207716645436136
0.7208559812598115
0.7209400569797282
0.7210238927444803
0.7211074895892896
0.7211908485434485
0.7212739706301863
0.7213568568668345
0.7214395082650314
0.7215219258304113
0.7216041105630717
0.721686063456988
0.7217677855008263
0.7218492776775387
0.7219305409643513
0.7220115763330172
0.722092384749694
0.722172967174987
0.7222533245644269
0.7223334578676204
0.722413368029178
0.7224930559882864
0.7225725226786016
0.7226517690289292
0.7227307959627046
0.722809604397888
0.7228881952476379
0.7229665694199918
0.7230447278177835
0.7231226713387702
0.7232004008757585
0.7232779173167588
0.7233552215444812
0.7234323144371709
0.7235091968678956
0.7235858697048748
0.7236623338118177
0.723738590047402
0.7238146392656477
0.7238904823159007
0.7239661200428716
0.7240415532865587
0.7241167828822872
0.7241918096611084
0.7242666344491494
0.7243412580684173
0.7244156813360844
0.7244899050650584
0.7245639300639197
0.724637757136536
0.7247113870827911
0.724784820698107
0.7248580587734835
0.7249311020957289
0.7250039514474731
0.7250766076070829
0.7251490713487951
0.7252213434425553
0.7252934246543783
0.725365315745944
0.7254370174751325
0.7255085305955002
0.7255798558568951
0.7256509940047619
0.725721945781074
0.7257927119234124
0.7258632931658007
0.7259336902380494
0.72600390386639
0.726073934773215
0.7261437836768736
0.726213451292012
0.7262829383296913
0.726352245497101
0.7264213734977096
0.7264903230314047
0.7265590947941456
0.7266276894786402
0.726696107773772
0.7267643503646578
0.7268324179333441
0.7269003111578369
0.7269680307128117
0.7270355772696198
0.7271029514957569
0.7271701540556829
0.7272371856100766
0.7273040468164622
0.727370738328857
0.7274372607979668
0.7275036148710169
0.72756980119216
0.7276358204021017
0.7277016731382541
0.727767360034714
0.727832881722595
0.7278982388295098
0.7279634319801037
0.7280284617956602
0.7280933288944288
0.7281580338914088
0.7282225773987517
0.7282869600251449
0.7283511823764417
0.7284152450554584
0.7284791486619022
0.7285428937923213
0.7286064810405615
0.7286699109972229
0.7287331842501739
0.7287963013842256
0.7288592629811673
0.728922069620054
0.7289847218769233
0.7290472203251394
0.7291095655349031
0.7291717580739813
0.7292337985069919
0.7292956873958147
0.7293574252996888
0.7294190127751109
0.7294804503754307
0.72954173865188
0.7296028781524708
0.7296638694228202
0.7297247130057795
0.7297854094414679
0.729845959267407
0.7299063630184278
0.7299666212270002
0.7300267344227007
0.730086703132556
0.7301465278812862
0.7302062091907707
0.7302657475804586
0.7303251435672625
0.7303843976657174
0.7304435103877284
0.7305024822427614
0.7305613137378173
0.7306200053774712
0.7306785576638675
0.7307369710966793
0.7307952461732723
0.7308533833886681
0.7309113832353439
0.73096924620345
0.7310269727810481
0.7310845634535492
0.7311420187041464
0.7311993390138598
0.7312565248613329
0.7313135767228756
0.7313704950725177
0.7314272803823478
0.7314839331218435
0.7315404537583106
0.7315968427572297
0.7316531005813321
0.7317092276916339
0.7317652245466408
0.7318210916029535
0.7318768293149631
0.7319324381349029
0.7319879185127536
0.7320432708966281
0.7320984957324304
0.7321535934639932
0.7322085645329997
0.7322634093793307
0.7323181284405915
0.73237272215243
0.7324271909484011
0.7324815352601478
0.7325357555172182
0.7325898521474236
0.7326438255762008
0.7326976762273513
0.7327514045225876
0.7328050108818079
0.7328584957227291
0.7329118594613335
0.7329651025117192
0.7330182252860614
0.7330712281946125
0.7331241116456584
0.7331768760459474
0.733229521799911
0.7332820493104643
0.7333344589787653
0.7333867512038299
0.7334389263831363
0.7334909849121398
0.7335429271846998
0.7335947535927856
0.7336464645266102
0.7336980603747225
0.7337495415238531
0.7338009083589895
0.7338521612632161
0.7339033006182155
0.7339543268038223
0.7340052401981007
0.7340560411775144
0.7341067301168447
0.7341573073889988
0.7342077733655669
0.7342581284162769
0.7343083729091907
0.7343585072107944
0.7344085316859766
0.7344584466979468
0.7345082526082933
0.7345579497772033
0.7346075385628885
0.7346570193223065
0.7347063924106673
0.7347556581818403
0.7348048169878869
0.7348538691794475
0.7349028151055521
0.7349516551136879
0.7350003895500238
0.7350490187590696
0.7350975430836615
0.7351459628654735
0.735194278444403
0.7352424901590939
0.7352905983464523
0.735338603342272
0.7353865054806218
0.7354343050941685
0.7354820025141201
0.7355295980704378
0.735577092091397
0.7356244849040489
0.7356717768338452
0.7357189682051052
0.735766059340525
0.7358130505615177
0.7358599421879992
0.7359067345387168
0.7359534279309196
0.7360000226805002
0.7360465191019138
0.7360929175085611
0.7361392182121788
0.7361854215234652
0.7362315277515236
0.7362775372043517
0.7363234501884633
0.7363692670092619
0.7364149879707836
0.736460613375598
0.7365061435253859
0.7365515787201231
0.7365969192587327
0.7366421654390316
0.7366873175573534
0.736732375908679
0.736777340787111
0.7368222124853254
0.7368669912945862
0.7369116775053282
0.7369562714064917
0.7370007732858874
0.7370451834300799
0.737089502124543
0.7371337296535012
0.7371778662998962
0.7372219123457312
0.737265868071598
0.7373097337570802
0.73735350968057
0.7373971961192383
0.73744079334916
0.7374843016452585
0.7375277212814253
0.7375710525301852
0.7376142956631357
0.7376574509507677
0.7377005186624441
0.7377434990662224
0.7377863924292823
0.7378291990177525
0.7378719190964093
0.7379145529291213
0.7379571007788129
0.7379995629070135
0.7380419395743805
0.738084231040649
0.7381264375640736
0.7381685594024263
0.7382105968118665
0.7382525500478676
0.7382944193649205
0.7383362050161003
0.7383779072538372
0.7384195263294085
0.7384610624931166
0.7385025159941819
0.7385438870807731
0.7385851760002786
0.7386263829988683
0.7386675083219151
0.7387085522136181
0.7387495149173096
0.7387903966753424
0.738831197729127
0.7388719183189723
0.738912558684472
0.7389531190640006
0.7389935996951702
0.7390340008146324
0.7390743226578828
0.7391145654597744
0.7391547294541282
0.7391948148737199
0.739234821950629
0.7392747509157404
0.7393146019992607
0.739354375430394
0.7393940714374477
0.7394336902478776
0.7394732320882191
0.7395126971839627
0.73955208575999
0.7395913980400657
0.739630634247267
0.7396697946036634
0.7397088793304359
0.739747888648178
0.7397868227762118
0.7398256819332562
0.7398644663370761
0.7399031762047746
0.7399418117524592
0.7399803731952852
0.7400188607478008
0.7400572746236709
0.7400956150355401
0.7401338821954832
0.740172076314748
0.7402101976034673