error as a function of alpha_bar(2,4,6,8 *10^(-5)), w(0.005,1,0.005), sigma(-3), eta=10^(-5)
0.02368051493444172	0.023734634723676436	0.023752573757743003	0.023761533095067473
0.023678688490093167	0.02373439104451759	0.023752496650521322	0.023761498475761395
0.023675591799463064	0.023733983106011318	0.02375236787778173	0.023761440709598916
0.02367114404181049	0.023733408181517528	0.02375218704737826	0.023761359695446894
0.0236652282019024	0.02373266241997386	0.023751953608087302	0.02376125529138294
0.02365768702648239	0.023731740811742816	0.023751666847394572	0.02376112731438023
0.02364831756287996	0.02373063714411764	0.02375132588861146	0.02376097553987613
0.023636864077156896	0.023729343945867492	0.02375092968734259	0.0237607997012576
0.023623009072395052	0.02372785242089069	0.02375047702725609	0.02376059948923806
0.02360636208002602	0.023726152369196344	0.023749966515168097	0.023760374551150067
0.023586445797537568	0.023724232095580878	0.02374939657541527	0.02376012449011789
0.02356267906618176	0.023722078304457387	0.023748765443191086	0.023759848864145013
0.023534356079324373	0.023719675978744307	0.0237480711580132	0.02375954718508365
0.023500621085786762	0.02371700824623334	0.02374731155501896	0.023759218917510615
0.023460437742482444	0.023714056223477515	0.02374648425650296	0.023758863477491836
0.023412552144868697	0.023710798844778135	0.023745586662109557	0.023758480230905
0.0233554484215335	0.023707212668932286	0.023744615938178025	0.02375806849282537
0.02328729572980138	0.023703271662196213	0.023743569006141878	0.023757627524917516
0.02320588543048718	0.02369894696095395	0.023742442529035398	0.02375715653425625
0.023108557328025827	0.023694206600468937	0.023741232899835683	0.023756654671352743
0.02299211414746596	0.023689015219129493	0.023739936224058414	0.023756121028158095
0.022852724033940487	0.023683333727641313	0.02373854830491755	0.023755554635931753
0.022685811977182824	0.023677118941463553	0.02373706462555785	0.02375495446296273
0.022485942936498967	0.023670323176585715	0.023735480330195496	0.023754319412155934
0.02224670240675919	0.023662893796806573	0.023733790203796415	0.023753648317780384
0.02196058465047556	0.023654772716617846	0.023731988649576586	0.023752939944624234
0.021618905298401086	0.02364589584950874	0.023730069667057464	0.023752192982733095
0.02121176393686519	0.02363619249829301	0.023728026824769058	0.023751406045601497
0.020728093839624102	0.02362558467928967	0.023725853234062694	0.023750577666579217
0.02015584973827535	0.023613986382837734	0.02372354151960558	0.023749706295368222
0.019482398769842545	0.023601302746181402	0.023721083787943967	0.02374879029430724
0.018695190743158365	0.02358742915003815	0.02371847159376586	0.023747827934441933
0.01778278493405357	0.0235722502188828	0.023715695903736584	0.02374681739137423
0.016736291803016543	0.023555638720444808	0.023712747056985867	0.02374575674087595
0.015551237240443687	0.023537454354672357	0.023709614725414562	0.023744643953421577
0.014229764299807782	0.02351754242230524	0.023706287866754775	0.023743476891772322
0.012782952818159755	0.023495732362826025	0.02370275467804213	0.023742253302683935
0.01123288156249504	0.023471836150981362	0.02369900254408034	0.02374097081319403
0.009613929377021515	0.023445646540840862	0.023695017982564442	0.023739626924448795
0.00797278320567168	0.023416935146082587	0.023690786585277263	0.02373821900559096
0.006366760115154205	0.023385450345351198	0.02368629295516242	0.02373674428731993
0.0048603767647808	0.023350915001816682	0.023681520638948145	0.02373519985508567
0.003520543591457927	0.02331302398680212	0.023676452053542935	0.023733582641931008
0.0024111673608531153	0.023271441498680552	0.023671068413024375	0.023731889420928427
0.0015881407730597443	0.023225798170184112	0.023665349640907978	0.023730116797233285
0.0010955875651958308	0.023175687959972692	0.023659274284580856	0.023728261198506833
0.0009638630374728248	0.02312066482826539	0.023652819420130134	0.023726318869686954
0.0012093426740831057	0.023060239201355415	0.023645960551184633	0.023724285859087375
0.0018356443495435967	0.022993874237052028	0.023638671500807434	0.023722158011186104
0.0028357379633825934	0.02292098191107076	0.023630924295898643	0.023719930955663184
0.004194417419517637	0.022840918956868895	0.02362268904370847	0.023717600096477578
0.005890762521603652	0.022752982704005338	0.02361393379989472	0.023715160600343545
0.007900375197220741	0.02265640687901612	0.023604624427612214	0.02371260738460716
0.01019726304868908	0.022550357453451856	0.023594724447089935	0.02370993510446271
0.01275528832193741	0.0224339286500467	0.023584194875123126	0.023707138139506846
0.015549154723403723	0.022306139249084898	0.023572994053805352	0.0237042105795786
0.018554974978943983	0.022165929374186183	0.023561077467977882	0.023701146208604237
0.02175051747368874	0.022012157978947483	0.023548397550605196	0.02369793849271616
0.02511524752285861	0.02184360131028813	0.023534903475571252	0.02369458055885328
0.028630261826059884	0.02165895266748967	0.023520540937000574	0.023691065180133083
0.032278182363954584	0.021456823854526578	0.023505251914575007	0.023687384756874763
0.03604304521783505	0.021235748774051325	0.02348897442402755	0.023683531297288254
0.03991019835261559	0.020994189686215605	0.023471642252069623	0.023679496397129
0.043866210716955366	0.020730546718937103	0.023453184675153685	0.023675271218303342
0.0478987903815822	0.02044317127495236	0.023433526161148837	0.02367084646635243
0.05199670858900584	0.020130384025382034	0.0234125860534936	0.02366621236673816
0.05614972737916793	0.01979049820111792	0.023390278236891625	0.023661358639924843
0.0603485295478316	0.019421848880392577	0.023366510784179735	0.02365627447513983
0.06458465058313176	0.01902282890902367	0.023341185583628122	0.023650948502789017
0.06885041275764708	0.01859193196773984	0.023314197946349407	0.02364536876544075
0.07313886181874851	0.018127803095682463	0.02328543619331768	0.023639522687314837
0.07744370671398772	0.01762929668906589	0.02325478122191902	0.023633397042201146
0.081759262765514	0.017095541591400074	0.02322210605189772	0.023626977919748986
0.086080398527654	0.01652601238935153	0.02318727535084967	0.023620250690023173
0.09040248647127858	0.015920605421431644	0.02315014493964923	0.02361319996626186
0.09472135749033886	0.01527971731672152	0.023110561278665707	0.023605809565769482
0.0990332591540921	0.014604323152142483	0.023068360935610516	0.02359806246882102
0.1033348175400054	0.013896050598921789	0.02302337003661992	0.02358994077551667
0.10762300245988224	0.01315724579928578	0.022975403702578997	0.023581425660502114
0.1118950958273482	0.012391026272711561	0.02292426547325054	0.02357249732542737
0.11614866296372846	0.011601315980036948	0.022869746722295647	0.0235631349490868
0.12038152656248265	0.010792857883228493	0.022811626067469892	0.023553316635111895
0.12459174310686927	0.009971199982422607	0.02274966878055489	0.02354301935713938
0.12877758149969226	0.0091426519329989	0.02268362620337096	0.023532218901348184
0.13293750371227506	0.008314210906263273	0.0226132351765089	0.023520889806242767
0.13707014724389024	0.007493457272019586	0.02253821748947009	0.02350900529960721
0.14117430922598578	0.00668842279551419	0.022458279361581176	0.02349653723251415
0.1452489320076869	0.005907436133516754	0.022373110968256792	0.02348345601029695
0.14929309007304903	0.0051589522653100435	0.022282386018409494	0.02346973052033373
0.15330597816568178	0.004451373861362355	0.022185761407694977	0.023455328056635756
0.15728690049154515	0.003792873314618232	0.022082876958684192	0.023440214241053435
0.16123526091367357	0.003191224118075983	0.021973355270250967	0.02342435294102778
0.16515055401509826	0.0026536494888871674	0.021856801698349658	0.023407706183872626
0.16903235697406743	0.002186694697811916	0.021732804492841568	0.023390234067357418
0.17288032215022636	0.0017961276591914475	0.021600935118772036	0.023371894666692233
0.17669417033498203	0.001486870191223791	0.021460748794158106	0.02335264393766909
0.1804736845826944	0.0012629602144210647	0.021311785272149452	0.023332435616079766
0.18421870458687684	0.0011275432223860392	0.021153569914364456	0.02331122111324667
0.18792912153938615	0.0010828897990065433	0.02098561508392349	0.023288949407676934
0.19160487343254737	0.0011304348715811012	0.020807421906340638	0.023265566932860172
0.19524594076260599	0.001270833829469183	0.020618482438614846	0.023241017461207773
0.1988523425989309	0.0015040305922528	0.02041828229249111	0.023215241984203827
0.20242413298871303	0.001829333108177829	0.02020630375602588	0.023188178588782665
0.20596139766219332	0.002245492464554678	0.0199820294583726	0.023159762330076935
0.20946425101376623	0.002750782630068384	0.019744946619945858	0.0231299251007432
0.21293283334311222	0.0033430786295619262	0.019494551926968254	0.023098595496974485
0.21636730831686507	0.004019931567020348	0.01923035705785486	0.02306569868135149
0.2197678606483419	0.004778639305573614	0.018951894923863156	0.023031156243198524
0.22313469397085675	0.00561631182811242	0.01865872653123732	0.022994886056264104
0.22646802887693795	0.006529930436663913	0.018350448645678908	0.022956802134650116
0.2297681011400366	0.007516400085243692	0.018026702066957615	0.02291681448715915
0.23303516006172478	0.008572594349160726	0.017687180588130774	0.022874828970880952
0.23626946696709933	0.009695392822074192	0.017331640548724044	0.022830747144520123
0.2394712938252297	0.010881711061305088	0.016959910905654282	0.022784466122542736
0.24264092198208886	0.012128523531318956	0.016571903715544303	0.0227358784306153
0.2457786409942513	0.013432880266620158	0.01616762489015284	0.022684871863393467
0.24888474756535847	0.014791918153819611	0.01574718505631697	0.022631329348792383
0.25195954456850406	0.016202867821920222	0.015310810319945968	0.02257512881210108
0.2550033401465711	0.01766305711152536	0.014858852706116157	0.0225161430517224
0.25801644689965564	0.019169912018623926	0.01439180001496526	0.022454239621146753
0.2609991811245066	0.020720955879006735	0.01391028481679703	0.02238928072143009
0.2639518621290892	0.022313807413930003	0.01341509230444455	0.022321123106332174
0.26687481160057325	0.02394617811113713	0.012907166572251683	0.022249618002122648
0.26976835303339697	0.0256158692860276	0.012387615400476828	0.022174611044612734
0.2726328111970177	0.027320769045361338	0.011857712616638068	0.022095942236567065
0.27546851165730457	0.02905884929955885	0.011318898408583909	0.02201344592695241
0.2782757803316936	0.030828162895401825	0.01077277698246488	0.021926950826363374
0.2810549430991808	0.032626840903691105	0.010221111522056094	0.021836280026174673
0.2838063254228859	0.03445309005681404	0.009665816327080535	0.021741251093407472
0.28653025202550036	0.036305190323931084	0.00910894610202439	0.02164167616626147
0.28922704658471476	0.03818149260261513	0.008552682451541341	0.021537362113859513
0.29189703145824	0.040080416497028364	0.007999317729976571	0.02142811073764398
0.2945405274385564	0.04200044816391734	0.007451236479783581	0.021313719027470646
0.29715785352291074	0.04394013820569816	0.006910894783082442	0.02119397947621893
0.29974932671683824	0.04589809959782802	0.006380797925065305	0.02106868045913879
0.30231526184391366	0.047873005638490645	0.0058634768360690485	0.020937606683925254
0.3048559713916647	0.049863587917868685	0.005361463824104561	0.02080053971737395
0.3073717653549053	0.051868634298965106	0.004877268141225582	0.02065725859521194
0.30986295110930195	0.0538869869207733	0.004413351929760635	0.02050754052129689
0.3123298332951787	0.05591754021528809	0.0039721070840313	0.020351161662243024
0.3147727137141801	0.05795923895046335	0.003555833523805912	0.020187898044084482
0.3171918912340386	0.06001107629375457	0.0031667193214507732	0.020017526557188865
0.3195876617165199	0.062072091915742166	0.0028068230542896916	0.019839826073607916
0.3219603179421965	0.06414137012083414	0.0024780586721011794	0.01965457868397586
0.3243101495557394	0.06621803802730539	0.002182183079356123	0.019461571056839076
0.3266374430112451	0.06830126378373023	0.0019207865408981915	0.019260595924312177
0.3289424815335223	0.07039025483619857	0.0016952859313153878	0.01905145369753421
0.3312255450798347	0.07248425624922616	0.0015069207635082806	0.01883395421142244
0.33348691031465527	0.07458254907377332	0.001356751859327684	0.018607918599594358
0.33572685058745866	0.07668444877414268	0.001245662462206073	0.018373181297516167
0.3379456359164304	0.07878930370822926	0.0011743615435050824	0.018129592168949674
0.3401435329773147	0.08089649366142233	0.0011433890197604052	0.017877018749547422
0.34232080509953733	0.08300542844456656	0.0011531225795631036	0.017615348600116387
0.34447771226315593	0.08511554653710979	0.0012037858136403849	0.017344491755392284
0.34661451110198993	0.08722631379299658	0.0012954573508233466	0.017064383256678934
0.34873145491124174	0.0893372221977816	0.0014280807226056864	0.016774985748160644
0.3508287936571478	0.09144778868251356	0.0016014747086040906	0.016476292118430394
0.3529067739892887	0.09355755398219016	0.001815343947084321	0.016168328161055723
0.35496563925555336	0.0956660815514183	0.0020692896326067536	0.015851155228088915
0.3570056295237633	0.09777295652661	0.00236282015546155	0.01552487284516909
0.3590269815996754	0.09987778473525918	0.0026953615644594647	0.015189621254441248
0.36102992904867026	0.1019801917490661	0.003066267762695168	0.014845583849424655
0.363014702224892	0.10407982198295997	0.0034748303564421396	0.01449298946191557
0.36498152829244923	0.10617633783389754	0.0039202880939580975	0.014132114461064917
0.36693063125506803	0.10826941886462907	0.004401835834043756	0.013763284620596365
0.36886223198868834	0.1103587610176851	0.004918632990539355	0.01338687671479849
0.37077654826471196	0.11244407587203072	0.005469811404515014	0.01300331979635282
0.37267379478863133	0.11452508993509386	0.0060544826019069235	0.012613096118574437
0.3745541832270553	0.11660154396450707	0.006671744400007478	0.01221674166028292
0.37641792224509346	0.11867319232354319	0.007320686842420125	0.01181484621840863
0.37826521753498005	0.12073980236849677	0.008000397449640954	0.011408053037467902
0.3800962718552011	0.1228011538611738	0.008709965789036182	0.010997057947969463
0.3819112850647572	0.12485703841078051	0.009448487381041603	0.01058260799566038
0.3837104541564178	0.1269072589471011	0.010215066974664379	0.010165499548546788
0.3854939732925352	0.12895162920511524	0.011008821230168005	0.00974657587740035
0.38726203384403457	0.1309899732486705	0.011828880859048634	0.009326724215827144
0.3890148244224606	0.13302212500837754	0.012674392284460654	0.008906872312155022
0.3907525309212512	0.13504792783830624	0.013544518872850079	0.00848798449820646
0.3924753365461779	0.1370672341017832	0.01443844180326709	0.0080710573077738
0.39418342185699107	0.13907990476774046	0.015355360629597544	0.007657114687498182
0.39587696479982337	0.14108580902990236	0.016294493593276536	0.007247202850048083
0.3975561407476259	0.14308482394567532	0.017255077735147072	0.0068423848288328756
0.39922112253360925	0.14507683408506805	0.018236368850044378	0.006443734800874978
0.4008720804861206	0.14706173119891408	0.01923764132423131	0.006052332245312732
0.40250918246973705	0.1490394139029385	0.020258187889530967	0.005669256014160814
0.40413259391497885	0.15100978737800344	0.02129731931655519	0.00529557839043968
0.4057424778588744	0.15297276307639826	0.022354364071523018	0.004932359209787411
0.40733899497614423	0.1549282584468069	0.02342866795131625	0.004580640120896674
0.40892230361848525	0.15687619667378533	0.024519593712093456	0.004241439056271357
0.41049255984472793	0.1588165064228228	0.025626520695682654	0.003915744979567046
0.41204991745887787	0.16074912159811955	0.026748844463662998	0.0036045129717204695
0.4135945280433768	0.1626739811158715	0.02788597644036534	0.0033086597071150373
0.4151265409913816	0.1645910286802262	0.0290373435674968	0.003029059366020104
0.4166461035415829	0.16650021257498057	0.030202387972899605	0.0027665400184694855
0.41815336081112797	0.16840148546355263	0.031380566649422716	0.0025218805060383607
0.41964845582785637	0.17029480419083537	0.03257135114760493	0.002295807838313153
0.4211315295643457	0.17218012960342505	0.033774227274258835	0.002088995110647369
0.42260272096638435	0.17405742637167287	0.03498869480447018	0.0019020599421445481
0.4240621669873749	0.17592666282055677	0.0362142672000496	0.0017355634226863363
0.42551000261924904	0.1777878107678426	0.03745047132959372	0.0015900095512705922