error as a function of alpha_bar(2*10^(-5)), w(0,1,0.001), sigma(-3), eta=10^(-5)
0.780542393662
0.023681094446613926
0.023681022138284383
0.023680901541464405
0.02368073253169158
0.02368051493444172
0.02368024852493975
0.023679933027818224
0.023679568116770227
0.023679153414069395
0.023678688490093167
0.02367817286269568
0.02367760599658201
0.023676987302541322
0.02367631613666947
0.023675591799463064
0.023674813534871917
0.023673980529255248
0.02367309191028219
0.023672146745714877
0.02367114404181049
0.023670082742928707
0.023668961728883622
0.023667779814064697
0.023666535745657937
0.0236652282019024
0.023663855790276595
0.023662417045539605
0.02366091042773885
0.023659334320033518
0.02365768702648244
0.023655966769105842
0.02365417168717594
0.02365229983238991
0.023650349167444226
0.023648317562880952
0.023646202794120566
0.02364400253832793
0.023641714371161065
0.023639335763349825
0.023636864077156896
0.023634296562636957
0.02363163035379302
0.02362886246397152
0.023625989783359683
0.023623009072395052
0.023619916958468858
0.02361670993082248
0.0236133843356017
0.02360993637062773
0.02360636208002602
0.02360265734856387
0.023598817895811672
0.023594839270027985
0.02359071684182297
0.023586445797537568
0.02358202113240611
0.023577437642499324
0.023572689920190317
0.023567772342684618
0.02356267906618176
0.02355740401701039
0.023551940882973015
0.02354628310428344
0.023540423864208897
0.023534356079324373
0.023528072389384105
0.023521565146820023
0.02351482640583049
0.023507847911044547
0.023500621085786762
0.023493137018781755
0.0234853864550471
0.02347735977813481
0.023469046999253132
0.023460437742482416
0.02345152123016987
0.02344228626770748
0.023432721227824558
0.023422814034246526
0.023412552144868697
0.023401922534215254
0.02339091167539063
0.023379505521326484
0.023367689485434003
0.0233554484215335
0.02334276660322153
0.023329627702388424
0.02331601476718177
0.023301910199171456
0.023287295729801354
0.02327215239610744
0.023256460515655
0.02324019966076322
0.023223348631932084
0.02320588543048718
0.02318778723044079
0.023169030349574116
0.023149590219832417
0.02312944135667607
0.023108557328025827
0.023086910722104597
0.023064473114744077
0.02304121503583394
0.023017105935176092
0.02299211414746596
0.022966206856836858
0.022939350060605653
0.022911508532534656
0.022882645785527216
0.022852724033940487
0.022821704155310915
0.022789545652094262
0.02275620661274492
0.02272164367304538
0.022685811977182824
0.022648665139067017
0.022610155203751554
0.022570232609338124
0.02252884614947071
0.022485942936504758
0.022441468365579784
0.022395366080133063
0.022347577938437408
0.022298043982150812
0.02224670240675919
0.02219348953423566
0.022138339788552404
0.022081185673842412
0.022021957756452985
0.02196058465047556
0.02189699300791979
0.021831107513293573
0.021762850883978616
0.02169214387637038
0.021618905298401086
0.021543052029626284
0.021464499048541648
0.021383159469526184
0.0212989445880922
0.02121176393686519
0.02112152535253232
0.02102813505471228
0.02093149773749219
0.020831516674692536
0.02072809383964984
0.020621130042842908
0.020510525082150805
0.02039617791462848
0.02027798684570383
0.02015584973827535
0.020029664243368786
0.019899328052163153
0.01976473917227413
0.01962579622352552
0.019482398769842545
0.01933444766207091
0.01918184541857936
0.019024496628706207
0.01886230838379434
0.018695190743158365
0.018523057210217575
0.018345825264965913
0.018163416900258352
0.017975759198664714
0.01778278493405357
0.017584433198942966
0.01738065005838304
0.017171389226458403
0.016956612765233935
0.016736291803016543
0.016510407269662804
0.016278950644567077
0.016041924716447723
0.015799344347596653
0.015551237240443687
0.015297644701254194
0.015038622394903639
0.014774241085010053
0.014504587354808106
0.014229764299807802
0.0139498921880453
0.013665109078583641
0.013375571392773672
0.013081454429514316
0.012782952818159755
0.012480280900217832
0.012173673034691532
0.011863383816855377
0.011549688207558957
0.01123288156249504
0.010913279559365321
0.010591218014983349
0.010267052590812363
0.00994115837996571
0.009613929377021515
0.009285777825800793
0.008957133448409784
0.008628442552965068
0.008300167025033188
0.00797278320567168
0.007646780660102849
0.007322660844481131
0.0070009356776375336
0.006682126026392337
0.006366760115154205
0.0060553718689908154
0.00574849920404731
0.00544668227656443
0.005150461702589195
0.0048603767647808
0.004576963617409804
0.004300753504400353
0.004032271004338959
0.0037720323149995983
0.003520543591457927
0.0032782993479930317
0.0030457809374677606
0.002823455116531791
0.0026117727069286025
0.0024111673608531153
0.002222054436622944
0.0020448299905560007
0.001879869889358436
0.001727529044776302
0.0015881407730597443
0.0014620162784295928
0.001349444259864489
0.001250690638539632
0.001165998402664321
0.0010955875651958308
0.001039655229047381
0.0009983757539126464
0.0009719010175467692
0.0009603607650238002
0.0009638630374728248
0.0009824946732489303
0.0010163218728210246
0.0010653908204914305
0.0011297283537996979
0.0012093426740831025
0.0013042240902394675
0.0014143457900538936
0.0015396646302160933
0.0016801219427692302
0.0018356443495435967
0.0020061445812060443
0.002191522297016343
0.0023916649010592675
0.0026064483518410298
0.0028357379633825934
0.003079389192998189
0.003337248416726222
0.003609153688986104
0.0038949354840214986
0.004194417419517637
0.004507416958797062
0.004833746092476664
0.00517321199658676
0.005525617665662081
0.005890762521603652
0.0062684429950081045
0.006658453079502216
0.007060584856211658
0.007474628990720624
0.007900375197220741
0.008337612675481481
0.008786130514089465
0.009245718064450537
0.009716165283949679
0.01019726304868908
0.010688803436281705
0.011190579981322377
0.011702387900784188
0.012224024294810737
0.01275528832193741
0.013295981348498681
0.013845907078892274
0.014404871662233757
0.014972683781175984
0.015549154723403723
0.016134098436417787
0.016727331568342153
0.017328673495839567
0.017937946341181805
0.018554974978943983
0.019179587033381962
0.01981161286961499
0.02045088557855612
0.021097240955203753
0.02175051747368871
0.02241055625904982
0.023077201054909707
0.02375029819180266
0.024429696549350715
0.02511524752285861
0.02580680498485641
0.02650422524917541
0.027207367032510144
0.02791609141979217
0.028630261826059884
0.029349743961106133
0.030074405794455472
0.03080411752173052
0.031538751529148014
0.032278182363954584
0.03302228669764945
0.03377094330054378
0.03452403300669317
0.03528143868654706
0.03604304521783505
0.03680873945735749
0.03757841021219398
0.03835194821459568
0.03912924609408433
0.03991019835261559
0.04069470133702148
0.041482653217214706
0.04227395395776565
0.04306850529609978
0.043866210716955366
0.044666975428856025
0.04547070634118664
0.046277312039766934
0.04708670276283905
0.0478987903815822
0.04871348837196021
0.049530711796637275
0.050350377278968586
0.05117240298327373
0.05199670858900584
0.05282321527319578
0.0536518456824406
0.05448252391710427
0.055315175504366626
0.05614972737916793
0.05698610786109422
0.05782424663485223
0.05866407472572424
0.05950552448095645
0.0603485295478316
0.061193024852846
0.062038946580575106
0.0628862321528656
0.06373482020811025
0.06458465058313176
0.0654356642892776
0.06628780349676847
0.06714101151171109
0.06799523275821191
0.06885041275764708
0.06970649811253657
0.07056343648295413
0.07142117657274794
0.07227966810694894
0.07313886181874844
0.0739987094247754
0.07485916361240529
0.07572017802121687
0.07658170722469126
0.07744370671398772
0.07830613288095249
0.0791689430011672
0.08003209521876972
0.08089554852975904
0.081759262765514
0.08262319857858147
0.08348731742765544
0.08435158155930542
0.08521595399814547
0.086080398527654
0.08694487967911868
0.08780936271626585
0.08867381362019713
0.08953819907843126
0.09040248647127858
0.09126664385497323
0.0921306399530222
0.09299444414104846
0.09385802643880402
0.09472135749033886
0.09558440855716253
0.09644715150686493
0.09730955880031977
0.09817160347823743
0.0990332591540921
0.09989449999963783
0.10075530073773087
0.10161563662847521
0.10247548346034448
0.1033348175400054
0.10419361568475378
0.10505185520721537
0.10590951390945022
0.10676657007555022
0.10762300245988224
0.10847879027604238
0.10933391319159966
0.11018835131918937
0.11104208520672512
0.1118950958273482
0.11274736457718648
0.11359887325948716
0.11444960408422715
0.11529953965535056
0.11614866296372846
0.11699695738395902
0.11784440666187716
0.11869099491169892
0.11953670660325802
0.12038152656248265
0.12122543996236097
0.12206843230996474
0.12291048944981234
0.12375159755213937
0.12459174310686927
0.1254309129186403
0.12626909410027498
0.12710627406755826
0.12794244053205553
0.12877758149969226
0.1296116852589306
0.130444740380147
0.13127673570824644
0.13210766035883623
0.13293750371227506
0.13376625540796902
0.13459390534086468
0.1354204436576797
0.136245860746977
0.13707014724389024
0.1378932940131598
0.13871529215734568
0.13953613300268222
0.14035580810244985
0.14117430922598578
0.14199162835883813
0.14280775769842
0.1436226896483321
0.1444364168157506
0.1452489320076869
0.1460602282261432
0.14687029874780078
0.147679136685666
0.1484867359317699
0.14929309007304903
0.15009819306604977
0.15090203901357363
0.15170462218919575
0.1525059370370422
0.15330597816568178
0.1541047403443528
0.15490221850342978
0.1556984077297301
0.15649330326290312
0.15728690049154515
0.15807919495455436
0.15887018233341724
0.15965985845415595
0.16044821927975686
0.16123526091367357
0.1620209795902848
0.1628053716784751
0.1635884336739603
0.16437016220365977
0.16515055401509826
0.16592960598097786
0.16670731509171133
0.1674836784588998
0.16825869330596918
0.16903235697406743
0.1698046669106952
0.1705756206781725
0.17134521594125693
0.17211345047373103
0.17288032215022636
0.17364582894806305
0.17440996894392663
0.1751727403117598
0.17593414131987548
0.17669417033498186
0.17745282581062652
0.1782101062941701
0.17896601042152624
0.17972053691505552
0.1804736845826944
0.181225452314676
0.1819758390876643
0.18272484395533048
0.18347246605070403
0.18421870458687684
0.1849635588509512
0.185707028207233
0.1864491120898492
0.18718981000737123
0.18792912153938615
0.18866704633328524
0.18940358410490532
0.1901387346356102
0.19087249777496185
0.19160487343254737
0.1923358615858855
0.1930654622690794
0.19379367557858573
0.19452050167226018
0.19524594076260599
0.19596999312247235
0.19669265907618408
0.19741393900819568
0.19813383335352022
0.1988523425989309
0.19956946728618155
0.2002852080040331
0.20099956539344738
0.20171254014275733
0.20242413298871303
0.20313434471470787
0.20384317614945166
0.20455062816590475
0.20525670168316937
0.20596139766219332
0.20666471710484757
0.20736666105655374
0.20806723060222418
0.20876642686713365
0.20946425101376623
0.21016070424569736
0.21085578780056446
0.21154950295515257
0.21224185102068607
0.21293283334311222
0.21362245130464663
0.21431070631881702
0.21499759983442643
0.21568313332931593
0.21636730831686507
0.21705012633770512
0.21773158896528214
0.2184116978006658
0.21909045447521067
0.2197678606483419
0.22044391800702215
0.221118628265368
0.221791993163004
0.22246401446787661
0.22313469397085675
0.22380403348783492
0.22447203486159809
0.2251386999553519
0.22580403065721785
0.22646802887693795
0.22713069654785598
0.22779203562563083
0.22845204808220393
0.2291107359150838
0.2297681011400366
0.2304241457941364
0.23107887192974327
0.23173228162195283
0.23238437696262246
0.23303516006172478
0.23368463304568388
0.234332798059292
0.23497965726296083
0.23562521283480672
0.23626946696709933
0.23691242186645814
0.23755407975761267
0.23819444287716543
0.2388335134777016
0.2394712938252297
0.24010778619841253
0.24074299288884463
0.24137691620285612
0.24200955845734531
0.24264092198208886
0.24327100911756705
0.2438998222185845
0.24452736364633867
0.24515363577640104
0.24577864099350852
0.24640238169483616
0.24702486028335457
0.24764607917345727
0.24826604079007425
0.24888474756535847
0.24950220194140046
0.2501184063674778
0.25073336330134044
0.25134707521085414
0.25195954456850406
0.25257077385268645
0.2531807655556258
0.2537895221701288
0.2543970461984246
0.2550033401465711
0.2556084065306615
0.25621224786898433
0.25681486669029363
0.25741626552112185
0.25801644689965564
0.2586154133688252
0.25921316747255424
0.2598097117625382
0.2604050487931154
0.2609991811245066
0.2615921113196415
0.26218384194512795
0.262774375571699
0.26336371477387616
0.2639518621290892
0.2645388202160551
0.26512459162048213
0.2657091789262309
0.26629258472368666
0.26687481160057325
0.2674558621530397
0.2680357389748299
0.268614444663179
0.26919198181616766
0.26976835303339697
0.27034356091900963
0.2709176080735193
0.27149049710086814
0.27206223060724866
0.2726328111970177
0.27320224147979005
0.27377052405790536
0.2743376615421125
0.27490365653973
0.27546851165730457
0.27603222950370604
0.27659481268692077
0.27715626381502545
0.277716585494515
0.2782757803316936
0.2788338509347472
0.2793907999095094
0.2799466298590295
0.28050134338816
0.2810549430991808
0.2816074315957101
0.2821588114778027
0.28270908534426836
0.28325825579337316
0.2838063254228859
0.28435329682738925
0.2848991725978109
0.2854439553288368
0.28598764760877354
0.28653025202550036
0.2870717711649328
0.2876122076099306
0.2881515639434036
0.2886898427422922
0.28922704658471476
0.289763178044057
0.29029823969510915
0.29083223410235454
0.2913651638366206
0.29189703145824
0.292427839530891
0.2929575906119599
0.29348628725566617
0.29401393201454107
0.2945405274385564
0.29506607607381763
0.295590580460994
0.29611404314115747
0.29663646665200166
0.29715785352291074
0.297678206286024
0.29819752746650996
0.2987158195865284
0.29923308516473174
0.29974932671683824
0.30026454675258996
0.3007787477822718
0.30129193230808665
0.3018041028296071
0.30231526184391366
0.3028254118440097
0.30333455531652165
0.30384269474550524
0.3043498326124396
0.3048559713916647
0.3053611135565051
0.30586526157504973
0.3063684179074578
0.30687058501633047
0.3073717653549053
0.30787196137428585
0.30837117551914595
0.30886941023314135
0.3093666679530749
0.30986295110930195
0.3103582621324618
0.3108526034468867
0.3113459774702111
0.311838386615612
0.3123298332951787
0.31282031991421394
0.31330984887221724
0.3137984225642344
0.31428604338268484
0.31477271371354926
0.3152584359383924
0.31574321243322684
0.31622704556998527
0.3167099377164453
0.3171918912340386
0.3176729084797387
0.31815299180544754
0.3186321435597722
0.319110366084496
0.3195876617165199
0.3200640327872033
0.3205394816258618
0.3210140105542681
0.32148762188930824
0.3219603179421965
0.322432101020886
0.32290297342801244
0.32337293745937634
0.3238419954062195
0.3243101495557394
0.3247774021899384
0.3252437555838135
0.32570921200880704
0.3261737737311157
0.3266374430112451
0.3271002221044327
0.3275621132612951
0.32802311872560685
0.3284832407382358
0.3289424815335223
0.32940084333939695
0.32985832838164414
0.3303149388776504
0.3307706770407121
0.3312255450798347
0.33167954519643683
0.33213267958914977
0.33258495044917774
0.333036359963895
0.33348691031465527
0.3339366036777588
0.3343854422233621
0.3348334281177639
0.33528056352068164
0.33572685058745866
0.33617229146663846
0.3366168883033613
0.3370606432356002
0.33750355839746443
0.3379456359164304
0.33838687791546856
0.33882728651136645
0.3392668638173269
0.3397056119387617
0.3401435329773147
0.34058062902933733
0.3410169021853936
0.34145235452976086
0.3418869881432263
0.34232080509953733
0.34275380746853246
0.34318599731396765
0.34361737669358217
0.34404794766086816
0.34447771226315593
0.34490667254362234
0.34533483053817093
0.34576218827984445
0.34618874779423314
0.34661451110198993
0.3470394802193179
0.3474636571572228
0.3478870439187905
0.34830964250575885
0.34873145491124174
0.34915248312499747
0.3495727291308906
0.34999219490708056
0.3504108824266733
0.3508287936571478
0.35124593056227615
0.35166229509867697
0.35207788921787786
0.35249271486781625
0.3529067739892887
0.35332006851848174
0.3537326003862594
0.3541443715190248
0.3545553838370293
0.35496563925555336
0.3553751396845532
0.35578388702891156
0.3561918831882756
0.3565991300567415
0.3570056295237633
0.3574113834739217
0.35781639378546143
0.3582206623316342
0.35862419098221543
0.3590269815996754
0.35942903604199894
0.35983035616285436
0.36023094381017456
0.36063080082639154
0.36102992904867026
0.3614283303110843
0.36182600644010915
0.3622229592574463
0.36261919058224823
0.363014702224892
0.3634094959937934
0.3638035736900191
0.36419693711127493
0.3645895880497362
0.36498152829244923
0.3653727596204329
0.3657632838113645
0.3661531026370741
0.36654221786450764
0.36693063125506803
0.36731834456689955
0.36770535955160494
0.3680916779563475
0.36847730152289104
0.36886223198868834
0.36924647108560016
0.3696300205422838
0.37001288207975347
0.37039505741637974
0.3707765482647117
0.3711573563332303
0.3715374833239315
0.37191693093512834
0.37229570086047914
0.37267379478863133
0.37305121440312694
0.37342796138211093
0.373804037401108
0.37417944412774995
0.3745541832270553
0.37492825635982147
0.3753016651798808
0.37567441133820023
0.3760464964794998
0.37641792224509346
0.37678869027085393
0.3771588021880254
0.377528259623827
0.37789706420034574
0.37826521753498005
0.3786327212392858
0.3789995769223674
0.3793657861877443
0.37973135063387964
0.3800962718552011
0.3804605514415608
0.38082419097687914
0.3811871920428312
0.38154955621512526
0.3819112850647572
0.38227238015862186
0.38263284305925355
0.38299267532427334
0.3833518785067038
0.3837104541564178
0.3840684038162029
0.3844257290265966
0.3847824313224894
0.38513851223585693
0.3854939732925352
0.3858488160147618
0.3862030419198876
0.38655665252078864
0.38690964932732924
0.38726203384403457
0.3876138075698643
0.38796497200174174
0.3883155286302634
0.3886654789432738
0.3890148244224606
0.389363566547634
0.3897117067924595
0.39005924662667335
0.3904061875154509
0.3907525309212512
0.3910982783003111
0.3914434311060127
0.3917879907862045
0.3921319587863456
0.3924753365461779
0.392818125501929
0.39316032708484216
0.39350194272341227
0.39384297384103634
0.39418342185699107
0.39452328818581245
0.3948625742399057
0.3952012814253141
0.39553941114596486
0.39587696479982337
0.3962139437822456
0.3965503494832635
0.39688618329020037
0.3972214465858235
0.3975561407476259
0.39789026715179937
0.3982238271675243
0.3985568221614814
0.39888925349744886
0.39922112253360925
0.3995524306234513
0.3998831791190417
0.4002133693671711
0.40054300270940296
0.4008720804861206
0.40120060403184754
0.40152857467776987
0.40185599375087344
0.40218286257500524
0.40250918246973705
0.4028349547500981
0.40316018072894977
0.4034848617136248
0.40380899900877487
0.40413259391497885
0.40445564772857395
0.4047781617424702
0.4051001372457041
0.40542157552430874
0.4057424778588744
0.4060628455276652
0.4063826798052756
0.4067019819624687
0.40702075326490705
0.40733899497614423
0.40765670835632917
0.4079738946601026
0.4082905551396953
0.4086066910446256
0.40892230361848525
0.4092373941026357
0.4095519637358064
0.4098660137501069
0.410179545378098
0.41049255984472793
0.41080505837386627
0.4111170421862337
0.4114285124962246
0.4117394705174123
0.41204991745887787
0.4123598545264651
0.41266928292200367
0.4129782038434787
0.41328661848694054
0.4135945280433768
0.4139019337016654
0.4142088366458956
0.4145152380574815
0.4148211391143997
0.4151265409913816
0.4154314448587668
0.4157358518852321
0.416039763234199
0.41634318006701654
0.4166461035415829
0.4169485348108725
0.41725047502664414
0.4175519253365629
0.4178528868841242
0.41815336081112797
0.4184533482540958
0.41875285034789705
0.419051868223473
0.4193504030085354
0.41964845582785637
0.41994602780277934
0.420243120050289
0.4205397336861431
0.42083586982116705
0.4211315295643457
0.42142671402048765
0.42172142429106046
0.4220156614763624
0.4223094266705357
0.42260272096638435
0.42289554545285
0.4231879012169848
0.42347978934174957
0.4237712109060501
0.4240621669873749
0.4243526586597084
0.4246426869925815
0.42493225305425253
0.42522135790985244
0.42551000261924904