error as a function of alpha_bar(2*10^(-4)), w(0,1,0.001), sigma(-4), eta=10^(-5)
0.780542393662
0.023787319312922647
0.02378731931233641
0.023787319311330404
0.023787319309923286
0.02378731930811427
0.023787319305895963
0.02378731930327835
0.02378731930025655
0.023787319296832265
0.023787319293005076
0.023787319288772403
0.023787319284141697
0.023787319279105337
0.023787319273666865
0.023787319267825256
0.0237873192615798
0.023787319254932427
0.023787319247884065
0.023787319240430167
0.023787319232572855
0.023787319224313316
0.023787319215652927
0.0237873192065877
0.023787319197121758
0.02378731918724978
0.023787319176977465
0.02378731916629993
0.023787319155221757
0.023787319143739626
0.02378731913185494
0.023787319119567486
0.023787319106875836
0.023787319093782594
0.023787319080285797
0.023787319066385527
0.02378731905208359
0.023787319037378955
0.02378731902227082
0.02378731900675942
0.02378731899084624
0.02378731897452804
0.023787318957809268
0.023787318940685243
0.023787318923160612
0.02378731890523177
0.023787318886900364
0.023787318868165114
0.023787318849028644
0.023787318829487494
0.023787318809545398
0.023787318789198236
0.023787318768448855
0.023787318747297108
0.02378731872574238
0.023787318703783908
0.023787318681423638
0.023787318658658414
0.02378731863549247
0.023787318611922344
0.023787318587949715
0.023787318563573714
0.023787318538794844
0.02378731851361301
0.023787318488028158
0.023787318462040408
0.023787318435649605
0.023787318408856013
0.02378731838165931
0.023787318354059603
0.023787318326056666
0.023787318297650316
0.023787318268841687
0.02378731823962977
0.023787318210015028
0.023787318179996842
0.02378731814957663
0.023787318118751996
0.023787318087525468
0.023787318055895054
0.02378731802386254
0.023787317991425826
0.023787317958587028
0.023787317925344602
0.02378731789169933
0.023787317857650866
0.023787317823199358
0.023787317788344295
0.023787317753086974
0.023787317717426225
0.023787317681361973
0.02378731764489499
0.023787317608024768
0.02378731757075182
0.023787317533075863
0.02378731749499574
0.02378731745651337
0.023787317417627688
0.023787317378338647
0.02378731733864661
0.02378731729855148
0.023787317258053033
0.02378731721715132
0.023787317175846468
0.023787317134139188
0.02378731709202785
0.023787317049513427
0.023787317006596264
0.023787316963275327
0.02378731691955171
0.023787316875424715
0.023787316830893735
0.02378731678596043
0.02378731674062397
0.023787316694883643
0.023787316648740526
0.023787316602193864
0.023787316555244194
0.02378731650789113
0.02378731646013465
0.023787316411975037
0.02378731636341189
0.023787316314445854
0.02378731626507649
0.023787316215303674
0.023787316165127217
0.02378731611454773
0.0237873160635648
0.02378731601217909
0.023787315960389365
0.023787315908196452
0.02378731585560008
0.023787315802600874
0.023787315749197877
0.02378731569539116
0.023787315641181847
0.023787315586568644
0.023787315531551834
0.02378731547613189
0.02378731542030868
0.023787315364081654
0.02378731530745146
0.02378731525041769
0.02378731519298058
0.023787315135140076
0.02378731507689569
0.023787315018248063
0.02378731495919735
0.023787314899742396
0.023787314839884426
0.02378731477962291
0.02378731471895781
0.023787314657889067
0.023787314596416757
0.0237873145345411
0.023787314472261952
0.023787314409578823
0.023787314346492547
0.02378731428300248
0.023787314219108405
0.02378731415481134
0.02378731409011055
0.023787314025005966
0.023787313959497836
0.023787313893586202
0.023787313827270663
0.023787313760551453
0.023787313693428864
0.023787313625902144
0.023787313557972194
0.023787313489638074
0.023787313420900777
0.023787313351759407
0.023787313282214468
0.02378731321226559
0.02378731314191324
0.023787313071156804
0.02378731299999686
0.023787312928433037
0.023787312856465164
0.023787312784093777
0.023787312711318547
0.02378731263813968
0.02378731256455667
0.02378731249056999
0.02378731241617939
0.023787312341384797
0.023787312266186515
0.02378731219058404
0.023787312114578275
0.02378731203816803
0.023787311961354005
0.02378731188413625
0.023787311806514375
0.02378731172848827
0.023787311650058773
0.023787311571224927
0.02378731149198719
0.023787311412345368
0.023787311332299693
0.023787311251850064
0.02378731117099619
0.02378731108973846
0.023787311008076323
0.02378731092601044
0.023787310843540254
0.0237873107606661
0.023787310677387947
0.02378731059370566
0.023787310509619148
0.023787310425128407
0.02378731034023368
0.023787310254934597
0.023787310169231548
0.023787310083124215
0.023787309996612466
0.023787309909696727
0.023787309822376854
0.023787309734652526
0.023787309646524108
0.023787309557991354
0.023787309469054416
0.023787309379712893
0.02378730928996744
0.023787309199817443
0.023787309109263053
0.023787309018304403
0.023787308926941374
0.02378730883517402
0.023787308743002306
0.023787308650426196
0.02378730855744566
0.023787308464060394
0.02378730837027142
0.023787308276077248
0.023787308181479113
0.02378730808647606
0.023787307991068925
0.02378730789525694
0.023787307799040786
0.023787307702419963
0.02378730760539443
0.02378730750796452
0.023787307410129976
0.0237873073118906
0.023787307213247098
0.023787307114198592
0.02378730701474543
0.02378730691488798
0.023787306814625726
0.023787306713958605
0.023787306612886857
0.02378730651141066
0.0237873064095298
0.023787306307243662
0.023787306204552987
0.02378730610145789
0.023787305997957697
0.023787305894052858
0.023787305789742873
0.023787305685028588
0.023787305579909282
0.023787305474384894
0.02378730536845567
0.02378730526212184
0.023787305155382937
0.02378730504823915
0.02378730494069036
0.023787304832736663
0.023787304724377928
0.023787304615614277
0.02378730450644578
0.02378730439687209
0.02378730428689338
0.023787304176509674
0.023787304065720907
0.023787303954527078
0.023787303842928313
0.023787303730924227
0.023787303618514895
0.023787303505700602
0.023787303392481206
0.023787303278856683
0.023787303164826797
0.02378730305039177
0.023787302935551716
0.023787302820306205
0.023787302704655417
0.023787302588599506
0.02378730247213806
0.02378730235527161
0.023787302237999852
0.023787302120322432
0.0237873020022398
0.023787301883752023
0.02378730176485856
0.023787301645559755
0.023787301525855568
0.02378730140574611
0.023787301285230985
0.023787301164310427
0.02378730104298444
0.0237873009212529
0.023787300799115715
0.023787300676573295
0.023787300553625084
0.023787300430271205
0.023787300306511713
0.023787300182347003
0.0237873000577762
0.02378729993280011
0.02378729980741802
0.023787299681630538
0.02378729955543705
0.02378729942883819
0.023787299301833268
0.023787299174422735
0.023787299046606432
0.023787298918384207
0.023787298789756193
0.02378729866072251
0.02378729853128291
0.023787298401437496
0.02378729827118591
0.023787298140528615
0.02378729800946522
0.023787297877996185
0.023787297746120997
0.023787297613839863
0.023787297481152825
0.023787297348059424
0.023787297214560396
0.023787297080655148
0.02378729694634367
0.023787296811626165
0.023787296676502603
0.023787296540972783
0.023787296405037104
0.02378729626869493
0.02378729613194659
0.023787295994792325
0.02378729585723142
0.023787295719264447
0.023787295580891186
0.023787295442111597
0.023787295302925806
0.023787295163333593
0.023787295023334945
0.023787294882929966
0.023787294742118513
0.023787294600900812
0.02378729445927659
0.023787294317246025
0.023787294174808758
0.023787294031965132
0.023787293888715033
0.023787293745057957
0.023787293600994824
0.023787293456524965
0.023787293311648354
0.023787293166365384
0.02378729302067558
0.023787292874579185
0.023787292728076004
0.023787292581166148
0.023787292433849565
0.0237872922861263
0.023787292137996203
0.023787291989459183
0.023787291840515697
0.023787291691165034
0.023787291541407633
0.023787291391243384
0.02378729124067214
0.023787291089694008
0.02378729093830886
0.023787290786516906
0.023787290634317785
0.02378729048171182
0.023787290328698765
0.023787290175278683
0.023787290021451475
0.02378728986721703
0.023787289712575686
0.023787289557526993
0.023787289402071195
0.023787289246208283
0.023787289089938185
0.023787288933260493
0.023787288776176165
0.023787288618683955
0.023787288460784865
0.0237872883024782
0.02378728814376429
0.02378728798464289
0.02378728782511431
0.023787287665178215
0.023787287504834487
0.023787287344083575
0.023787287182924933
0.023787287021358895
0.023787286859385536
0.02378728669700431
0.023787286534215416
0.023787286371019303
0.023787286207415288
0.023787286043403688
0.023787285878984325
0.023787285714157218
0.023787285548922787
0.023787285383280326
0.023787285217230083
0.02378728505077198
0.02378728488390608
0.023787284716632426
0.023787284548950845
0.02378728438086152
0.023787284212364167
0.023787284043458805
0.02378728387414545
0.02378728370442427
0.0237872835342949
0.0237872833637576
0.023787283192812137
0.023787283021458782
0.023787282849697212
0.02378728267752735
0.023787282504949388
0.023787282331963467
0.02378728215856917
0.023787281984766553
0.023787281810555866
0.02378728163593677
0.023787281460909263
0.023787281285473572
0.023787281109629386
0.023787280933376998
0.02378728075671604
0.023787280579646644
0.02378728040216884
0.02378728022428263
0.023787280045987784
0.023787279867284312
0.023787279688172448
0.023787279508651882
0.02378727932872272
0.023787279148384827
0.023787278967638506
0.023787278786483224
0.02378727860491935
0.02378727842294654
0.023787278240565167
0.02378727805777498
0.0237872778745758
0.023787277690967917
0.023787277506951077
0.023787277322525155
0.023787277137690657
0.02378727695244705
0.023787276766794336
0.023787276580732764
0.023787276394262032
0.02378727620738239
0.023787276020093315
0.023787275832395392
0.023787275644288293
0.02378727545577204
0.02378727526684648
0.023787275077511563
0.02378727488776766
0.023787274697614238
0.023787274507051752
0.023787274316079757
0.023787274124698426
0.023787273932907645
0.023787273740707424
0.023787273548097745
0.023787273355078832
0.023787273161650167
0.023787272967811746
0.023787272773564287
0.0237872725789068
0.023787272383839795
0.02378727218836339
0.023787271992477082
0.023787271796181026
0.02378727159947524
0.023787271402359724
0.023787271204834513
0.023787271006899282
0.023787270808554403
0.023787270609799432
0.023787270410634786
0.023787270211060047
0.02378727001107534
0.02378726981068079
0.023787269609876135
0.02378726940866142
0.023787269207036547
0.02378726900500168
0.023787268802556678
0.023787268599701296
0.023787268396436034
0.02378726819276031
0.02378726798867441
0.023787267784177998
0.023787267579271684
0.02378726737395493
0.02378726716822755
0.023787266962089847
0.023787266755541728
0.02378726654858334
0.023787266341214135
0.02378726613343453
0.023787265925244508
0.02378726571664398
0.023787265507632525
0.023787265298210482
0.023787265088377894
0.023787264878134637
0.023787264667480403
0.023787264456415387
0.023787264244939915
0.023787264033053496
0.02378726382075608
0.023787263608047723
0.02378726339492871
0.02378726318139869
0.023787262967457607
0.023787262753105286
0.02378726253834229
0.023787262323168034
0.023787262107582686
0.02378726189158614
0.023787261675178722
0.02378726145835972
0.023787261241129794
0.023787261023488365
0.02378726080543577
0.02378726058697194
0.02378726036809651
0.023787260148809768
0.023787259929111716
0.02378725970900214
0.023787259488481094
0.023787259267548547
0.023787259046204372
0.02378725882444882
0.02378725860228129
0.023787258379702365
0.023787258156711864
0.023787257933309502
0.023787257709495458
0.023787257485269494
0.023787257260631956
0.02378725703558245
0.02378725681012104
0.0237872565842476
0.023787256357962454
0.023787256131265304
0.02378725590415611
0.023787255676634787
0.023787255448701635
0.023787255220356376
0.023787254991598634
0.023787254762428947
0.023787254532847135
0.023787254302853042
0.02378725407244677
0.023787253841627897
0.023787253610396866
0.023787253378753745
0.02378725314669768
0.02378725291422947
0.02378725268134883
0.023787252448055657
0.02378725221434995
0.0237872519802316
0.02378725174570063
0.023787251510757203
0.023787251275401045
0.023787251039632133
0.023787250803450354
0.02378725056685609
0.023787250329848946
0.023787250092428804
0.02378724985459565
0.023787249616349957
0.02378724937769122
0.023787249138619446
0.023787248899134576
0.023787248659236752
0.023787248418925933
0.023787248178201915
0.02378724793706457
0.023787247695514324
0.02378724745355075
0.023787247211173913
0.023787246968383777
0.023787246725180244
0.02378724648156343
0.02378724623753313
0.023787245993089446
0.023787245748232405
0.023787245502961702
0.02378724525727756
0.023787245011179674
0.023787244764668477
0.023787244517743528
0.023787244270404653
0.023787244022652233
0.023787243774486173
0.02378724352590633
0.023787243276912437
0.023787243027504807
0.023787242777683258
0.023787242527447808
0.023787242276798303
0.02378724202573494
0.023787241774257437
0.023787241522365995
0.023787241270060246
0.023787241017340414
0.023787240764206376
0.02378724051065812
0.023787240256695576
0.023787240002318723
0.023787239747527632
0.023787239492322282
0.023787239236702173
0.023787238980667775
0.023787238724219013
0.023787238467355695
0.02378723821007782
0.02378723795238521
0.023787237694277992
0.023787237435756284
0.023787237176819683
0.02378723691746823
0.02378723665770232
0.02378723639752163
0.023787236136925745
0.023787235875915108
0.023787235614489564
0.023787235352649018
0.023787235090393533
0.023787234827722877
0.023787234564637307
0.02378723430113656
0.023787234037220377
0.02378723377288936
0.023787233508142953
0.023787233242981286
0.023787232977404246
0.023787232711411897
0.023787232445004237
0.023787232178181208
0.023787231910942532
0.023787231643288293
0.023787231375218727
0.02378723110673356
0.023787230837832657
0.023787230568516095
0.023787230298783945
0.02378723002863597
0.023787229758072133
0.023787229487092467
0.023787229215697276
0.023787228943886005
0.02378722867165867
0.023787228399015297
0.023787228125956145
0.023787227852481007
0.023787227578589486
0.02378722730428195
0.023787227029558242
0.02378722675441837
0.023787226478862236
0.023787226202889606
0.023787225926501003
0.023787225649695876
0.023787225372474283
0.023787225094836124
0.02378722481678173
0.023787224538310614
0.023787224259423013
0.023787223980118823
0.02378722370039802
0.02378722342026035
0.023787223139705896
0.023787222858734816
0.02378722257734698
0.02378722229554233
0.023787222013320543
0.023787221730681925
0.023787221447626385
0.02378722116415387
0.023787220880264175
0.02378722059595734
0.023787220311233502
0.023787220026092352
0.023787219740533952
0.02378721945455839
0.02378721916816568
0.023787218881355342
0.023787218594127673
0.023787218306482616
0.02378721801842012
0.023787217729940083
0.023787217441042355
0.023787217151727186
0.023787216861994153
0.0237872165718437
0.023787216281275454
0.0237872159902894
0.023787215698885488
0.023787215407063918
0.02378721511482427
0.023787214822166683
0.023787214529091143
0.02378721423559763
0.023787213941686067
0.023787213647356302
0.02378721335260835
0.023787213057442403
0.02378721276185807
0.02378721246585548
0.02378721216943463
0.023787211872595363
0.02378721157533771
0.023787211277661494
0.02378721097956685
0.0237872106810538
0.02378721038212221
0.023787210082771845
0.023787209783002684
0.023787209482815007
0.023787209182208693
0.023787208881183335
0.02378720857973922
0.02378720827787616
0.023787207975594388
0.02378720767289336
0.02378720736977336
0.023787207066234536
0.023787206762276587
0.023787206457899317
0.023787206153102786
0.023787205847887155
0.023787205542252415
0.023787205236198136
0.02378720492972446
0.023787204622831508
0.023787204315519034
0.023787204007786927
0.02378720369963548
0.023787203391064462
0.023787203082073716
0.023787202772663163
0.023787202462832908
0.02378720215258324
0.0237872018419135
0.02378720153082377
0.023787201219314286
0.023787200907384908
0.02378720059503548
0.02378720028226599
0.023787199969076255
0.023787199655466683
0.0237871993414368
0.02378719902698664
0.023787198712116295
0.023787198396825596
0.0237871980811147
0.023787197764983146
0.023787197448431243
0.02378719713145886
0.023787196814066006
0.023787196496252477
0.023787196178018322
0.023787195859363557
0.02378719554028794
0.023787195220791597
0.023787194900874394
0.023787194580536544
0.02378719425977758
0.02378719393859767
0.023787193616996733
0.02378719329497486
0.02378719297253185
0.02378719264966775
0.02378719232638238
0.02378719200267576
0.02378719167854796
0.023787191353998625
0.023787191029028015
0.02378719070363596
0.023787190377822547
0.023787190051587588
0.02378718972493096
0.02378718939785266
0.023787189070352918
0.023787188742431308
0.023787188414087945
0.023787188085322885
0.02378718775613592
0.023787187426527086
0.023787187096496173
0.02378718676604351
0.023787186435168563
0.02378718610387166
0.023787185772152355
0.023787185440011155
0.0237871851074477
0.02378718477446194
0.02378718444105371
0.023787184107223164
0.023787183772970358
0.023787183438294942
0.023787183103196923
0.023787182767676555
0.02378718243173346
0.023787182095367482
0.02378718175857896
0.023787181421367806
0.023787181083733684
0.023787180745676678
0.023787180407196688
0.023787180068293903
0.023787179728967957
0.023787179389219065
0.023787179049047022
0.023787178708451834
0.023787178367433475
0.023787178025991843
0.02378717768412676
0.02378717734183836
0.023787176999126514
0.02378717665599162
0.023787176312432715
0.023787175968450387
0.02378717562404453
0.02378717527921498
0.023787174933961704
0.023787174588284776
0.023787174242183823
0.02378717389565934
0.023787173548710634
0.02378717320133808
0.023787172853541583
0.023787172505321006
0.02378717215667628
0.0237871718076074
0.02378717145811438
0.023787171108197037
0.023787170757855313
0.02378717040708925
0.0237871700558988
0.023787169704283923
0.02378716935224456
0.02378716899978058
0.02378716864689198
0.023787168293578766
0.02378716793984068
0.023787167585677824
0.023787167231090353
0.02378716687607785
0.023787166520640547
0.02378716616477812
0.02378716580849063
0.023787165451778187
0.02378716509464066
0.023787164737077784
0.023787164379089978
0.02378716402067664
0.023787163661837776
0.023787163302573713
0.023787162942884334
0.023787162582769392
0.02378716222222888
0.023787161861262764
0.02378716149987093
0.02378716113805342
0.02378716077581021
0.023787160413141235
0.023787160050046354
0.02378715968652551
0.023787159322578678
0.02378715895820584
0.02378715859340694
0.02378715822818205
0.023787157862530807
0.023787157496453222
0.023787157129949648
0.02378715676301961
0.0237871563956631
0.023787156027880372
0.0237871556596708
0.02378715529103492
0.023787154921972344
0.023787154552483102
0.023787154182567233
0.023787153812224574
0.02378715344145515
0.02378715307025868
0.023787152698635447
0.02378715232658523
0.023787151954107886
0.023787151581203373
0.02378715120787193
0.023787150834113136
0.02378715045992709
0.02378715008531384
0.023787149710273237
0.023787149334805295
0.023787148958909637
0.023787148582586428
0.02378714820583586
0.023787147828657613
0.023787147451051663
0.023787147073017902
0.023787146694556473
0.02378714631566703
0.02378714593634992
0.023787145556604637
0.023787145176431376
0.023787144795830082
0.023787144414800596
0.023787144033343057
0.023787143651457194
0.0237871432691431
0.023787142886400554
0.023787142503229646
0.02378714211963032
0.02378714173560242
0.023787141351145916
0.02378714096626096
0.02378714058094718
0.023787140195204712
0.02378713980903338
0.02378713942243322
0.02378713903540418
0.02378713864794632
0.023787138260059282
0.023787137871743105
0.02378713748299795
0.02378713709382352
0.023787136704219822
0.02378713631418689
0.02378713592372453
0.023787135532832925
0.023787135141511633
0.02378713474976087
0.023787134357580578
0.023787133964970654
0.023787133571931022
0.023787133178461574
0.023787132784562424
0.023787132390233324
0.023787131995474282
0.0237871316002853
0.02378713120466624
0.023787130808617052
0.02378713041213774
0.02378713001522834
0.02378712961788849
0.02378712922011841
0.02378712882191814
0.023787128423286997
0.023787128024225494
0.023787127624733645
0.023787127224810845
0.023787126824457612
0.023787126423673605
0.02378712602245879
0.02378712562081322
0.02378712521873653
0.02378712481622901
0.023787124413290502
0.02378712400992093
0.023787123606120047
0.023787123201887965
0.023787122797224794
0.023787122392130346
0.02378712198660443
0.02378712158064687
0.023787121174258116
0.023787120767437657
0.023787120360185574
0.023787119952501823
0.02378711954438632
0.02378711913583917
0.023787118726860023
0.023787118317448997
0.02378711790760609
0.023787117497331242
0.02378711708662411
0.02378711667548491
0.02378711626391332
0.023787115851909638
0.0237871154394737