error as a function of alpha_bar(6*10^(-5)), w(0,1,0.001), sigma(-4), eta=10^(-5)
0.780542393662
0.023784812621919563
0.023784812613485175
0.02378481259938753
0.0237848125796636
0.023784812554297406
0.02378481252329819
0.023784812486660967
0.023784812444389066
0.02378481239647608
0.023784812342930978
0.023784812283745394
0.02378481221892538
0.023784812148466377
0.02378481207237179
0.023784811990637863
0.0237848119032687
0.02378481181026
0.02378481171161585
0.023784811607332246
0.023784811497411337
0.02378481138185097
0.023784811260654848
0.023784811133817547
0.023784811001343522
0.02378481086322947
0.023784810719476843
0.023784810570084688
0.02378481041505289
0.02378481025438159
0.023784810088070634
0.0237848099161186
0.023784809738526615
0.023784809555293784
0.023784809366420172
0.023784809171904016
0.023784808971747395
0.023784808765948347
0.023784808554507764
0.023784808337423295
0.023784808114697305
0.023784807886327246
0.02378480765231375
0.02378480741265641
0.023784807167355024
0.023784806916408868
0.023784806659817873
0.02378480639758075
0.023784806129698795
0.023784805856169777
0.02378480557699457
0.02378480529217199
0.02378480500170243
0.023784804705584608
0.023784804403818742
0.023784804096403798
0.023784803783339952
0.023784803464625814
0.023784803140262014
0.023784802810247144
0.02378480247458154
0.023784802133263495
0.0237848017862941
0.023784801433671142
0.023784801075395413
0.023784800711465656
0.023784800341881955
0.023784799966642692
0.023784799585748646
0.02378479919919809
0.023784798806991254
0.023784798409126662
0.023784798005604874
0.023784797596424215
0.023784797181584827
0.023784796761085445
0.02378479633492622
0.023784795903105716
0.023784795465624186
0.023784795022479516
0.02378479457367252
0.02378479411920188
0.023784793659067136
0.023784793193266856
0.023784792721801656
0.023784792244669714
0.023784791761870906
0.023784791273403764
0.023784790779268983
0.023784790279464254
0.0237847897739897
0.023784789262844244
0.023784788746027328
0.02378478822353779
0.0237847876953756
0.023784787161539287
0.023784786622028042
0.023784786076841407
0.02378478552597865
0.02378478496943843
0.023784784407220313
0.023784783839323136
0.02378478326574663
0.023784782686489193
0.02378478210155071
0.02378478151092941
0.023784780914625252
0.023784780312636714
0.023784779704963403
0.02378477909160406
0.023784778472558013
0.023784777847823832
0.0237847772174013
0.02378477658128881
0.023784775939485796
0.023784775291991155
0.023784774638804018
0.023784773979923138
0.023784773315348222
0.023784772645077133
0.02378477196911014
0.023784771287444963
0.023784770600081134
0.023784769907018284
0.023784769208254637
0.02378476850378906
0.023784767793620584
0.023784767077748552
0.02378476635617161
0.023784765628888475
0.023784764895898054
0.023784764157199784
0.023784763412792214
0.023784762662674066
0.023784761906844407
0.023784761145301894
0.023784760378045874
0.023784759605074552
0.023784758826387063
0.023784758041982365
0.023784757251859277
0.02378475645601619
0.02378475565445224
0.023784754847166373
0.02378475403415721
0.023784753215423282
0.023784752390963483
0.02378475156077704
0.02378475072486203
0.023784749883217687
0.023784749035842385
0.02378474818273512
0.023784747323894455
0.02378474645931925
0.023784745589008227
0.02378474471295974
0.02378474383117255
0.02378474294364575
0.023784742050377415
0.023784741151366737
0.02378474024661198
0.023784739336112058
0.023784738419865354
0.023784737497870787
0.023784736570126665
0.023784735636631714
0.02378473469738446
0.023784733752383696
0.023784732801627753
0.02378473184511552
0.02378473088284505
0.023784729914815502
0.023784728941024947
0.02378472796147209
0.02378472697615531
0.023784725985073495
0.023784724988224808
0.023784723985607898
0.023784722977221142
0.023784721963063256
0.02378472094313225
0.023784719917427227
0.023784718885946184
0.02378471784868761
0.023784716805650134
0.02378471575683185
0.023784714702231563
0.023784713641847616
0.02378471257567825
0.0237847115037219
0.023784710425977004
0.023784709342441906
0.02378470825311505
0.02378470715799459
0.02378470605707914
0.023784704950367
0.023784703837856327
0.0237847027195456
0.023784701595432688
0.02378470046551691
0.023784699329795364
0.023784698188267367
0.023784697040930464
0.02378469588778346
0.023784694728824187
0.02378469356405113
0.023784692393462425
0.023784691217056442
0.023784690034831277
0.02378468884678524
0.02378468765291648
0.023784686453223423
0.023784685247703774
0.023784684036356186
0.023784682819178456
0.02378468159616912
0.023784680367326103
0.02378467913264765
0.023784677892131754
0.023784676645776843
0.02378467539358064
0.023784674135541542
0.023784672871657652
0.02378467160192706
0.02378467032634748
0.023784669044917727
0.023784667757635037
0.023784666464498144
0.023784665165504534
0.02378466386065275
0.023784662549940553
0.02378466123336606
0.02378465991092711
0.023784658582622235
0.023784657248448624
0.023784655908404916
0.023784654562488586
0.02378465321069833
0.02378465185303136
0.023784650489486043
0.023784649120060054
0.02378464774475176
0.023784646363558516
0.02378464497647858
0.023784643583510012
0.02378464218465039
0.023784640779897833
0.02378463936924996
0.02378463795270496
0.023784636530260524
0.023784635101914444
0.023784633667664458
0.023784632227508953
0.023784630781445253
0.023784629329471268
0.023784627871584755
0.02378462640778383
0.02378462493806591
0.023784623462429013
0.023784621980870772
0.023784620493388905
0.023784618999981678
0.023784617500646085
0.02378461599538022
0.023784614484181982
0.023784612967048913
0.023784611443978504
0.023784609914968783
0.023784608380017464
0.023784606839121945
0.023784605292280134
0.023784603739489617
0.02378460218074799
0.023784600616053145
0.023784599045402262
0.023784597468793287
0.023784595886223912
0.02378459429769179
0.023784592703194125
0.023784591102728726
0.023784589496293373
0.02378458788388546
0.02378458626550243
0.023784584641141995
0.02378458301080191
0.02378458137447922
0.023784579732171775
0.023784578083877055
0.023784576429592637
0.02378457476931569
0.023784573103044278
0.023784571430775284
0.02378456975250662
0.02378456806823551
0.02378456637795963
0.023784564681676043
0.023784562979382497
0.02378456127107648
0.023784559556755246
0.023784557836416132
0.02378455611005685
0.023784554377674468
0.02378455263926643
0.023784550894830152
0.023784549144363135
0.023784547387862717
0.023784545625325882
0.023784543856750353
0.023784542082133278
0.02378454030147219
0.02378453851476396
0.023784536722006453
0.023784534923196383
0.02378453311833153
0.02378453130740885
0.023784529490425636
0.02378452766737939
0.023784525838267172
0.023784524003086074
0.02378452216183343
0.0237845203145068
0.023784518461102862
0.023784516601619128
0.023784514736052573
0.023784512864400534
0.02378451098666004
0.023784509102828578
0.023784507212902897
0.023784505316880505
0.023784503414758195
0.02378450150653323
0.023784499592202798
0.023784497671763986
0.023784495745213886
0.023784493812549382
0.023784491873767712
0.023784489928865952
0.023784487977841162
0.02378448602069062
0.023784484057410786
0.02378448208799933
0.023784480112452513
0.023784478130768172
0.023784476142942837
0.02378447414897359
0.02378447214885756
0.02378447014259132
0.02378446813017215
0.023784466111596948
0.023784464086862713
0.02378446205596647
0.023784460018904777
0.023784457975674758
0.02378445592627337
0.02378445387069754
0.023784451808944073
0.023784449741009652
0.023784447666891678
0.023784445586586572
0.023784443500091235
0.02378444140740263
0.023784439308517535
0.02378443720343269
0.023784435092144895
0.023784432974651146
0.023784430850948002
0.023784428721032744
0.023784426584901486
0.02378442444255117
0.02378442229397892
0.02378442013918115
0.02378441797815453
0.02378441581089596
0.02378441363740211
0.023784411457669893
0.02378440927169559
0.023784407079476162
0.023784404881008227
0.0237844026762884
0.02378440046531341
0.02378439824807995
0.02378439602458462
0.023784393794823895
0.023784391558794665
0.023784389316493175
0.023784387067916423
0.023784384813060937
0.02378438255192308
0.023784380284499303
0.023784378010786717
0.023784375730781418
0.023784373444480048
0.023784371151879178
0.023784368852975364
0.023784366547765147
0.023784364236244818
0.023784361918411125
0.023784359594260368
0.0237843572637892
0.023784354926993906
0.02378435258387094
0.02378435023441701
0.023784347878628303
0.02378434551650129
0.023784343148032377
0.023784340773217887
0.023784338392054585
0.023784336004538283
0.023784333610666012
0.02378433121043354
0.023784328803837698
0.023784326390874445
0.023784323971540212
0.023784321545831693
0.02378431911374463
0.02378431667527584
0.023784314230421245
0.0237843117791772
0.023784309321540294
0.023784306857506456
0.0237843043870722
0.023784301910233355
0.023784299426986594
0.023784296937327958
0.023784294441253698
0.023784291938759982
0.02378428942984306
0.023784286914499027
0.023784284392724366
0.02378428186451491
0.023784279329866983
0.023784276788776523
0.023784274241239748
0.023784271687253073
0.02378426912681235
0.023784266559913798
0.023784263986553273
0.023784261406727267
0.02378425882043143
0.023784256227662143
0.023784253628415433
0.023784251022687067
0.023784248410473382
0.02378424579177047
0.023784243166574147
0.02378424053488044
0.023784237896685184
0.023784235251984958
0.023784232600774897
0.02378422994305178
0.023784227278811132
0.023784224608048854
0.023784221930761004
0.023784219246943704
0.023784216556592384
0.02378421385970325
0.023784211156272474
0.023784208446295325
0.023784205729768332
0.02378420300668672
0.023784200277047165
0.02378419754084461
0.023784194798075264
0.023784192048735
0.02378418929281966
0.023784186530325203
0.02378418376124702
0.023784180985581077
0.023784178203323347
0.023784175414469186
0.0237841726190147
0.023784169816955667
0.023784167008287452
0.02378416419300604
0.02378416137110712
0.023784158542586305
0.02378415570743944
0.023784152865662114
0.023784150017249983
0.023784147162198847
0.023784144300504097
0.023784141432161378
0.02378413855716677
0.023784135675515374
0.023784132787203156
0.023784129892225375
0.02378412699057784
0.023784124082256258
0.02378412116725585
0.023784118245572333
0.023784115317201506
0.023784112382138633
0.02378410944037925
0.02378410649191864
0.02378410353675293
0.0237841005748772
0.023784097606286865
0.023784094630977616
0.02378409164894492
0.023784088660183937
0.023784085664690535
0.02378408266245949
0.023784079653487254
0.023784076637768315
0.023784073615298332
0.023784070586072823
0.023784067550087162
0.023784064507336698
0.023784061457816523
0.023784058401522458
0.023784055338449423
0.023784052268592946
0.023784049191948285
0.02378404610851076
0.0237840430182759
0.023784039921238544
0.023784036817394175
0.023784033706737984
0.02378403058926548
0.023784027464971883
0.02378402433385186
0.023784021195901096
0.023784018051114887
0.023784014899488466
0.023784011741016346
0.02378400857569445
0.023784005403517716
0.023784002224481376
0.023783999038580212
0.023783995845809886
0.0237839926461651
0.023783989439641218
0.023783986226233147
0.02378398300593598
0.023783979778744902
0.023783976544655232
0.02378397330366146
0.023783970055758892
0.023783966800942972
0.02378396353920825
0.02378396027054965
0.023783956994962427
0.023783953712441533
0.023783950422982262
0.023783947126578803
0.02378394382322675
0.023783940512920914
0.023783937195656312
0.023783933871427618
0.02378393054022987
0.023783927202058127
0.023783923856907127
0.023783920504771752
0.023783917145646764
0.023783913779527387
0.023783910406408287
0.023783907026284086
0.023783903639149707
0.023783900245000315
0.023783896843830542
0.023783893435634734
0.023783890020408194
0.023783886598145627
0.023783883168841852
0.02378387973249116
0.02378387628908869
0.023783872838629202
0.02378386938110726
0.023783865916517766
0.023783862444854906
0.023783858966114128
0.023783855480289638
0.023783851987376155
0.02378384848736811
0.02378384498026067
0.023783841466048235
0.02378383794472515
0.02378383441628629
0.023783830880726154
0.023783827338039604
0.02378382378822099
0.02378382023126456
0.02378381666716543
0.023783813095917827
0.023783809517516217
0.02378380593195541
0.02378380233922976
0.023783798739333634
0.02378379513226196
0.023783791518008482
0.023783787896568123
0.023783784267935384
0.023783780632104738
0.023783776988771904
0.023783773338519113
0.023783769681051548
0.02378376601636334
0.02378376234444859
0.023783758665302166
0.023783754978918208
0.023783751285290807
0.023783747584414667
0.02378374387628392
0.023783740160892727
0.02378373643823583
0.023783732708307075
0.023783728971101037
0.023783725226611794
0.023783721474833805
0.023783717715761033
0.02378371394938768
0.023783710175708423
0.023783706394716865
0.023783702606407567
0.023783698810774603
0.023783695007812286
0.023783691197514594
0.02378368737987575
0.02378368355488978
0.023783679722551
0.02378367588285335
0.023783672035791053
0.023783668181357867
0.02378366431954856
0.023783660450356466
0.023783656573776072
0.023783652689801333
0.023783648798426146
0.02378364489964465
0.023783640993450757
0.02378363707983844
0.02378363315880187
0.02378362923033483
0.023783625294431454
0.02378362135108545
0.023783617400291005
0.023783613442041846
0.023783609476331888
0.023783605503155173
0.02378360152250559
0.02378359753437686
0.0237835935387627
0.023783589535657373
0.023783585525054475
0.02378358150694797
0.023783577481331468
0.023783573448198998
0.023783569407544038
0.023783565359360864
0.023783561303642526
0.023783557240383436
0.023783553169577087
0.023783549091217153
0.023783545005297335
0.023783540911811455
0.023783536810753396
0.02378353270211626
0.023783528585894217
0.023783524462080693
0.023783520330669435
0.023783516191654214
0.023783512045028356
0.02378350789078553
0.023783503728919485
0.02378349955942359
0.023783495382291662
0.023783491197517072
0.023783487005093563
0.023783482805014387
0.023783478597273415
0.023783474381863644
0.023783470158779237
0.023783465928013118
0.023783461689559197
0.0237834574434105
0.023783453189560787
0.023783448928003405
0.02378344465873163
0.02378344038173919
0.023783436097019127
0.023783431804565266
0.023783427504370597
0.023783423196428538
0.02378341888073259
0.023783414557276106
0.023783410226052192
0.0237834058870542
0.02378340154027547
0.023783397185709546
0.023783392823349517
0.023783388453188354
0.023783384075219707
0.023783379689436748
0.023783375295832406
0.023783370894400118
0.023783366485133208
0.02378336206802478
0.023783357643067767
0.023783353210255584
0.0237833487695814
0.023783344321038236
0.0237833398646192
0.023783335400317462
0.023783330928126147
0.02378332644803828
0.023783321960046972
0.023783317464145016
0.02378331296032577
0.023783308448582504
0.023783303928907724
0.02378329940129466
0.023783294865736163
0.02378329032222554
0.023783285770755506
0.02378328121131909
0.023783276643909234
0.023783272068518713
0.02378326748514076
0.023783262893767868
0.02378325829439336
0.023783253687010175
0.023783249071610578
0.02378324444818799
0.023783239816734737
0.023783235177244115
0.0237832305297088
0.02378322587412161
0.023783221210475165
0.023783216538762454
0.023783211858975976
0.023783207171108885
0.023783202475153618
0.023783197771102844
0.023783193058949617
0.02378318833868615
0.023783183610305382
0.02378317887380022
0.023783174129162917
0.023783169376386207
0.02378316461546296
0.02378315984638557
0.023783155069146845
0.023783150283739098
0.023783145490154995
0.023783140688387217
0.023783135878428202
0.023783131060270697
0.023783126233906864
0.02378312139932955
0.023783116556531005
0.023783111705503932
0.023783106846240715
0.023783101978733748
0.02378309710297545
0.02378309221895848
0.023783087326674907
0.023783082426117493
0.02378307751727824
0.023783072600149845
0.023783067674724597
0.023783062740995013
0.0237830577989531
0.023783052848591297
0.023783047889901966
0.023783042922877393
0.0237830379475098
0.023783032963791487
0.023783027971714728
0.023783022971271776
0.02378301796245475
0.023783012945256064
0.023783007919667875
0.02378300288568219
0.023782997843291468
0.023782992792487457
0.02378298773326261
0.02378298266560906
0.023782977589518892
0.023782972504984106
0.02378296741199682
0.023782962310549327
0.02378295720063344
0.02378295208224128
0.02378294695536488
0.023782941819996236
0.023782936676127523
0.023782931523750505
0.023782926362857306
0.02378292119343977
0.023782916015490027
0.02378291082899992
0.023782905633961238
0.02378290043036623
0.023782895218206538
0.023782889997473924
0.023782884768160387
0.023782879530258233
0.02378287428375866
0.02378286902865353
0.023782863764935026
0.02378285849259486
0.023782853211624565
0.023782847922016192
0.023782842623761295
0.02378283731685174
0.023782832001279404
0.02378282667703553
0.023782821344112033
0.023782816002500935
0.023782810652193412
0.02378280529318141
0.023782799925456618
0.023782794549010403
0.02378278916383469
0.023782783769920712
0.023782778367260428
0.02378277295584516
0.023782767535666525
0.02378276210671605
0.023782756668985213
0.023782751222465873
0.023782745767149043
0.02378274030302648
0.023782734830089667
0.02378272934832985
0.02378272385773876
0.02378271835830756
0.023782712850027626
0.023782707332890785
0.023782701806888122
0.023782696272010923
0.023782690728250518
0.02378268517559873
0.023782679614046235
0.023782674043584636
0.0237826684642053
0.023782662875899346
0.023782657278658283
0.023782651672472992
0.023782646057335065
0.023782640433235473
0.023782634800165545
0.0237826291581166
0.02378262350707946
0.023782617847045544
0.02378261217800602
0.023782606499951987
0.023782600812874408
0.023782595116764584
0.02378258941161345
0.02378258369741219
0.02378257797415176
0.02378257224182334
0.02378256650041782
0.023782560749926344
0.023782554990339867
0.023782549221649216
0.023782543443845585
0.02378253765691981
0.023782531860862943
0.023782526055665703
0.023782520241319268
0.023782514417814198
0.02378250858514167
0.023782502743292334
0.02378249689225722
0.023782491032027037
0.023782485162592692
0.0237824792839448
0.02378247339607436
0.0237824674989719
0.02378246159262853
0.02378245567703481
0.02378244975218137
0.023782443818058985
0.023782437874658308
0.02378243192197027
0.023782425959985264
0.02378241998869404
0.023782414008087196
0.02378240801815539
0.023782402018889204
0.023782396010279098
0.023782389992315908
0.023782383964989974
0.023782377928291954
0.023782371882212387
0.023782365826741547
0.02378235976187031
0.02378235368758882
0.02378234760388781
0.02378234151075755
0.02378233540818827
0.023782329296170895
0.023782323174695707
0.02378231704375269
0.023782310903332438
0.023782304753425496
0.023782298594021863
0.023782292425112223
0.02378228624668671
0.023782280058735505
0.023782273861249117
0.02378226765421747
0.02378226143763111
0.023782255211480162
0.02378224897575473
0.023782242730445352
0.023782236475541764
0.023782230211034476
0.023782223936913448
0.023782217653168736
0.023782211359790886
0.02378220505676951
0.023782198744095033
0.02378219242134904
0.023782186089328403
0.0237821797476243
0.02378217339622717
0.02378216703512664
0.023782160664312522
0.023782154283775187
0.023782147893504586
0.02378214149349041
0.023782135083722775
0.02378212866419121
0.023782122234886346
0.023782115795797264
0.02378210934691416
0.023782102888226957
0.023782096419725247
0.023782089941398927
0.023782083453237908
0.02378207695523197
0.02378207044737057
0.023782063929643424
0.023782057402040837
0.023782050864552023
0.023782044317166892
0.02378203775987492
0.023782031192665788
0.023782024615529276
0.023782018028454987
0.0237820114314323
0.023782004824451076
0.0237819982075008
0.023781991580571052
0.023781984943651167
0.023781978296730986
0.023781971639799688
0.02378196497284718
0.02378195829586258
0.023781951608835266
0.02378194491175509
0.0237819382046111
0.023781931487392945
0.02378192476008973
0.023781918022691143
0.023781911275186307
0.023781904517564657
0.0237818977498157
0.02378189097192834
0.02378188418389197
0.023781877385696128
0.023781870577329806
0.023781863758782138
0.023781856930042797
0.023781850091100558
0.023781843241944864
0.023781836382564682
0.023781829512949243
0.023781822633087743
0.023781815742969108
0.023781808842582592
0.02378180193191733
0.02378179501096223
0.023781788079706264
0.023781781138138783
0.023781774186248397
0.02378176722402452
0.02378176025145587
0.023781753268531523
0.02378174627524007
0.023781739271570956
0.02378173225751264
0.023781725233054326
0.023781718198184955
0.023781711152892952
0.023781704097167428
0.023781697030997265
0.023781689954370886
0.023781682867277585
0.023781675769705912
0.023781668661644335
0.023781661543082117
0.02378165441400763
0.02378164727440955
0.023781640124276693
0.023781632963597553
0.02378162579236095
0.023781618610555326