error as a function of alpha_bar(6*10^(-6)), w(0,1,0.001), sigma(-3), eta=10^(-5)
0.780542393662
0.02343122215669066
0.02342869217685443
0.023424444405746054
0.023418431667938455
0.023410586973832914
0.02340082255917804
0.023389028626491004
0.02337507176996032
0.023358793062149295
0.023340005774176907
0.023318492703270327
0.02329400306366336
0.023266248909618887
0.023234901042461908
0.023199584353335093
0.023159872553387435
0.023115282236342394
0.023065266222883758
0.02300920613245548
0.022946404140199796
0.022876073881263365
0.022797330481238397
0.022709179726875497
0.0226105064005609
0.022500061887341265
0.022376451202030464
0.022238119690439342
0.0220833397755744
0.021910198274809122
0.02171658501313453
0.021500183702407066
0.021258466359719917
0.020988692894069867
0.020687917907147337
0.02035300721360786
0.019980667074111755
0.019567489606703726
0.01911001824211087
0.018604837322980912
0.018048689894462643
0.017438627239327126
0.016772192593299966
0.016047639544294525
0.015264182729082733
0.014422274492136804
0.013523896280897004
0.012572847960435288
0.011575012631115173
0.010538569720924328
0.009474126365392662
0.008394737516269141
0.007315790030912696
0.0062547354514051546
0.005230670149771279
0.004263778273735864
0.0033746701393578644
0.0025836632500910606
0.0019100620720448748
0.0013714940541180013
0.0009833526853880378
0.0007583848862469125
0.0007064423653326561
0.0008343979918483108
0.001146211781394392
0.001643119024514532
0.0023239066443560526
0.003185243276107641
0.004222032895476161
0.005427769096130277
0.0067948746748201444
0.008315016892488925
0.009979391877610292
0.011778972932383832
0.013704718458651156
0.015747736956493057
0.01789940920664851
0.020151470765750624
0.022496060428924908
0.024925741801220664
0.02743350538736752
0.03001275793349153
0.03265730446511392
0.03536132701271358
0.03811936264274361
0.04092628231196299
0.04377727124352814
0.04666781102430321
0.04959366330741938
0.05255085488021438
0.05553566382989791
0.058544606557970676
0.06157442543943465
0.06462207699828201
0.06768472049693483
0.07075970689895908
0.07384456818106697
0.07693700699210732
0.08003488667040144
0.08313622164705085
0.0862391682241564
0.08934201577451945
0.0924431783465795
0.09554118669783987
0.0986346807414197
0.10172240242127173
0.10480318898993517
0.10787596667420953
0.11093974482893473
0.11399361020822364
0.11703672192845777
0.12006830652142303
0.12308765340223143
0.12609411062664513
0.12908708093050067
0.13206601804078288
0.13503042322771439
0.13797984209810896
0.14091386160416103
0.1438321072571568
0.14673424052356918
0.14961995641250886
0.15248898120810328
0.15534107036713116
0.15817600656254252
0.16099359784112013
0.16379367592034774
0.16657609459071945
0.16934072823107094
0.17208747041243805
0.1748162325992719
0.1775269429367363
0.18021954511802832
0.1828939973207515
0.18555027121223402
0.1881883510257376
0.19080823269044045
0.1934099230168281
0.1959934389361067
0.19855880678656262
0.20110606164928863
0.20363524672059474
0.20614641272389742
0.20863961736113873
0.21111492480062385
0.21357240519346746
0.2160121342211807
0.21843419266490974
0.22083866601986119
0.223225644110188
0.22559522074710314
0.227947493396135
0.2302825628709796
0.23260053304342343
0.23490151057385436
0.23718560465521532
0.23945292677683297
0.24170359049795717
0.24393771124157504
0.24615540609467196
0.24835679362498483
0.2505419937090194
0.25271112736882007
0.25486431662063763
0.2570016843330578
0.2591233540923418
0.2612294500809092
0.26332009695445346
0.2653954197416171
0.26745554373267155
0.2695005943900131
0.2715306972560156
0.27354597787096757
0.2755465616942497
0.27753257403076426
0.2795041399660296
0.28146138430244694
0.28340443149564415
0.2853334056068246
0.2872484302458913
0.2891496285305402
0.2910371230336488
0.2929110357529081
0.2947714880659779
0.2966186006985094
0.2984524936889992
0.3002732863681868
0.30208109731962823
0.30387604436568344
0.30565824453565155
0.3074278140554747
0.309184868317142
0.3109295218717538
0.3126618884073977
0.31438208073973756
0.3160902107950758
0.3177863896057291
0.31947072729087533
0.3211433330593281
0.3228043151939446
0.3244537810463511
0.32609183703657163
0.3277185886435104
0.3293341404011775
0.3309385959032383
0.33253205779280687
0.33411462776446976
0.3356864065654512
0.3372474939955633
0.33879798890366414
0.3403379891960917
0.3418675918322832
0.3433868928321689
0.3448959872737695
0.34639496930406816
0.3478839321315425
0.3493629680437204
0.3508321683997718
0.35229162364194333
0.35374142329766173
0.3551816559889122
0.35661240942963274
0.3580337704424205
0.3594458249526716
0.3608486580062848
0.3622423537663562
0.36362699552586425
0.3650026657122111
0.3663694458933922
0.3677274167861721
0.3690766582622333
0.3704172493551389
0.3717492682692259
0.3730727923848907
0.3743878982670214
0.37569466167122584
0.37699315755387147
0.3782834600765991
0.3795656426151405
0.3808397777677922
0.38210593736121096
0.3833641924596193
0.38461461336997305
0.3858572696541905
0.3870922301309586
0.38831956288744646
0.3895393352857214
0.3907516139697462
0.391956464873421
0.3931539532283924
0.39434414357020176
0.39552709974784284
0.3967028849294633
0.3978715616099821
0.3990331916194457
0.4001878361287695
0.4013355556582685
0.40247641008489377
0.40361045864828593
0.4047377599585625
0.40585837200341485
0.4069723521547505
0.4080797571767348
0.40918064323109776
0.41027506588444407
0.411363080116137
0.4124447403234625
0.41352010032940417
0.4145892133888163
0.4156521321944765
0.4167089088848711
0.4177595950485419
0.4188042417334963
0.41984289944950237
0.4208756181777823
0.4219024473762212
0.42292343598437987
0.42393863243022123
0.42494808463608946
0.42595184002521497
0.4269499455262626
0.4279424475809121
0.42892939214682535
0.42991082470673736
0.4308867902709524
0.43185733338480836
0.4328224981336657
0.43378232814765555
0.4347368666080408
0.43568615625228574
0.4366302393776604
0.4375691578489053
0.4385029531019705
0.4394316661490192
0.4403553375840833
0.4412740075867833
0.4421877159284199
0.44309650197653155
0.4440004046990295
0.4448994626691815
0.4457937140705381
0.4466831967010582
0.447567947978928
0.4484480049443903
0.44932340426649164
0.45019418224750474
0.4510603748247034
0.4519220175771592
0.4527791457301114
0.45363179415648286
0.45447999738366934
0.45532378959589487
0.45616320463869053
0.45699827602416515
0.45782903693261173
0.4586555202176205
0.45947775841016253
0.46029578372118235
0.46110962804681066
0.46191932297038274
0.4627248997674207
0.46352638940878155
0.46432382256390026
0.46511722960385243
0.46590664060651915
0.46669208535760587
0.4674735933561935
0.46825119381652835
0.46902491567160565
0.46979478757710713
0.470560837913848
0.4713230947913847
0.472081586049994
0.47283633926570884
0.47358738175185927
0.47433474056190233
0.475078442494136
0.4758185140915354
0.47655498164782123
0.4772878712093761
0.4780172085758843
0.47874301930626656
0.4794653287193414
0.4801841618976473
0.4808995436894065
0.48161149871005704
0.4823200513487169
0.48302522576537565
0.4837270458986201
0.48442553546426254
0.48512071795970485
0.48581261666588665
0.4865012546495616
0.48718665476663914
0.4878688396630422
0.4885478317772978
0.48922365334419177
0.48989632639573305
0.49056587276367497
0.4912323140814863
0.49189567178756793
0.49255596712584643
0.49321322114938015
0.49386745472100546
0.49451868851710085
0.4951669430274907
0.4958122385596055
0.4964545952391825
0.49709403301320404
0.4977305716499779
0.4983642307425986
0.49899502971195014
0.49962298780571374
0.5002481241015974
0.5008704575097844
0.5014900067743588
0.5021067904743365
0.502720827026156
0.5033321346853918
0.5039407315482018
0.5045466355529239
0.5051498644830452
0.5057504359655395
0.5063483674773629
0.5069436763423403
0.5075363797359401
0.5081264946859801
0.5087140380729656
0.5092990266328532
0.5098814769595494
0.5104614055033903
0.5110388285760212
0.511613762348936
0.5121862228572136
0.5127562259993962
0.5133237875398594
0.5138889231097912
0.5144516482079504
0.5150119782036968
0.5155699283369894
0.5161255137195584
0.5166787493368526
0.5172296500496869
0.5177782305945788
0.5183245055854219
0.5188684895151735
0.5194101967564169
0.5199496415627679
0.5204868380700817
0.5210218002982091
0.5215545421509534
0.5220850774186501
0.522613419778129
0.5231395827947604
0.5236635799234519
0.5241854245080442
0.5247051297858238
0.5252227088853155
0.5257381748285505
0.5262515405332336
0.5267628188118371
0.5272720223745239
0.5277791638286046
0.5282842556799463
0.5287873103349822
0.529288340100645
0.5297873571852307
0.5302843736999943
0.5307794016598044
0.5312724529847953
0.5317635395000009
0.5322526729369229
0.5327398649348458
0.533225127040523
0.533708470711054
0.5341899073128021
0.5346694481228951
0.535147104331144
0.5356228870388426
0.5360968072622057
0.5365688759303874
0.5370391038881218
0.5375075019421124
0.5379740806166249
0.5384388506916478
0.5389018225874074
0.5393630067518824
0.5398224135374117
0.5402800532174359
0.5407359359856678
0.5411900719592787
0.5416424711770996
0.5420931436021519
0.5425420991220931
0.54298934754835
0.5434348986194999
0.5438787619998766
0.5443209472804258
0.5447614639809235
0.5452003215487466
0.5456375293611027
0.5460730967238374
0.5465070328744492
0.5469393469807047
0.5473700481428176
0.5477991453922719
0.5482266476942251
0.5486525639473911
0.5490769029844311
0.5494996735728667
0.549920884415979
0.5503405441518694
0.5507586613563787
0.5511752445420435
0.5515903021587762
0.552003842595213
0.5524158741788016
0.5528264051759253
0.5532354437935023
0.5536429981776919
0.5540490764175547
0.554453686541789
0.5548568365220297
0.5552585342727471
0.5556587876510939
0.5560576044573519
0.5564549924368177
0.5568509592781729
0.5572455126171124
0.5576386600324298
0.5580304090506472
0.5584207671444964
0.5588097417334688
0.5591973401844068
0.5595835698120776
0.5599684378798866
0.5603519516001484
0.5607341181339555
0.5611149445922827
0.5614944380363306
0.5618726054782813
0.5622494538802346
0.5626249901567415
0.5629992211741649
0.5633721537504068
0.56374379465646
0.5641141506165486
0.564483228308255
0.5648510343628124
0.5652175753663488
0.5655828578587583
0.5659468883363852
0.5663096732490885
0.5666712190043229
0.5670315319648639
0.5673906184500471
0.5677484847367533
0.568105137058186
0.5684605816060927
0.568814824529825
0.569167871937019
0.5695197298946506
0.5698704044280197
0.5702199015221584
0.5705682271216224
0.5709153871316041
0.5712613874174001
0.571606233804358
0.5719499320807162
0.5722924879938849
0.572633907254578
0.5729741955352126
0.5733133584697616
0.5736514016561672
0.5739883306544805
0.5743241509878383
0.5746588681437259
0.574992487572513
0.5753250146901954
0.575656454875376
0.5759868134730082
0.5763160957922727
0.5766443071077526
0.5769714526598734
0.5772975376546237
0.5776225672642261
0.5779465466279141
0.5782694808505469
0.5785913750046571
0.5789122341302574
0.579232063234082
0.5795508672913711
0.5798686512447339
0.5801854200052134
0.5805011784530779
0.5808159314366553
0.5811296837730283
0.5814424402495845
0.581754205622252
0.5820649846173737
0.5823747819308219
0.5826836022286359
0.5829914501481634
0.5832983302964624
0.5836042472517767
0.5839092055642746
0.5842132097539442
0.5845162643144632
0.5848183737092586
0.5851195423753863
0.5854197747210895
0.5857190751276183
0.586017447949022
0.5863148975121344
0.5866114281166133
0.5869070440358584
0.5872017495164412
0.587495548779137
0.5877884460182866
0.5880804454021081
0.5883715510741462
0.5886617671510769
0.5889510977258564
0.5892395468648728
0.5895271186108697
0.5898138169812754
0.5900996459687609
0.5903846095423476
0.5906687116463492
0.5909519562015412
0.591234347104514
0.5915158882285922
0.5917965834240024
0.5920764365165603
0.5923554513102169
0.5926336315852877
0.592910981100087
0.5931875035896697
0.5934632027669422
0.5937380823224006
0.5940121459251364
0.5942853972221891
0.5945578398377284
0.5948294773762687
0.5951003134192163
0.5953703515276559
0.5956395952412582
0.5959080480789518
0.596175713539087
0.5964425950986543
0.5967086962148453
0.5969740203242766
0.5972385708434885
0.5975023511689838
0.5977653646769749
0.5980276147245817
0.598289104649093
0.5985498377682685
0.5988098173804969
0.5990690467650306
0.5993275291824338
0.5995852678737931
0.599842266062022
0.6000985269511643
0.6003540537265313
0.6006088495551054
0.6008629175866428
0.6011162609511146
0.6013688827620585
0.6016207861144888
0.6018719740856147
0.6021224497352078
0.602372216105822
0.602621276222203
0.6028696330925479
0.6031172897073529
0.6033642490402458
0.6036105140484975
0.6038560876719598
0.6041009728345698
0.6043451724431557
0.6045886893888422
0.6048315265456633
0.6050736867722417
0.6053151729106925
0.605555987787536
0.605796134213156
0.6060356149828098
0.6062744328753864
0.6065125906549896
0.6067500910698466
0.6069869368531705
0.6072231307230643
0.607458675382695
0.6076935735196188
0.6079278278073783
0.6081614409041596
0.6083944154536304
0.6086267540853538
0.608858459414118
0.6090895340400752
0.609319980549483
0.6095498015145979
0.6097789994932802
0.610007577029431
0.6102355366535199
0.6104628808817286
0.6106896122171923
0.6109157331483919
0.6111412461513479
0.6113661536884899
0.6115904582086192
0.6118141621475633
0.6120372679278354
0.6122597779587223
0.6124816946375752
0.6127030203474754
0.6129237574597385
0.6131439083327394
0.6133634753115946
0.6135824607300085
0.6138008669088284
0.6140186961557448
0.6142359507671116
0.614452633027066
0.6146687452072658
0.6148842895672402
0.6150992683547042
0.6153136838059666
0.6155275381445426
0.615740833583414
0.6159535723230639
0.6161657565523678
0.6163773884494971
0.616588470180481
0.6167990039002091
0.6170089917523731
0.6172184358695656
0.6174273383730396
0.6176357013728074
0.6178435269687322
0.6180508172487088
0.6182575742908661
0.6184638001615983
0.6186694969171026
0.618874666603194
0.6190793112542462
0.6192834328951642
0.6194870335400626
0.6196901151923684
0.6198926798454301
0.6200947294825458
0.6202962660767192
0.6204972915910028
0.620697807978056
0.6208978171811113
0.6210973211328548
0.6212963217568873
0.6214948209662693
0.6216928206651936
0.6218903227470752
0.6220873290970965
0.6222838415896482
0.6224798620906448
0.6226753924556833
0.6228704345317778
0.6230649901566498
0.6232590611581347
0.6234526493551252
0.6236457565578637
0.6238383845671603
0.6240305351747933
0.6242222101638732
0.6244134113078889
0.6246041403725516
0.6247943991142115
0.6249841892800049
0.6251735126097552
0.6253623708333048
0.6255507656724507
0.6257386988409444
0.6259261720430396
0.6261131869757124
0.626299745326633
0.6264858487758473
0.6266714989948197
0.6268566976469482
0.6270414463871068
0.6272257468627341
0.6274096007128166
0.6275930095682902
0.627775975051975
0.6279584987794791
0.6281405823577633
0.6283222273866065
0.6285034354575033
0.6286842081545652
0.6288645470539113
0.6290444537247759
0.6292239297277885
0.6294029766167187
0.6295815959378922
0.6297597892299983
0.6299375580239344
0.6301149038440591
0.6302918282066898
0.6304683326215084
0.6306444185906585
0.6308200876088297
0.6309953411640509
0.631170180736898
0.6313446078014332
0.6315186238238526
0.6316922302644797
0.6318654285757963
0.6320382202035676
0.6322106065870953
0.6323825891589411
0.6325541693437926
0.6327253485613037
0.6328961282230481
0.633066509734781
0.6332364944954116
0.6334060838970981
0.6335752793255949
0.6337440821600084
0.6339124937736852
0.6340805155327474
0.6342481487970228
0.6344153949207229
0.634582255250951
0.634748731128836
0.6349148238892303
0.6350805348611425
0.635245865367035
0.6354108167233468
0.6355753902404112
0.6357395872225603
0.6359034089681097
0.6360668567692349
0.6362299319124192
0.6363926356783535
0.6365549693413662
0.6367169341700258
0.636878531427793
0.6370397623714595
0.6372006282523419
0.6373611303163966
0.6375212698036545
0.637681047948336
0.6378404659789859
0.6379995251194167
0.6381582265868418
0.6383165715930873
0.6384745613455521
0.6386321970446341
0.6387894798865988
0.6389464110613631
0.6391029917541771
0.6392592231447638
0.6394151064074708
0.6395706427109865
0.6397258332194238
0.6398806790913425
0.6400351814801518
0.6401893415338702
0.6403431603960985
0.6404966392046864
0.6406497790926274
0.6408025811876634
0.6409550466127923
0.6411071764857501
0.6412589719200087
0.6414104340229859
0.6415615638981128
0.6417123626435532
0.6418628313529681
0.6420129711144984
0.6421627830119878
0.6423122681245773
0.6424614275265867
0.6426102622875062
0.6427587734718787
0.6429069621404857
0.6430548293481769
0.6432023761460882
0.6433496035809747
0.6434965126941294
0.6436431045230654
0.6437893801001608
0.6439353404538393
0.6440809866077573
0.6442263195811595
0.6443713403891418
0.6445160500422144
0.6446604495465086
0.6448045399033235
0.6449483221105282
0.6450917971613022
0.6452349660443613
0.6453778297444148
0.6455203892419422
0.6456626455126557
0.6458045995290458
0.645946252258855
0.6460876046656298
0.6462286577089627
0.6463694123444296
0.6465098695233612
0.6466500301929982
0.6467898952971025
0.6469294657743528
0.6470687425603553
0.6472077265862567
0.6473464187798846
0.647484820064439
0.6476229313595622
0.6477607535808145
0.6478982876398586
0.6480355344450781
0.6481724949006313
0.6483091699064016
0.6484455603594214
0.6485816671521584
0.6487174911739715
0.6488530333097527
0.6489882944416774
0.6491232754474812
0.6492579772013716
0.649392400573844
0.6495265464323052
0.6496604156398129
0.6497940090563821
0.6499273275379187
0.6500603719375351
0.6501931431041704
0.6503256418835365
0.650457869117521
0.6505898256450997
0.6507215123014146
0.6508529299181662
0.650984079323387
0.651114961342503
0.6512455767966385
0.6513759265043507
0.6515060112800762
0.6516358319355039
0.6517653892784991
0.6518946841141581
0.6520237172440835
0.6521524894661042
0.6522810015758866
0.6524092543646557
0.6525372486210086
0.6526649851307698
0.6527924646759318
0.6529196880350147
0.6530466559843957
0.6531733692967708
0.6532998287411949
0.6534260350847074
0.6535519890904703
0.6536776915187882
0.6538031431267826
0.6539283446688011
0.6540532968960194
0.6541780005562979
0.6543024563951694
0.6544266651545032
0.654550627573639
0.6546743443888622
0.6547978163333271
0.6549210441374047
0.6550440285285171
0.6551667702314802
0.6552892699675574
0.6554115284556943
0.65553354641201
0.6556553245497355
0.655776863578713
0.6558981642066026
0.6560192271383788
0.6561400530754959
0.6562606427171296
0.6563809967600724
0.6565011158974644
0.6566210008202643
0.6567406522171017
0.6568600707727132
0.656979257170735
0.6570982120905382
0.6572169362098165
0.6573354302037643
0.6574536947438494
0.6575717304999814
0.6576895381390796
0.6578071183255709
0.657924471721092
0.6580415989845704
0.65815850077298
0.6582751777401182
0.6583916305377796
0.6585078598147024
0.6586238662174215
0.6587396503899591
0.658855212973922
0.6589705546080533
0.6590856759293172
0.6592005775714818
0.6593152601663989
0.6594297243434486
0.6595439707289851
0.6596579999477842
0.6597718126219373
0.6598854093708213
0.6599987908120766
0.6601119575602014
0.6602249102280019
0.6603376494256841
0.6604501757611473
0.6605624898401051
0.6606745922658975
0.660786483639133
0.6608981645589193
0.6610096356214312
0.6611208974211132
0.6612319505497803
0.6613427955969543
0.6614534331507063
0.6615638637957288
0.6616740881152232
0.6617841066899044
0.6618939200988041
0.662003528918389
0.6621129337226032
0.6622221350838965
0.6623311335724131
0.6624399297556327
0.6625485241996112
0.6626569174682724
0.6627651101225747