error as a function of alpha_bar(10^(-4)), w(0,1,0.001), sigma(-4), eta=10^(-5)
0.780542393662
0.023786244995677882
0.02378624499300977
0.023786244988530523
0.023786244982269045
0.023786244974208066
0.023786244964363178
0.02378624495272395
0.023786244939297315
0.02378624492407766
0.023786244907066923
0.02378624488826631
0.02378624486767798
0.02378624484529572
0.023786244821125086
0.023786244795161022
0.02378624476740838
0.02378624473786451
0.023786244706530593
0.023786244673405947
0.023786244638491532
0.02378624460178416
0.02378624456328767
0.023786244522999343
0.023786244480921887
0.023786244437052077
0.02378624439139188
0.02378624434394103
0.02378624429470023
0.023786244243667355
0.023786244190843908
0.023786244136228905
0.02378624407982406
0.02378624402162741
0.02378624396164089
0.023786243899861836
0.023786243836292267
0.023786243770931564
0.02378624370378028
0.02378624363483683
0.023786243564103422
0.023786243491577493
0.02378624341726113
0.023786243341152535
0.023786243263253123
0.02378624318356144
0.023786243102079333
0.02378624301880556
0.023786242933740032
0.023786242846882154
0.023786242758233628
0.023786242667792418
0.023786242575560793
0.02378624248153589
0.023786242385719907
0.023786242288111957
0.023786242188711552
0.02378624208751924
0.023786241984534964
0.023786241879758627
0.023786241773189973
0.02378624166482891
0.02378624155467589
0.023786241442729887
0.02378624132899196
0.023786241213460884
0.023786241096137827
0.023786240977021512
0.023786240856113156
0.023786240733411297
0.02378624060891699
0.02378624048262961
0.023786240354549574
0.023786240224675917
0.02378624009300947
0.023786239959549794
0.02378623982429683
0.02378623968725041
0.02378623954841042
0.023786239407777045
0.02378623926535019
0.023786239121129205
0.023786238975115052
0.0237862388273064
0.023786238677704182
0.023786238526307752
0.023786238373117653
0.023786238218133127
0.02378623806135429
0.023786237902781088
0.023786237742413376
0.02378623758025123
0.023786237416294494
0.02378623725054278
0.023786237082996358
0.02378623691365503
0.02378623674251911
0.023786236569587282
0.023786236394860938
0.02378623621833901
0.02378623604002191
0.023786235859909143
0.023786235678000766
0.02378623549429647
0.023786235308797078
0.023786235121501017
0.02378623493240939
0.02378623474152136
0.02378623454883735
0.023786234354356794
0.023786234158080177
0.02378623396000638
0.023786233760136652
0.023786233558469618
0.023786233355006094
0.023786233149745224
0.023786232942687408
0.023786232733832256
0.023786232523179976
0.023786232310729957
0.023786232096482954
0.023786231880437596
0.023786231662594342
0.02378623144295357
0.02378623122151471
0.023786230998277418
0.023786230773241827
0.023786230546407987
0.02378623031777582
0.023786230087344293
0.02378622985511422
0.02378622962108546
0.023786229385257474
0.023786229147630115
0.023786228908203255
0.02378622866697729
0.02378622842395167
0.023786228179126075
0.02378622793250044
0.023786227684075244
0.023786227433849495
0.023786227181823653
0.023786226927997103
0.02378622667237034
0.023786226414942605
0.02378622615571387
0.023786225894684085
0.02378622563185344
0.02378622536722119
0.023786225100787817
0.02378622483255247
0.023786224562515484
0.023786224290676613
0.023786224017035704
0.023786223741592585
0.023786223464347
0.023786223185298657
0.023786222904447988
0.023786222621794303
0.02378622233733768
0.02378622205107766
0.02378622176301471
0.023786221473147892
0.023786221181477732
0.023786220888003484
0.02378622059272537
0.02378622029564322
0.023786219996756685
0.023786219696065473
0.023786219393569924
0.02378621908926958
0.023786218783164045
0.0237862184752533
0.023786218165537512
0.023786217854015794
0.023786217540688753
0.023786217225555784
0.02378621690861664
0.023786216589871238
0.02378621626931989
0.023786215946961595
0.023786215622796644
0.023786215296824766
0.023786214969045698
0.023786214639459357
0.023786214308065795
0.023786213974864287
0.023786213639855006
0.023786213303037606
0.02378621296441221
0.023786212623978155
0.023786212281735598
0.02378621193768435
0.0237862115918239
0.023786211244154042
0.02378621089467525
0.023786210543386897
0.02378621019028844
0.023786209835380306
0.02378620947866193
0.023786209120133132
0.023786208759793696
0.023786208397643564
0.023786208033682428
0.02378620766790996
0.0237862073003265
0.02378620693093107
0.023786206559723955
0.023786206186705034
0.02378620581187374
0.023786205435229954
0.023786205056773684
0.023786204676504413
0.023786204294422072
0.02378620391052649
0.02378620352481755
0.02378620313729482
0.02378620274795814
0.023786202356807215
0.023786201963842124
0.023786201569062335
0.023786201172467825
0.023786200774058176
0.023786200373833437
0.023786199971793015
0.023786199567937084
0.02378619916226512
0.023786198754777114
0.0237861983454725
0.02378619793435155
0.023786197521413654
0.02378619710665865
0.023786196690086255
0.02378619627169661
0.023786195851488907
0.023786195429463263
0.023786195005619463
0.0237861945799572
0.02378619415247606
0.02378619372317621
0.023786193292056907
0.023786192859118146
0.02378619242435994
0.02378619198778144
0.023786191549383197
0.02378619110916445
0.02378619066712478
0.02378619022326423
0.023786189777582803
0.023786189330079793
0.023786188880755073
0.0237861884296085
0.023786187976639804
0.02378618752184861
0.023786187065234714
0.023786186606797852
0.023786186146537887
0.023786185684454595
0.023786185220547488
0.023786184754816368
0.023786184287260984
0.02378618381788126
0.02378618334667657
0.023786182873647057
0.023786182398792204
0.02378618192211193
0.02378618144360557
0.023786180963273333
0.02378618048111468
0.023786179997129377
0.023786179511317167
0.02378617902367776
0.023786178534211045
0.023786178042916585
0.023786177549793994
0.02378617705484318
0.023786176558064046
0.0237861760594559
0.02378617555901869
0.02378617505675195
0.02378617455265576
0.023786174046729596
0.02378617353897297
0.023786173029386036
0.023786172517968374
0.023786172004719507
0.023786171489639227
0.02378617097272728
0.023786170453983447
0.02378616993340732
0.02378616941099871
0.023786168886757192
0.023786168360682695
0.023786167832774582
0.023786167303032846
0.02378616677145702
0.02378616623804714
0.023786165702802384
0.023786165165722822
0.023786164626808104
0.0237861640860577
0.023786163543471586
0.02378616299904924
0.023786162452790516
0.023786161904695322
0.023786161354762678
0.023786160802992975
0.02378616024938549
0.023786159693940084
0.02378615913665647
0.023786158577534154
0.02378615801657292
0.02378615745377247
0.02378615688913234
0.023786156322652716
0.023786155754332558
0.02378615518417227
0.023786154612170925
0.023786154038328396
0.023786153462644385
0.023786152885119052
0.02378615230575109
0.023786151724540905
0.023786151141488004
0.0237861505565921
0.023786149969852628
0.023786149381269387
0.023786148790842104
0.023786148198570632
0.023786147604454123
0.023786147008492676
0.02378614641068593
0.02378614581103326
0.023786145209534724
0.0237861446061897
0.023786144000997902
0.023786143393959094
0.02378614278507282
0.02378614217433865
0.023786141561756464
0.02378614094732601
0.023786140331046403
0.023786139712917955
0.02378613909293984
0.023786138471111936
0.023786137847433737
0.02378613722190523
0.023786136594525668
0.023786135965294917
0.023786135334212595
0.02378613470127824
0.02378613406649157
0.023786133429852394
0.023786132791360083
0.023786132151014446
0.02378613150881498
0.02378613086476147
0.023786130218853525
0.023786129571090785
0.0237861289214727
0.02378612826999927
0.023786127616669848
0.023786126961484088
0.023786126304441584
0.023786125645542396
0.023786124984785523
0.02378612432217097
0.023786123657698468
0.023786122991367252
0.023786122323177224
0.023786121653128007
0.02378612098121896
0.023786120307450028
0.023786119631820753
0.023786118954330686
0.02378611827497947
0.023786117593766642
0.023786116910692094
0.023786116225755112
0.023786115538955346
0.0237861148502927
0.02378611415976656
0.02378611346737665
0.02378611277312241
0.023786112077003575
0.02378611137901976
0.023786110679170587
0.023786109977455536
0.023786109273874305
0.02378610856842649
0.023786107861111808
0.023786107151929605
0.0237861064408797
0.02378610572796166
0.023786105013175005
0.023786104296519346
0.0237861035779943
0.023786102857599637
0.02378610213533455
0.023786101411199
0.023786100685192362
0.023786099957314535
0.023786099227564795
0.02378609849594281
0.023786097762448076
0.023786097027080337
0.02378609628983929
0.023786095550724206
0.023786094809734815
0.023786094066870832
0.023786093322131913
0.023786092575517014
0.023786091827026484
0.023786091076659615
0.02378609032441567
0.023786089570294582
0.02378608881429579
0.02378608805641908
0.023786087296663882
0.023786086535029782
0.023786085771516155
0.023786085006122813
0.02378608423884925
0.023786083469695053
0.0237860826986597
0.02378608192574299
0.02378608115094433
0.02378608037426324
0.023786079595699235
0.023786078815252142
0.023786078032921237
0.023786077248706305
0.023786076462606668
0.023786075674622126
0.02378607488475209
0.023786074092996098
0.023786073299353786
0.023786072503824838
0.023786071706408403
0.023786070907104367
0.0237860701059123
0.023786069302831486
0.023786068497861756
0.023786067691002433
0.023786066882253237
0.0237860660716137
0.023786065259083167
0.023786064444661383
0.023786063628347853
0.023786062810141947
0.023786061990043492
0.02378606116805199
0.023786060344166624
0.023786059518387324
0.023786058690713558
0.023786057861144627
0.023786057029680285
0.023786056196320154
0.02378605536106324
0.023786054523909823
0.023786053684858838
0.023786052843910135
0.023786052001063134
0.02378605115631743
0.02378605030967232
0.023786049461127584
0.02378604861068258
0.023786047758337005
0.023786046904090266
0.023786046047941947
0.02378604518989139
0.023786044329938184
0.02378604346808206
0.023786042604322325
0.023786041738658465
0.023786040871090087
0.023786040001616646
0.02378603913023788
0.023786038256952934
0.02378603738176154
0.02378603650466323
0.023786035625657235
0.023786034744743525
0.02378603386192121
0.023786032977189855
0.023786032090548984
0.02378603120199834
0.023786030311537174
0.023786029419164894
0.02378602852488133
0.0237860276286857
0.023786026730577673
0.023786025830556713
0.023786024928622158
0.02378602402477358
0.023786023119010572
0.023786022211332383
0.023786021301738677
0.023786020390229225
0.023786019476802985
0.02378601856145977
0.023786017644198843
0.023786016725019978
0.023786015803922547
0.02378601488090592
0.023786013955969517
0.02378601302911312
0.02378601210033593
0.023786011169637584
0.023786010237017235
0.023786009302475083
0.023786008366009914
0.023786007427621412
0.023786006487308903
0.02378600554507231
0.0237860046009108
0.02378600365482363
0.02378600270681043
0.02378600175687109
0.02378600080500453
0.023785999851210306
0.023785998895488124
0.02378599793783722
0.023785996978257104
0.023785996016747232
0.02378599505330704
0.023785994087936125
0.023785993120634126
0.023785992151399822
0.023785991180233154
0.023785990207133574
0.023785989232100447
0.02378598825513326
0.023785987276231373
0.023785986295394246
0.023785985312621643
0.023785984327912377
0.023785983341266286
0.023785982352683026
0.023785981362161757
0.023785980369701868
0.02378597937530278
0.023785978378964442
0.02378597738068545
0.02378597638046595
0.023785975378305034
0.02378597437420238
0.023785973368157118
0.023785972360168883
0.023785971350236922
0.023785970338360975
0.023785969324540253
0.023785968308774233
0.023785967291062207
0.02378596627140385
0.023785965249798643
0.02378596422624547
0.023785963200744213
0.023785962173294324
0.023785961143895185
0.02378596011254594
0.023785959079246147
0.023785958043995584
0.02378595700679314
0.02378595596763836
0.023785954926530885
0.023785953883470004
0.02378595283845517
0.023785951791485765
0.023785950742560923
0.023785949691680384
0.02378594863884367
0.02378594758404988
0.023785946527298405
0.02378594546858896
0.02378594440792069
0.02378594334529309
0.023785942280705637
0.02378594121415742
0.023785940145648388
0.02378593907517737
0.023785938002744016
0.023785936928347563
0.023785935851987842
0.02378593477366386
0.02378593369337502
0.023785932611120716
0.023785931526900554
0.023785930440713948
0.02378592935255987
0.023785928262437923
0.023785927170347707
0.023785926076288468
0.023785924980259308
0.023785923882259967
0.023785922782289772
0.023785921680347943
0.023785920576433906
0.023785919470547125
0.02378591836268703
0.023785917252852947
0.023785916141044035
0.023785915027259734
0.023785913911499763
0.02378591279376325
0.023785911674049417
0.02378591055235777
0.023785909428687798
0.023785908303038842
0.023785907175409977
0.023785906045800765
0.023785904914210718
0.023785903780639068
0.023785902645085004
0.023785901507548054
0.023785900368027614
0.023785899226523115
0.023785898083033594
0.02378589693755867
0.023785895790097572
0.02378589464064991
0.023785893489214602
0.023785892335791245
0.02378589118037927
0.02378589002297798
0.02378588886358661
0.023785887702204557
0.023785886538831177
0.023785885373465786
0.02378588420610756
0.023785883036756286
0.023785881865411005
0.023785880692071035
0.023785879516735803
0.023785878339404494
0.023785877160076678
0.02378587597875169
0.023785874795428645
0.02378587361010688
0.0237858724227861
0.0237858712334652
0.023785870042143494
0.023785868848820654
0.02378586765349583
0.023785866456168526
0.02378586525683771
0.023785864055502832
0.023785862852163386
0.02378586164681867
0.023785860439467614
0.023785859230110017
0.023785858018745085
0.02378585680537191
0.023785855589990048
0.023785854372598596
0.023785853153197208
0.02378585193178493
0.02378585070836096
0.023785849482924858
0.023785848255475785
0.023785847026013354
0.023785845794536267
0.02378584456104431
0.023785843325536873
0.023785842088012765
0.023785840848471636
0.023785839606912742
0.023785838363335463
0.023785837117738892
0.023785835870122368
0.023785834620485193
0.023785833368826923
0.02378583211514646
0.023785830859443313
0.023785829601716716
0.02378582834196606
0.023785827080190527
0.02378582581638927
0.023785824550561753
0.02378582328270746
0.023785822012825288
0.02378582074091458
0.023785819466974834
0.023785818191005198
0.023785816913005093
0.023785815632973627
0.02378581435090982
0.02378581306681363
0.02378581178068384
0.023785810492519606
0.023785809202320634
0.023785807910085957
0.023785806615814965
0.023785805319506526
0.023785804021160442
0.023785802720775705
0.02378580141835175
0.02378580011388744
0.023785798807382522
0.023785797498836
0.023785796188247315
0.023785794875615225
0.023785793560939707
0.023785792244219627
0.023785790925454145
0.023785789604642754
0.023785788281784424
0.0237857869568787
0.023785785629924654
0.023785784300921785
0.023785782969868944
0.0237857816367657
0.02378578030161116
0.02378577896440459
0.023785777625145263
0.023785776283832383
0.02378577494046519
0.02378577359504312
0.02378577224756483
0.023785770898030183
0.02378576954643821
0.023785768192788263
0.02378576683707927
0.02378576547931059
0.02378576411948174
0.023785762757591512
0.023785761393639273
0.023785760027624378
0.02378575865954602
0.023785757289403534
0.023785755917195676
0.023785754542922085
0.02378575316658209
0.023785751788174707
0.023785750407698984
0.02378574902515427
0.02378574764053992
0.023785746253855232
0.023785744865099077
0.023785743474270666
0.02378574208136982
0.02378574068639513
0.023785739289345912
0.02378573789022145
0.02378573648902109
0.023785735085744036
0.023785733680388946
0.023785732272955714
0.023785730863443107
0.02378572945185072
0.023785728038177426
0.02378572662242239
0.023785725204585047
0.023785723784664516
0.023785722362659925
0.023785720938570582
0.023785719512395644
0.02378571808413406
0.023785716653785403
0.023785715221348612
0.02378571378682304
0.023785712350207776
0.023785710911501803
0.023785709470704623
0.023785708027815433
0.02378570658283324
0.0237857051357572
0.023785703686586772
0.023785702235320758
0.02378570078195872
0.023785699326499304
0.023785697868942315
0.023785696409286478
0.02378569494753121
0.023785693483675454
0.02378569201771858
0.023785690549659722
0.023785689079498018
0.02378568760723252
0.023785686132862548
0.023785684656387324
0.02378568317780582
0.023785681697117228
0.02378568021432095
0.023785678729415914
0.02378567724240133
0.023785675753276232
0.023785674262039737
0.02378567276869149
0.02378567127323014
0.02378566977565516
0.02378566827596549
0.023785666774160316
0.02378566527023892
0.02378566376420004
0.023785662256043286
0.023785660745767823
0.02378565923337246
0.02378565771885641
0.023785656202218942
0.023785654683459275
0.02378565316257622
0.02378565163956934
0.023785650114437354
0.023785648587179617
0.02378564705779538
0.023785645526283535
0.023785643992643112
0.023785642456873708
0.023785640918974102
0.023785639378943547
0.02378563783678111
0.023785636292485864
0.023785634746057036
0.023785633197493706
0.023785631646795008
0.02378563009396002
0.023785628538987903
0.023785626981877733
0.02378562542262864
0.02378562386123984
0.023785622297710425
0.023785620732039207
0.02378561916422569
0.023785617594268903
0.023785616022167822
0.023785614447921606
0.02378561287152931
0.023785611292990214
0.023785609712303226
0.023785608129467582
0.02378560654448229
0.023785604957346544
0.023785603368059256
0.023785601776619866
0.023785600183027
0.023785598587280077
0.02378559698937819
0.023785595389320624
0.02378559378710585
0.023785592182733493
0.02378559057620249
0.02378558896751183
0.023785587356660563
0.023785585743648058
0.023785584128473373
0.023785582511135217
0.023785580891633008
0.023785579269965672
0.023785577646132455
0.023785576020132256
0.023785574391964107
0.02378557276162717
0.023785571129120702
0.023785569494443614
0.023785567857594808
0.023785566218573615
0.023785564577378973
0.023785562934010046
0.023785561288465946
0.023785559640745326
0.023785557990847934
0.023785556338772284
0.02378555468451749
0.023785553028082655
0.023785551369467178
0.02378554970866973
0.02378554804568964
0.023785546380525623
0.023785544713177006
0.023785543043642755
0.02378554137192181
0.02378553969801354
0.023785538021916536
0.02378553634363022
0.023785534663153456
0.023785532980485337
0.02378553129562504
0.023785529608571422
0.02378552791932364
0.02378552622788054
0.023785524534241275
0.02378552283840517
0.0237855211403706
0.02378551944013724
0.023785517737703956
0.023785516033069477
0.023785514326233183
0.023785512617193767
0.02378551090595086
0.023785509192502927
0.023785507476849068
0.02378550575898831
0.02378550403892
0.023785502316642892
0.023785500592155943
0.023785498865458186
0.023785497136548924
0.023785495405426973
0.0237854936720911
0.023785491936540688
0.023785490198774815
0.02378548845879212
0.02378548671659178
0.023785484972172696
0.023785483225534334
0.023785481476675148
0.023785479725594555
0.023785477972290997
0.02378547621676414
0.02378547445901268
0.02378547269903545
0.023785470936831775
0.02378546917240049
0.023785467405740487
0.023785465636850977
0.023785463865730813
0.023785462092379115
0.023785460316794564
0.02378545853897662
0.02378545675892377
0.023785454976635426
0.023785453192110326
0.023785451405347525
0.023785449616345978
0.02378544782510472
0.02378544603162271
0.023785444235898894
0.02378544243793223
0.02378544063772195
0.023785438835266712
0.023785437030565487
0.02378543522361739
0.023785433414421544
0.0237854316029765
0.023785429789281515
0.023785427973335545
0.023785426155137526
0.023785424334686302
0.023785422511981125
0.02378542068702065
0.023785418859803925
0.02378541703032997
0.02378541519859778
0.023785413364606156
0.023785411528354224
0.023785409689840966
0.023785407849064886
0.02378540600602555
0.023785404160721696
0.02378540231315202
0.02378540046331568
0.023785398611211598
0.023785396756838807
0.0237853949001963
0.023785393041282736
0.023785391180097083
0.023785389316638553
0.023785387450905852
0.023785385582897983
0.023785383712614072
0.023785381840052657
0.023785379965213002
0.023785378088093948
0.0237853762086943
0.023785374327013185
0.02378537244304952
0.02378537055680202
0.023785368668269715
0.02378536677745154
0.023785364884346672
0.023785362988953593
0.023785361091271297
0.023785359191298955
0.023785357289035376
0.023785355384479567
0.023785353477630066
0.02378535156848618
0.023785349657046678
0.023785347743310526
0.023785345827276486
0.0237853439089435
0.023785341988310706
0.023785340065376876
0.02378533814014072
0.023785336212601392
0.023785334282757756
0.02378533235031707
0.02378533041585589
0.023785328479087153
0.02378532654000958
0.02378532459862207
0.023785322654923297
0.023785320708912382
0.023785318760588137
0.023785316809949653
0.023785314856995515
0.023785312901724687
0.023785310944136134
0.02378530898422881
0.023785307022001306