error as a function of alpha_bar(2*10^(-5)), w(0,1,0.001), sigma(-4), eta=10^(-5)
0.780542393662
0.023777651586450944
0.023777651465632654
0.023777651264249782
0.023777650982323727
0.02377765061982919
0.02377765017677968
0.023777649653156197
0.0237776490489614
0.023777648364183657
0.023777647598817377
0.02377764675284926
0.02377764582627225
0.023777644819073462
0.02377764373124257
0.023777642562764812
0.023777641313626155
0.023777639983810172
0.023777638573303127
0.023777637082084743
0.023777635510140532
0.023777633857446998
0.02377763212398753
0.023777630309738947
0.023777628414680545
0.02377762643878698
0.023777624382036705
0.023777622244402385
0.02377762002585981
0.02377761772637997
0.023777615345936857
0.023777612884498794
0.02377761034203853
0.02377760771852219
0.02377760501392071
0.02377760222819808
0.023777599361322656
0.023777596413257756
0.023777593383968412
0.02377759027341649
0.023777587081565858
0.02377758380837466
0.023777580453805548
0.02377757701781583
0.02377757350036503
0.023777569901407846
0.023777566220902706
0.02377756245880282
0.023777558615063723
0.023777554689636778
0.023777550682475387
0.02377754659352927
0.023777542422749594
0.0237775381700843
0.02377753383548253
0.02377752941888966
0.023777524920253534
0.023777520339517223
0.023777515676626358
0.023777510931522673
0.023777506104148995
0.02377750119444511
0.023777496202352318
0.023777491127808064
0.023777485970751536
0.023777480731118433
0.02377747540884565
0.02377747000386697
0.023777464516117747
0.023777458945528736
0.023777453292033585
0.0237774475555618
0.02377744173604357
0.023777435833407533
0.02377742984758176
0.023777423778492002
0.023777417626065098
0.02377741139022445
0.023777405070894625
0.023777398667997097
0.023777392181454773
0.023777385611186492
0.02377737895711331
0.023777372219152302
0.023777365397221837
0.023777358491237417
0.023777351501115217
0.02377734442676872
0.023777337268111834
0.023777330025055738
0.023777322697512825
0.023777315285391974
0.02377730778860299
0.023777300207053435
0.023777292540650682
0.023777284789300177
0.023777276952906948
0.023777269031374594
0.023777261024606335
0.023777252932503084
0.02377724475496615
0.02377723649189436
0.023777228143186967
0.0237772197087405
0.023777211188452305
0.02377720258221663
0.02377719388992857
0.023777185111480637
0.023777176246765373
0.023777167295673224
0.02377715825809471
0.023777149133918044
0.023777139923031477
0.023777130625321354
0.02377712124067356
0.023777111768972424
0.02377710221010155
0.023777092563943
0.023777082830378122
0.023777073009287
0.023777063100548917
0.023777053104041428
0.023777043019641564
0.02377703284722581
0.02377702258666772
0.023777012237841278
0.023777001800618928
0.02377699127487213
0.023776980660471462
0.023776969957284785
0.023776959165181313
0.02377694828402764
0.02377693731368959
0.02377692625403121
0.02377691510491649
0.02377690386620813
0.023776892537767037
0.02377688111945323
0.023776869611125732
0.023776858012642975
0.023776846323861296
0.02377683454463592
0.023776822674821934
0.023776810714272456
0.023776798662839726
0.02377678652037432
0.023776774286726546
0.023776761961745288
0.023776749545277916
0.023776737037170974
0.023776724437269147
0.02377671174541733
0.02377669896145791
0.023776686085233
0.023776673116582707
0.023776660055347013
0.02377664690136359
0.023776633654470237
0.02377662031450188
0.0237766068812943
0.023776593354680232
0.023776579734492723
0.023776566020561832
0.02377655221271871
0.023776538310791327
0.02377652431460796
0.023776510223993765
0.02377649603877529
0.02377648175877564
0.023776467383818122
0.02377645291372333
0.023776438348312577
0.023776423687404208
0.023776408930816808
0.023776394078366493
0.023776379129869428
0.023776364085139053
0.023776348943988692
0.023776333706229457
0.023776318371673225
0.023776302940127985
0.023776287411402412
0.023776271785303154
0.02377625606163583
0.023776240240204593
0.023776224320812583
0.023776208303261725
0.023776192187352014
0.02377617597288331
0.023776159659652917
0.02377614324745843
0.023776126736095013
0.023776110125356544
0.023776093415036115
0.02377607660492552
0.023776059694814885
0.02377604268449349
0.02377602557374896
0.023776008362060414
0.023775991049799588
0.02377597363646868
0.02377595612185032
0.02377593850572574
0.02377592078787439
0.023775902968074986
0.023775885046104665
0.023775867021739085
0.023775848894753253
0.02377583066491954
0.023775812332010243
0.023775793895795608
0.02377577535604501
0.023775756712525815
0.02377573796500519
0.023775719113247457
0.023775700157016792
0.023775681096075422
0.023775661930184024
0.023775642659102304
0.02377562328258904
0.0237756038004006
0.023775584212292037
0.023775564518018454
0.023775544717331756
0.02377552480998346
0.023775504795723473
0.023775484674299976
0.02377546444546061
0.023775444108950657
0.02377542366451428
0.023775403111894855
0.023775382450833285
0.023775361681069355
0.023775340802342435
0.023775319814388535
0.023775298716944723
0.02377527750974373
0.023775256192519207
0.023775234765002276
0.023775213226922935
0.023775191578009197
0.02377516981798871
0.023775147946585973
0.023775125963525545
0.023775103868529983
0.023775081661320377
0.023775059341615827
0.023775036909134222
0.023775014363593243
0.023774991704707153
0.02377496893218894
0.0237749460457515
0.0237749230451054
0.023774899929958772
0.02377487670001971
0.023774853354993932
0.02377482989458602
0.023774806318499073
0.023774782626433812
0.023774758818089888
0.02377473489316635
0.023774710851359074
0.023774686692363562
0.023774662415872963
0.023774638021580086
0.02377461350917411
0.023774588878344403
0.023774564128778288
0.023774539260161424
0.023774514272177194
0.02377448916450868
0.023774463936836236
0.023774438588839514
0.02377441312019558
0.023774387530580584
0.023774361819668518
0.02377433598713262
0.02377431003264402
0.023774283955871403
0.023774257756482408
0.023774231434144234
0.0237742049885205
0.023774178419273786
0.023774151726065375
0.023774124908555058
0.02377409796640036
0.02377407089925699
0.02377404370677975
0.023774016388620995
0.023773988944431963
0.023773961373861553
0.02377393367655729
0.023773905852165426
0.023773877900329386
0.02377384982069227
0.02377382161289383
0.023773793276573914
0.023773764811368517
0.023773736216914105
0.02377370749284329
0.02377367863878884
0.02377364965438008
0.023773620539245914
0.02377359129301223
0.02377356191530439
0.023773532405336858
0.02377350276351695
0.023773472989083798
0.02377344308165524
0.02377341304084594
0.023773382866270263
0.023773352557539873
0.02377332211426519
0.023773291536053776
0.02377326082251261
0.023773229973245373
0.02377319898785556
0.02377316786594349
0.023773136607107934
0.02377310521094583
0.02377307367705261
0.023773042005020943
0.023773010194442338
0.023772978244906054
0.023772946155999463
0.023772913927308303
0.023772881558415747
0.023772849048903817
0.02377281639835199
0.02377278360633744
0.023772750672437202
0.02377271759622371
0.023772684377269655
0.02377265101514435
0.023772617509415787
0.023772583859649695
0.023772550065410045
0.023772516126258338
0.02377248204175506
0.023772447811456973
0.02377241343492093
0.023772378911699615
0.02377234424134557
0.02377230942340715
0.023772274457433067
0.023772239342968446
0.02377220407955671
0.023772168666738442
0.023772133104053777
0.02377209739103942
0.023772061527230198
0.023772025512159303
0.023771989345357288
0.023771953026352776
0.02377191655467301
0.02377187992984117
0.0237718431513796
0.02377180621880914
0.023771769131646994
0.023771731889409092
0.02377169449160854
0.023771656937757405
0.02377161922736406
0.02377158135993577
0.023771543334976844
0.023771505151990262
0.023771466810476198
0.023771428309932084
0.02377138964985427
0.02377135082973536
0.023771311849067826
0.02377127270733922
0.023771233404037296
0.02377119393864609
0.02377115431064747
0.0237711145195207
0.023771074564744064
0.02377103444579277
0.02377099416213913
0.02377095371325318
0.023770913098603366
0.0237708723176558
0.023770831369873527
0.023770790254717532
0.02377074897164623
0.02377070752011584
0.0237706658995804
0.02377062410949064
0.02377058214929624
0.023770540018443698
0.023770497716376928
0.02377045524253715
0.0237704125963636
0.023770369777293736
0.023770326784761108
0.023770283618197333
0.023770240277032312
0.023770196760692013
0.023770153068601647
0.023770109200181622
0.023770065154851878
0.023770020932029186
0.02376997653112751
0.023769931951557712
0.023769887192729447
0.023769842254048698
0.023769797134919862
0.023769751834743207
0.023769706352917707
0.02376966068883961
0.02376961484190164
0.02376956881149435
0.023769522597006185
0.023769476197822784
0.023769429613326492
0.023769382842896616
0.02376933588591176
0.023769288741745612
0.023769241409770065
0.02376919388935501
0.023769146179866127
0.02376909828066735
0.023769050191120012
0.023769001910581723
0.023768953438408007
0.02376890477395198
0.023768855916563063
0.023768806865588403
0.023768757620372102
0.023768708180255577
0.02376865854404255
0.02376860871210452
0.023768558683271147
0.02376850845687231
0.023768458032235464
0.023768407408684245
0.023768356585539815
0.023768305562120742
0.02376825433774211
0.023768202911716763
0.023768151283352884
0.02376809945195871
0.023768047416836
0.023767995177286463
0.02376794273260718
0.023767890082092374
0.02376783722503389
0.023767784160720003
0.023767730888436
0.023767677407464445
0.023767623717084303
0.023767569816572055
0.02376751570520039
0.023767461382239546
0.0237674068469563
0.02376735209861444
0.023767297136474783
0.023767241959793933
0.023767186567826303
0.023767130959823943
0.023767075135033965
0.023767019092700688
0.0237669628320666
0.023766906352368996
0.023766849652842814
0.023766792732720633
0.023766735591230416
0.02376667822759733
0.023766620641042863
0.023766562830786476
0.023766504796042233
0.023766446536023236
0.023766388049937307
0.023766329336989953
0.023766270396382773
0.023766211227314295
0.023766151828979593
0.023766092200570358
0.02376603234127457
0.023765972250277406
0.023765911926759985
0.023765851369899588
0.023765790578871314
0.023765729552846008
0.023765668290990295
0.023765606792467954
0.023765545056440976
0.02376548308206434
0.023765420868491503
0.023765358414872508
0.023765295720353113
0.02376523278407609
0.02376516960517942
0.023765106182798562
0.023765042516065354
0.023764978604107465
0.023764914446048082
0.023764850041008898
0.023764785388106186
0.023764720486453044
0.023764655335158147
0.023764589933327494
0.023764524280063204
0.023764458374462605
0.023764392215619417
0.023764325802625
0.023764259134565282
0.023764192210523196
0.023764125029577175
0.023764057590801968
0.023763989893268937
0.023763921936045634
0.023763853718194373
0.023763785238774766
0.02376371649684217
0.023763647491447788
0.02376357822163878
0.02376350868645893
0.02376343888494717
0.023763368816138997
0.023763298479065484
0.023763227872753562
0.023763156996226845
0.023763085848504274
0.02376301442859969
0.023762942735524786
0.023762870768286207
0.02376279852588564
0.02376272600732156
0.023762653211588162
0.023762580137675147
0.023762506784568073
0.02376243315124813
0.02376235923669247
0.02376228503987381
0.023762210559760535
0.023762135795316563
0.023762060745502116
0.02376198540927251
0.023761909785578707
0.023761833873367284
0.02376175767158062
0.023761681179156488
0.02376160439502814
0.023761527318124646
0.023761449947369954
0.02376137228168487
0.02376129431998483
0.02376121606117975
0.02376113750417672
0.023761058647877125
0.023760979491178436
0.023760900032972654
0.023760820272147966
0.023760740207588532
0.02376065983817188
0.02376057916277212
0.02376049818025882
0.023760416889496445
0.0237603352893446
0.023760253378658225
0.02376017115628706
0.023760088621078198
0.023760005771870724
0.023759922607500546
0.023759839126124966
0.023759755327878048
0.023759671210944657
0.023759586774140307
0.023759502016276732
0.023759416936160366
0.023759331532592312
0.023759245804367755
0.023759159750279386
0.023759073369112333
0.023758986659647898
0.023758899620662566
0.023758812250926523
0.023758724549205593
0.02375863651426076
0.023758548144847902
0.02375845943971609
0.02375837039761121
0.02375828101727277
0.023758191297435356
0.023758101236827887
0.023758010834175024
0.023757920088195366
0.023757828997601687
0.02375773756110245
0.023757645777399566
0.023757553645191495
0.023757461163168552
0.023757368330017344
0.023757275144419113
0.023757181605049013
0.023757087710576445
0.023756993459666306
0.02375689885097667
0.023756803883160968
0.023756708554866765
0.023756612864735537
0.023756516811403696
0.023756420393501558
0.023756323609654587
0.023756226458480856
0.023756128938594193
0.023756031048602137
0.023755932787107026
0.023755834152703905
0.023755735143982683
0.023755635759528604
0.023755535997918742
0.023755435857727013
0.023755335337518075
0.023755234435854203
0.02375513315128851
0.023755031482369886
0.023754929427641167
0.023754826985638293
0.023754724154891597
0.023754620933925448
0.02375451732125704
0.023754413315399462
0.023754308914857847
0.023754204118131502
0.02375409892371281
0.023753993330090546
0.023753887335743833
0.02375378093914715
0.02375367413876854
0.0237535669330706
0.02375345932050682
0.023753351299527194
0.0237532428685727
0.02375313402608061
0.023753024770479917
0.0237529151001924
0.023752805013634474
0.023752694509216733
0.023752583585341765
0.023752472240404904
0.02375236047279685
0.023752248280900487
0.023752135663091305
0.02375202261774
0.023751909143207784
0.023751795237851737
0.023751680900020774
0.023751566128056914
0.023751450920294872
0.023751335275063852
0.02375121919068486
0.023751102665471875
0.023750985697733113
0.02375086828576836
0.02375075042787115
0.023750632122326847
0.02375051336741619
0.023750394161409907
0.023750274502573283
0.023750154389162687
0.023750033819429715
0.02374991279161685
0.023749791303959357
0.023749669354685768
0.02374954694201706
0.02374942406416763
0.023749300719342156
0.023749176905739702
0.023749052621551324
0.023748927864961914
0.023748802634146016
0.023748676927272252
0.023748550742502553
0.023748424077990025
0.023748296931878687
0.02374816930230749
0.023748041187406387
0.023747912585297848
0.02374778349409649
0.02374765391190771
0.023747523836831087
0.0237473932669586
0.023747262200371894
0.02374713063514512
0.023746998569347044
0.023746866001035326
0.023746732928261363
0.023746599349067313
0.023746465261487368
0.02374633066354973
0.023746195553271388
0.023746059928661696
0.023745923787722573
0.023745787128448617
0.023745649948823395
0.023745512246823655
0.02374537402041815
0.02374523526756631
0.02374509598621989
0.02374495617432022
0.023744815829802427
0.02374467495059266
0.023744533533825607
0.023744391578927833
0.023744249083059204
0.023744106044110425
0.023743962459965202
0.02374381832849463
0.023743673647563766
0.023743528415027155
0.023743382628733205
0.023743236286517297
0.023743089386208387
0.023742941925626655
0.02374279390258172
0.02374264531487525
0.023742496160298335
0.023742346436635368
0.023742196141659736
0.023742045273134324
0.02374189382881476
0.023741741806448252
0.023741589203768582
0.02374143601850619
0.023741282248374046
0.023741127891083083
0.023740972944330942
0.02374081740580736
0.02374066127318874
0.023740504544147303
0.023740347216342043
0.023740189287422574
0.02374003075502847
0.023739871616791215
0.02373971187033192
0.023739551513260508
0.023739390543177454
0.023739228957673383
0.02373906675432882
0.02373890393071462
0.023738740484391122
0.023738576412908555
0.023738411713807552
0.02373824638461705
0.023738080422856613
0.023737913826036232
0.023737746591653536
0.02373757871719819
0.023737410200147017
0.023737241037968242
0.023737071228117735
0.02373690076804247
0.02373672965517776
0.02373655788694786
0.023736385460768738
0.023736212374041655
0.023736038624160856
0.023735864208506745
0.023735689124450923
0.02373551336935206
0.023735336940560424
0.023735159835412658
0.02373498205123663
0.023734803585346208
0.023734624435046744
0.023734444597630997
0.023734264070380658
0.02373408285056695
0.02373390093544678
0.02373371832236129
0.023733535008271352
0.023733350990677034
0.02373316626669808
0.023732980833535963
0.023732794688382644
0.023732607828414864
0.023732420250797335
0.023732231952686214
0.023732042931223822
0.023731853183540316
0.02373166270675368
0.023731471497972334
0.023731279554289126
0.023731086872788038
0.023730893450537412
0.02373069928459596
0.023730504372009926
0.023730308709812797
0.023730112295024267
0.02372991512465436
0.023729717195698215
0.023729518505139963
0.023729319049950445
0.023729118827086674
0.023728917833496656
0.023728716066111714
0.02372851352185104
0.02372831019762447
0.02372810609032295
0.023727901196831387
0.02372769551401491
0.02372748903873023
0.023727281767819387
0.023727073698110893
0.023726864826419822
0.023726655149549674
0.023726444664288908
0.023726233367412995
0.023726021255684383
0.023725808325851104
0.02372559457464814
0.023725379998798177
0.023725164595005586
0.023724948359967222
0.02372473129036244
0.023724513382858456
0.023724294634104356
0.023724075040741383
0.023723854599393645
0.023723633306669645
0.02372341115916578
0.0237231881534643
0.02372296428613299
0.023722739553723726
0.023722513952776015
0.02372228747981282
0.023722060131347276
0.02372183190387101
0.02372160279386485
0.02372137279779532
0.02372114191211417
0.02372091013325605
0.023720677457642666
0.023720443881680136
0.02372020940176041
0.023719974014258755
0.023719737715536444
0.02371950050193969
0.023719262369797194
0.023719023308416284
0.023718783332129904
0.023718542426347276
0.02371830058733938
0.023718057801411712
0.023717814080079114
0.023717569414082432
0.023717323799627432
0.023717077232902853
0.02371682971008368
0.023716581227329288
0.023716331780778855
0.023716081366560296
0.023715829980783105
0.0237155776195383
0.023715324278905298
0.023715069954945038
0.023714814643699875
0.023714558341197973
0.02371430104345105
0.023714042746451506
0.023713783446179342
0.02371352313859191
0.023713261819635303
0.02371299948523522
0.023712736131301922
0.02371247175372795
0.023712206348388526
0.02371193991114061
0.02371167243782696
0.023711403924269587
0.023711134366274544
0.023710863759629417
0.02371059210010567
0.023710319383457377
0.023710045605416282
0.023709770761703556
0.02370949484801625
0.02370921786003623
0.0237089397934251
0.023708660643831068
0.023708380406879986
0.023708099078178512
0.02370781665331849
0.023707533127870783
0.023707248497389484
0.023706962757407316
0.02370667590344148
0.0237063879309898
0.023706098835527586
0.023705808612515686
0.023705517257395142
0.023705224765586362
0.023704931132488966
0.02370463635348755
0.02370434042394591
0.02370404333920798
0.02370374509459641
0.023703445685415315
0.023703145106952053
0.023702843354470544
0.0237025404232172
0.02370223630841567
0.02370193100527287
0.023701624508974707
0.023701316814684403
0.02370100791754778
0.023700697812690713
0.023700386495215702
0.023700073960206867
0.023699760202726388
0.02369944521781726
0.023699129000502073
0.023698811545780792
0.02369849284863181
0.02369817290401435
0.023697851706867258
0.02369752925210562
0.023697205534623834
0.02369688054929671
0.023696554290974673
0.023696226754491824
0.023695897934651426
0.023695567826244483
0.023695236424035867
0.02369490372276778
0.02369456971715978
0.0236942344019152
0.023693897771706347
0.02369355982118937
0.023693220544997454
0.023692879937737908
0.0236925379939999
0.023692194708346125
0.023691850075317673
0.0236915040894348
0.02369115674519138
0.0236908080370598
0.02369045795948997
0.023690106506907293
0.023689753673714155
0.023689399454291313
0.023689043842992905
0.023688686834148934
0.023688328422070082
0.023687968601042088
0.02368760736531795
0.023687244709141214
0.023686880626720135
0.023686515112243345
0.023686148159871953
0.023685779763746893
0.02368540991798368
0.02368503861666915
0.023684665853866756
0.023684291623618875
0.02368391591993902
0.023683538736816823
0.023683160068217107
0.023682779908078253
0.023682398250312733
0.023682015088811476
0.023681630417434797
0.023681244230018796
0.023680856520374046
0.023680467282288495
0.023680076509518682
0.023679684195796823
0.023679290334826193
0.023678894920292664
0.02367849794584649
0.02367809940511279
0.023677699291692725
0.023677297599159382
0.023676894321059145
0.0236764894509091
0.023676082982203285
0.023675674908404255
0.02367526522294949
0.023674853919247882
0.02367444099068176
0.023674026430605427
0.023673610232344985
0.023673192389197326
0.023672772894432138
0.023672351741292706
0.023671928922989048
0.023671504432709708
0.023671078263609466
0.02367065040881415
0.023670220861424614
0.02366978961450867
0.02366935666110654
0.02366892199423302
0.023668485606867695
0.023668047491960113
0.023667607642437655
0.023667166051191263
0.02366672271108337
0.023666277614950035