1
1.0666647987055135e9
2.6666666847250873e8
1.185185197245764e8
6.666666757270022e7
4.2666667392687075e7
2.9629630235642336e7
2.1768708003286883e7
1.6666667122671565e7
1.3168724685838163e7
1.0666667032667829e7
8.815427162657458e6
7.407407559159914e6
6.311637221062118e6
5.442176935571657e6
4.740740801267428e6
4.166666723433775e6
3.690888173403699e6
3.29218112046e6
2.954755357188806e6
2.6666667121550674e6
2.418745319228216e6
2.2038567906983644e6
2.016383152395316e6
1.851851870750899e6
1.7066666848134855e6
1.5779092876694163e6
1.4631916034579e6
1.3605442338995906e6
1.268331367222278e6
1.1851852003230883e6
1.109954922734454e6
1.041666680864285e6
979491.9023530142
922722.0433564221
870748.3123084108
823045.2801201926
779157.5482059333
738688.8393021212
701293.0206514077
666666.6780434409
634542.9418967324
604686.3243695394
576888.4134210743
550964.1924810491
526748.9762326432
504095.78312804404
482873.099740528
462962.967688697
444259.3410173829
426666.6712043043
410098.6844439959
394477.32191825146
379731.8186881869
365797.90086533915
352617.0840170536
340136.0584757312
328306.14946391043
317082.84180637443
306425.36054728227
296296.3000815503
286661.2954910295
277488.73068436695
268749.478704797
260416.6702168014
252465.48673059032
244872.9755889617
237617.8841377447
230680.51083979287
224042.57138250698
217687.0780777704
211598.2310672648
205761.32003069733
200162.63525393803
194789.38705211508
189629.6326625025
184672.20982614555
179906.67636787042
175323.25516345125
170912.78395190163
166666.66666666692
162576.84296093098
158635.73269879058
154836.21231915636
151171.5797430085
147635.52479815474
144222.10203713735
140925.70572951087
137741.04683195613
134663.1317594581
131687.24279835407
128808.9200177114
126023.94454946459
123328.32312020683
120718.27372868585
118190.21237303808
115740.74074074089
113366.63478230085
111064.83409690429
108832.43206475557
106666.66666666689
104564.9119367385
102524.66999871866
100543.56364093402
98619.32938856033
96749.81103552553
94932.95360151916
93166.79768247613
91449.47416552379
89779.1992817666
88154.269972452
86573.05954603275
85034.01360544241
83535.64622653845
82076.53637016536
80655.32451165743
79270.70947284997
77921.44544281311
76606.33917456689
75324.2473459974
74074.07407407423
72854.76857227436
71665.32294186162
70504.77008835142
69372.18175511631
68266.6666666668
67187.36877467051
66133.46560026467
65104.1666666668
64098.71201650553
63116.370808678614
62156.43998989967
61218.24303642497
60301.128761754095
59404.4701863816
58527.663465935155
57670.12687427919
56831.29983838606
56010.64202198427
55207.63245518699
54421.76870748307
53652.56610163815
52899.55696621047
52162.28992452775
51440.32921810706
50733.25406262392
50040.658034653236
49362.14848751299
48697.34599464337
48045.88381904726
47407.407407407474
46781.573907577214
46168.051708217994
45566.51999943048
44976.66835329179
44398.19632327444
43830.813061582354
43274.236953493775
42728.19526785242
42192.42382289733
41666.66666666673
41150.67577125372
40644.21074023274
40147.03852861108
39658.93317469764
39179.675543311954
38709.05307978908
38246.859574264694
37792.894935752134
37346.96497554946
36908.88119953868
36478.46060896236
36055.52550928433
35639.90332676228
35231.42643237773
34829.93197278916
34435.26170798903
34047.26185536302
33665.782939864504
33290.679650031765
32921.81069958852
32559.038694382583
32202.230004427838
31851.254640827374
31505.986137366137
31166.301436571754
30832.080780051696
30503.207602924544
30179.568432171476
29861.052788742443
29547.553093259517
29238.964575167032
28935.185185185215
28636.115510931024
28341.658695575232
28051.720359412746
27766.2085242261
27485.033540330067
27208.108016188904
26935.346750503006
26666.666666666737
26401.98674950296
26141.227984184618
25884.313297257155
25631.167499679686
25381.717231806535
25135.890910233516
24893.61867643749
24654.832347140113
24419.465366330194
24187.452758881394
23958.73108570494
23733.238400379803
23510.914207204685
23291.699420619047
23075.53632594201
22862.36854138095
22652.140981262506
22444.799820441716
22240.292459845965
22038.56749311307
21839.57467428335
21643.264886508256
21449.59011173907
21258.503401360664
21069.958847736743
20883.911556634677
20700.317620498612
20519.1340925414
20340.31896162682
20163.831127914415
19989.63037924088
19817.677368212557
19647.93358998457
19480.361360703348
19314.92379658982
19151.584793641778
18990.309007934495
18831.06183649942
18673.809398761798
18518.518518518616
18365.156706438815
18213.692143068656
18064.093662325748
17916.33073546549
17770.373455504745
17626.192522087924
17483.759226780847
17343.04543877914
17204.023591017434
17066.666666666762
16930.94818600773
16796.84219366769
16664.323246210264
16533.366400066217
16403.947199795042
16276.04166666676
16149.626287554274
16024.678004126436
15901.17420233258
15779.092702169697
15658.411747723492
15539.109997474967
15421.166514864633
15304.560759106289
15189.272576243102
15075.282190438573
14962.570195495397
14851.117546595447
14740.905552254273
14631.91586648383
14524.130481157274
14417.531718569842
14312.102224190197
14207.82495959656
14104.683195592346
14002.66050549611
13901.740758600678
13801.908113796793
13703.147013356347
13605.442176870807
13508.778595340375
13413.141525409577
13318.516483745225
13224.88924155266
13132.24581922648
13040.572481131978
12949.855730513556
12860.0823045268
12771.239169390592
12683.313515656022
12596.29275358902
12510.164508663345
12424.916617161121
12340.537121878213
12257.014267930648
12174.336498660796
12092.492451639459
12011.470954761777
11931.261022434479
11851.851851851825
11773.232819358118
11695.393476894265
11618.323548526438
11542.012927054448
11466.451670697808
11391.629999857572
11317.538293951799
11244.167088322902
11171.507071214826
11099.549080818551
11028.284102383795
10957.703265395536
10887.797840813544
10818.559238373384
10749.979003947301
10682.04881696314
10614.760487880976
10548.105955724368
10482.077285666133
10416.66666666671
10351.866409164042
10287.668942813465
10224.066814276683
10161.052685058221
10098.61932938861
10036.759632152814
9975.46658686298
9914.733293674448
9854.552957443779
9794.918885828021
9735.8244874241
9677.263269947305
9619.228838448103
9561.71489356621
9504.715229821091
9448.223733938064
9392.234383209076
9336.741243887393
9281.738469615404
9227.220299884702
9173.181058527807
9119.615152240618
9066.517069135072
9013.881377321111
8961.702723517514
8909.975831690603
8858.69550172057
8807.856608094462
8757.4540986254
8707.482993197322
8657.938382534818
8608.81542699729
8560.109355397062
8511.815463840787
8463.929114593713
8416.445734966168
8369.360816221957
8322.669912507978
8276.36863980472
8230.452674897164
8184.917754365547
8139.759673595679
8094.974285808288
8050.557501106994
8006.50528554455
7962.8136602068735
7919.478700314593
7876.496534341564
7833.863343150189
7791.575359142966
7749.62886543016
7708.0201950129485
7666.745729982044
7625.801900731166
7585.185185185223
7544.892108042893
7504.919240033151
7465.263197185638
7425.9206401144
7386.888273314907
7348.162844473878
7309.741143791783
7271.6200033177165
7233.796296296338
7196.266936526727
7159.028877732789
7122.079112945095
7085.41467389384
7049.032630412662
7012.9300898532165
6977.104196510191
6941.552131056555
6906.271109988893
6871.2583850825495
6836.511242856429
6802.027004047258
6767.8030230930635
6733.836687625779
6700.125417972716
6666.666666666716
6633.4579179649045
6600.49668737577
6567.780521194479
6535.306996046188
6503.073718437282
6471.078324314318
6439.318478630566
6407.791874919953
6376.496234878287
6345.429307951664
6314.5888709318215
6283.972727558411
6253.57870812794
6223.404669109402
6193.4484927662925
6163.708086785059
6134.181383909702
6104.8663415825795
6075.760941591097
6046.863189720379
6018.171115411639
5989.6827714262645
5961.3962335153865
5933.309600094977
5905.420991926228
5877.728551801198
5850.230444233638
5822.9248551547935
5795.809991614232
5768.884081485535
5742.145373176693
5715.592135345267
5689.222656618123
5663.035245315652
5637.028229180475
5611.199955110446
5585.548788895973
5560.073114961509
5534.771336111142
5509.641873278286
5484.683165279261
5459.8936685708495
5435.271857011626
5410.816221627077
5386.525270378364
5362.397527934781
5338.43153544973
5314.625850340174
5290.97904606959
5267.4897119342
5244.156452852618
5220.977889158682
5197.952656397502
5175.079405124663
5152.356800708492
5129.7835231353665
5107.358266818015
5085.07974040672
5062.946666603421
5040.957781978617
5019.111836791069
4997.407594810234
4975.8438331413345
4954.419342053155
4933.132924808302
4911.983397496158
4890.969588868192
4870.090340175848
4849.344505010776
4828.730949147468
4808.248550388231
4787.896198410457
4767.672794616148
4747.577251983637
4727.608494921555
4707.7654591248665
4688.04709143307
4668.452349690461
4648.980202608405
4629.629629629667
4610.399620794672
4591.289176609722
4572.297307917117
4553.423035767181
4534.665391292066
4516.023415581453
4497.4961595599625
4479.082683866383
4460.7820587346005
4442.5933638762035
4424.515688364807
4406.548130521998
4388.6897978048755
4370.939806695225
4353.2972825902525
4335.761359694801
4318.33118091517
4301.005897754374
4283.784670208859
4266.666666666705
4249.651063807217
4232.737046501947
4215.923807717022
4199.210548416936
4182.596477469569
4166.08081155258
4149.662775061086
4133.341600016572
4117.116525977112
4100.986799948775
4084.9516762982544
4069.0104166667033
4053.162289884726
4037.4065718885745
4021.74254563738
4006.1695010316143
3990.686734832611
3975.293550583153
3959.989258527157
3944.773175540364
3929.644625042263
3914.6029369286953
3899.6474474979764
3884.7774993687517
3869.992441421038
3855.2916287161665
3840.6744224286044
3826.1401897765813
3811.6883039535787
3797.3181440607823
3783.0290950403546
3768.820547609651
3754.6918981962485
3740.6425488738582
3726.671907299062
3712.779386648871
3698.964405559105
3685.226388063576
3671.5647635340442
3657.9789666209663
3644.468437195015
3631.032620289326
3617.6709660425317
3604.3829296424688
3591.167971270682
3578.025556047558
3564.955153978236
3551.9562398991516
3539.028293425283
3526.1707988980957
3513.383245334088
3500.6651263740355
3488.01594023287
3475.4351896501776
3462.9223818413257
3450.477028449208
3438.0986454965987
3425.7867533390972
3413.5408766186556
3401.3605442177095
3389.2452892138567
3377.1946488351023
3365.208164415682
3353.285381352404
3341.4258490615525
3329.6291209363153
3317.894754304732
3306.2223103881743
3294.6113542603157
3283.06145480663
3271.5721846843617
3260.1431202830054
3248.7738416852435
3237.4639326283977
3226.2129804663123
3215.0205761317106
3203.8863140990225
3192.809792347654
3181.7906123256803
3170.8283789140105
3159.9227003909637
3149.0731883972603
3138.2794579014753
3127.5411271658436
3116.85781771254
3106.229154290305
3095.6547648415094
3085.1342804695773
3074.667335406833
3064.2535669826893
3053.892615592242
3043.5841246652253
3033.327740635332
3023.1231129098915
3012.9698938399097
3002.8677386904697
2992.816305611457
2982.8152556086447
2972.864252515109
2962.9629629629826
2953.111056355529
2943.3082048395554
2933.5540832781207
2923.848369223594
2914.190742890988
2904.5808871316353
2895.018487407141
2885.503231763639
2876.03481080636
2866.612917674478
2857.237248016248
2847.907499964421
2838.623374111952
2829.384573487978
2820.1908035340693
2811.041772080751
2801.937189324287
2792.8767678037348
2783.860222378252
2774.8872702046656
2765.9576307152847
2757.0710255959775
2748.2271787644668
2739.425816348911
2730.666666666686
2721.9494602034156
2713.2739295922543
2704.6398095933746
2696.0468370736953
2687.494750986831
2678.9832923532786
2670.512204240792
2662.0812317450027
2653.690121970251
2645.3386240105983
2637.0264889310993
2628.753469749225
2620.51932141654
2612.323800800533
2604.166666666685
2596.0476796607204
2587.966602291021
2579.923198911295
2571.917235703379
2563.9484806602413
2556.01670356918
2548.121675995204
2540.263171264566
2532.4409644485077
2524.6548323471625
2516.904553473625
2509.1899080382136
2501.510677932868
2493.8666467157573
2486.257599596005
2478.6833234186215
2471.1436066495626
2463.638239360956
2456.1670132165045
2448.7297214570185
2441.326158886105
2433.9561218560357
2426.6194082537127
2419.3158174868377
2412.0451504701823
2404.807209612037
2397.6017988007743
2390.428723391564
2383.2877901932416
2376.178807455284
2369.1015848549487
2362.055933484528
2355.0416658387453
2348.058595802281
2341.1065386374257
2334.1853109718595
2327.294730786569
2320.434617403861
2313.6047914755445
2306.8050749711874
2300.0352911665204
2293.295264631962
2286.584821221243
2279.9037880601645
2273.251993535462
2266.629267283778
2260.035440180768
2253.4703443302897
2246.9338130537253
2240.4256808793903
2233.945783532071
2227.493957922662
2221.0700421378847
2214.6738754301523
2208.3052982074987
2201.9641520236273
2195.6502795680544
2189.3635246563595
2183.1037322205184
2176.8707482993414
2170.664420029013
2164.484595633715
2158.3311244163447
2152.2038567493328
2146.102644065547
2140.027338849278
2133.9777946273334
2127.9538659602094
2121.9554084333367
2115.9822786484383
2110.0343342149545
2104.1114337415534
2098.213436827734
2092.3402040555
2086.491596981131
2080.6674781270076
2074.8677109735454
2069.092159951192
2063.3406904325047
2057.6131687243033
2051.9094620598958
2046.2294385913983
2040.5729673821006
2034.9399183989326
2029.3301625049776
2023.7435714520834
2018.1800178735293
2012.6393752767601
2007.1215180362042
2001.6263213861484
1996.1536614136849
1990.703415051731
1985.2754600720996
1979.8696750786596
1974.4859395005392
1969.1241335854024
1963.7841383928003
1958.4658357875571
1953.1691084332556
1947.8938397857532
1942.6399140867697
1937.407216357552
1932.1956323925579
1927.0050487532503
1921.8353527619088
1916.6864324955236
1911.5581767797266
1906.4504751828
1901.3632180097331
1896.2962962963184
1891.249601803328
1886.223027010736
1881.2164651119804
1876.2298100083
1871.2629563031069
1866.3157992964202
1861.3882349793441
1856.4801600286105
1851.5914718011509
1846.7220683287367
1841.8718483126636
1837.0407111184795
1832.2285567707631
1827.4352859479582
1822.6607999772377
1817.9050008294407
1813.1677911140252
1808.4490740740944
1803.7487535814569
1799.066734131698
1794.4029208393833
1789.7572194332124
1785.1295362512674
1780.5197782362898
1775.9278529310045
1771.3536684734759
1766.79713359253
1762.2581576031807
1757.736650402138
1753.232522463321
1748.7456848334311
1744.2760491275644
1739.8235275248524
1735.388032764156
1730.9694781397786
1726.5677774972396
1722.1828452290697
1717.8145962706526
1713.46294609609
1709.127810714123
1704.809106664073
1700.5067510118304
1696.2206613458613
1691.950755773281
1687.69695291592
1683.4591719064592
1679.237332384594
1675.0313544931948
1670.8411588745696
1666.6666666666936
1662.5077994995095
1658.3644794912411
1654.23662924476
1650.1241718439596
1646.0270308501745
1641.9451302986358
1637.8783946949384
1633.826749011562
1629.7901186843992
1625.7684296093353
1621.7616081388378
1617.7695810785926
1613.7922756841608
1609.8296196576557
1605.8815411444682
1601.9479687300027
1598.0288314364511
1594.1240587195864
1590.2335804655977
1586.3573269879307
1582.4952290241758
1578.6472177329697
1574.8132246909327
1570.993181889618
1567.1870217325022
1563.394677032
1559.6160810064866
1555.8511672773634
1552.099869866152
1548.3621231915872
1544.6378620667606
1540.9270216962775
1537.2295376734392
1533.5453459774417
1529.8743829706118
1526.2165853956603
1522.5718903729462
1518.9402353977875
1515.3215583377746
1511.715797430109
1508.1228912789752
1504.5427788529246
1500.9753994822822
1497.4206928565782
1493.8785990220006
1490.3490583788607
1486.83201167909
1483.3274000237566
1479.8351648605985
1476.3552479815703
1472.8875915204278
1469.4321379503153
1465.9888300813843
1462.5576110584223
1459.1384243585178
1455.7312137887125
1452.3359234837062
1448.9524979035723
1445.5808818314667
1442.2210203713971
1438.872858945969
1435.536343294186
1432.2114194692385
1428.8980338363308
1425.5961330705131
1422.3056641545454
1419.0265743767504
1415.758811328927
1412.5023229042363
1409.2570572951315
1406.0229629913035
1402.7999887776245
1399.5880837321317
1396.3871972240063
1393.1972789115885
1390.0182787403894
1386.8501469411299
1383.6928340277987
1380.5462907957053
1377.4104683195828
1374.2853179516683
1371.170791319826
1368.0668403256743
1364.9734171427258
1361.8904742145428
1358.8179641977258
1355.7558402360605
1352.7040554067817
1349.6625632707282
1346.6313175946034
1343.61027240441
1340.599381983707
1337.5986008718855
1334.6078838624449
1331.6271860012914
1328.6564625850563
1325.6956691594103
1322.7447615174078
1319.803695697833
1316.872427983561
1313.9509148999377
1311.039113213165
1308.1369799287038
1305.2444722896823
1302.3615477753247
1299.4881640993874
1296.6242792086105
1293.769851281178
1290.924838725185
1288.0892001771344
1285.2628945004208
1282.4458807838528
1279.6381183401545
1276.8395667045152
1274.0501856331148
1271.2699351016927
1268.4987753040937
1265.7366666508678
1262.9835697678254
1260.2394454946652
1257.5042548835584
1254.7779591977792
1252.0605199103265
1249.3518987025693
1246.6520574628898
1243.9609582853464
1241.2785634683387
1238.6048355132993
1235.9397371233626
1233.2832312020867
1230.6352808521426
1227.9958493740496
1225.3649002648904
1222.7423972170586
1220.1283041170004
1217.5225850439735
1214.9252042688122
1212.3361262527037
1209.7553156459753
1207.182737286877
1204.6183562003976
1202.0621375970677
1199.5140468717811
1196.9740496026247
1194.4421115497157
1191.9181986540466
1189.4022770363426
1186.894312995918
1184.3942730095634
1181.9021237303975
1179.4178319867904
1176.9413647812262
1174.4726892892331
1172.0117728582782
1169.5585830066998
1167.1130874226255
1164.6752539629183
1162.2450506521104
1159.8224456813664
1157.4074074074265
1154.9999043515909
1152.5999051986792
1150.2073787960207
1147.82229415244
1145.4446204372596
1143.0743269792902
1140.711383265856
1138.355758941806
1136.0074238085365
1133.666347823028
1131.3325010968833
1129.005853895373
1126.686376636489
1124.3740398900004
1122.0688143765283
1119.7706709666068
1117.4795806797765
1115.1955146836594
1112.9184442930618
1110.6483409690618
1108.3851763181242
1106.1289220912136
1103.8795501829022
1101.6370326305105
1099.4013416132198
1097.1724494512287
1094.950328604879
1092.7349516738163
1090.5262913961421
1088.3243206475736
1086.1290124406098
1083.94033992371
1081.7582763804703
1079.5827952288043
1077.413870020137
1075.2514744386035
1073.0955823002469
1070.9461675522252
1068.8032042720263
1066.6666666666856