1
1.5968696266996977e10
3.984572933008846e9
1.7675029091438305e9
9.923012411435899e8
6.338468701850148e8
4.393217628751622e8
3.221439620518933e8
2.461653700570826e8
1.9412558009892482e8
1.569381847993146e8
1.2945061106311905e8
1.0856449885858454e8
9.232609504055814e7
7.945403655345923e7
6.907968472868775e7
6.059736570440951e7
5.357432549157409e7
4.769472930315504e7
4.2723717983021125e7
3.848372412530573e7
3.483849106384858e7
3.1682059523230694e7
2.8931032685736883e7
2.6519050163511474e7
2.4392778167796627e7
2.2508959863835055e7
2.083221423216068e7
1.9333377765069578e7
1.7988238688328836e7
1.6776561970937666e7
1.5681331082466682e7
1.468815314241694e7
1.378478843756082e7
1.296077546223341e7
1.2207129949073464e7
1.1516101667262254e7
1.0880976659200655e7
1.0295915469152154e7
9.755820070222633e6
9.256223817312285e6
8.79319998424365e6
8.363285384254828e6
7.963416297675343e6
7.590874494035668e6
7.243241562343774e6
6.918360142607375e6
6.614300864202078e6
6.329334071298318e6
6.061905552031375e6
5.8106156378430445e6
5.574201148836409e6
5.351519750917341e6
5.141536363609242e6
4.943311317116326e6
4.755990006138015e6
4.578793828198329e6
4.411012227508671e6
4.251995692947652e6
4.101149581670798e6
3.957928658998771e6
3.821832261254459e6
3.6924000016753343e6
3.569207950862374e6
3.4518652328028334e6
3.34001098561666e6
3.2333116430677944e6
3.1314584987508673e6
3.034165519875546e6
2.9411673818604364e6
2.8522176986290845e6
2.7670874266657936e6
2.6855634236171558e6
2.6074471445816807e6
2.5325534612697004e6
2.4607095909850467e6
2.3917541239177277e6
2.3255361385758133e6
2.2619143963530688e6
2.2007566072498723e6
2.1419387596590947e6
2.0853445093748993e6
2.0308646134203475e6
1.9783964256985905e6
1.9278434205868398e6
1.8791147625675455e6
1.83212490945611e6
1.7867932474883527e6
1.7430437553798507e6
1.7008046947602783e6
1.6600083246446713e6
1.6205906378340241e6
1.5824911173431308e6
1.545652511137075e6
1.510020623621817e6
1.4755441224811822e6
1.442174359584103e6
1.4098652048040903e6
1.3785728916989327e6
1.3482558740940238e6
1.3188746926985853e6
1.2903918509614656e6
1.2627716994429852e6
1.2359803280424296e6
1.209985465477772e6
1.184756385465819e6
1.1602638190977504e6
1.1364798729473941e6
1.1133779524880636e6
1.090932690428747e6
1.0691198796122198e6
1.0479164101465759e6
1.0273002104680518e6
1.0072501920570027e6
987746.1975508513
968768.9520178312
950300.0171736412
932321.7483398799
914817.2539584427
897770.3574900916
881165.5615382966
864988.0140512368
849223.4764656967
833858.2936665614
818879.3656447583
804274.1207449351
790030.4904019127
776136.885272108
762582.1726727088
749355.6552474658
736447.0507835848
723846.4731093732
711544.4140071163
699531.7260800605
687799.6065165048
676339.5816977975
665143.4926005498
654203.4809466412
643511.9760576356
633061.6823730043
622845.5675941983
612856.851419008
603088.9948329137
593535.6899262333
584190.850207799
575048.6013877513
566103.2726036852
557349.3880659953
548781.659099721
540394.9765615643
532184.4036120381
524145.1688238974
516272.65960911725
508562.4159477332
501010.124402831
493611.6124068832
486362.8428054925
479259.9086453961
472299.0281943318
465476.54018108
458788.8992446413
452232.67158213764
445804.5307855936
439501.2538583116
433319.717402052
427256.89396671834
421309.8485546907
415475.73527238745
409751.79412201484
404135.34792685456
398623.7993837889
393214.6282370874
387905.38856780314
382693.70619341417
377577.2761726244
372553.86041050457
367621.2853593933
362777.4398112199
358020.27277712466
353347.79145046085
348758.05924946134
344249.19393603725
339819.3658073461
335466.7959569425
331189.7546024708
326986.55947701214
322855.574281341
318795.2071944699
314803.9094399971
310880.17390588654
307022.53381541325
303229.5614471352
299499.86690182786
295832.0969144373
292224.93370917975
288677.09389601485
285187.3274067939
281754.41646946716
278377.1746188039
275054.4457421511
271785.1031588255
268568.0487317886
265402.21201032714
262286.5494025064
259220.04337622478
256201.70168775
253230.5566366612
250305.66434617402
247426.10406786684
244590.97750986996
241799.40818761822
239050.54079630785
236343.5406042366
233677.5928662329
231051.90225642762
228465.69231963626
225918.20494066455
223408.6998308717
220936.45403135192
218500.76143212974
216100.9323067752
213736.29286188632
211406.18480089432
209109.96490167652
206847.00460748255
204616.6896306943
202418.41956896702
200251.60753330757
198115.6797876748
196010.07539969104
193934.24590207945
191887.65496445284
189869.77807509454
187880.10223238615
185918.12564555038
183983.3574443901
182075.31739771666
180193.53564017167
178337.55240716028
176506.9177776186
174701.19142435872
172919.9423717313
171162.74876036737
169429.19761876235
167718.8846414766
166031.4139737362
164366.39800222268
162723.45715185144
161102.21968834347
159502.32152640278
157923.40604332028
156365.12389782802
154827.13285403745
153309.0976102988
151810.6896328269
150331.58699394012
148871.47421477086
147430.04211230396
146006.98765061088
144602.01379614585
143214.82937698095
141845.14894585742
140492.69264693485
139157.186086127
137838.36020491214
136535.95115751488
135249.70019135528
133979.35353066717
132724.6622631916
131485.38222985077
130261.2739173157
129052.10235338067
127857.6370050602
126677.65167933072
125511.92442643624
124360.23744568453
123222.37699366086
122098.13329478815
120987.3004541661
119889.67637262396
118805.062663921
117733.26457403597
116674.09090248322
115627.35392559944
114592.8693217441
113570.45609835953
112559.93652083876
111561.13604314945
110573.88324016506
109598.00974165631
108633.35016789513
107679.74206682795
106737.02585277375
105805.04474660632
104883.64471737777
103972.67442534643
103071.98516636863
102181.43081761878
101300.86778460073
100430.1549494166
99569.15362025787
98717.72748208733
97875.74254847955
97043.06711458803
96219.5717112108
95405.12905992387
94599.61402925599
93802.90359187487
93014.87678276106
92235.41465834207
91464.4002565614
90701.71855785993
89947.25644704414
89200.90267601924
88462.54782736521
87732.08427873341
87009.40616804214
86294.40935945434
85586.99141011221
84887.0515376135
84194.49058820972
83509.21100570755
82831.11680105592
82160.11352260277
81496.108227003
80839.00945076255
80188.72718240271
79545.17283522902
78908.25922068986
78277.90052231097
77654.01227019043
77036.51131604213
76425.31580877224
75820.3451705781
75221.52007355499
74628.76241679954
74041.99530399738
73461.14302148379
72886.13101676533
72316.88587749234
71753.33531087125
71195.40812350556
70643.03420165674
70096.14449191364
69554.67098226218
69018.54668354477
68487.70561130128
67962.08276798176
67441.61412552343
66926.23660828188
66415.88807631034
65910.50730897693
65410.033988913325
64914.408686287505
64423.57284339181
63937.468759540614
63456.039576269526
62979.22926282988
62506.98260197153
62039.24517600756
61575.96335315455
61117.084274142246
60662.55583908659
60212.326694620104
59766.34622127419
59324.56452110753
58886.932405575164
58453.401383633034
58023.923650072575
57598.452074080786
57176.94018802039
56759.342176425256
56345.612865206676
55935.7077110661
55529.58279110907
55127.1947926567
54728.50100325057
54333.45930084578
53942.028144189804
53554.166563381565
53169.83415060794
52788.99105105348
52411.597953979755
52037.61608397075
51667.007192340716
51299.73354870151
50935.75793268472
50575.04362581789
50217.55440354852
49863.25452741518
49512.10873736137
49164.082244190016
48819.14072215458
48477.250301685424
48138.37756224748
47802.489525326666
47469.55364754318
47139.53781388824
46812.41033108218
46488.1399210513
46166.69571452112
45848.047244723486
45532.16444121586
45219.01762380945
44908.57749660531
44600.815142134736
44295.70201560359
43993.20993923687
43693.31109672259
43395.978027752746
43101.18362265904
42808.90111714202
42519.10408709157
42231.766443496905
41946.86242744461
41664.36660520227
41384.253863387145
41106.499404217015
40831.07874084275
40557.967692760096
40287.1423812996
40018.57922519323
39752.25493621572
39488.14651490008
39226.231246324816
38966.48669597237
38708.89070565671
38453.42138951957
38200.05713009306
37948.77657442799
37699.558630287094
37452.382462400696
37207.22748878473
36964.07337711949
36722.90004118822
36483.6876373738
36246.41656121351
36011.06744400964
35777.621149495964
35546.05877055789
35316.36162600673
35088.51125740554
34862.48942594695
34638.278109381
34415.85949899276
34195.215996628445
33976.330211769164
33759.184958651844
33543.76325343557
33330.04831141392
33118.02354427076
32907.6725573804
32698.97914714985
32491.927298403578
32286.50118180925
32082.685151344074
31880.463741800908
31679.82166633346
31480.74381403985
31283.215247584078
31087.221200854055
30892.747076656684
30699.778444448068
30508.301038099235
30318.30075369623
30129.76364737414
29942.675933184328
29757.02398099456
29572.794314421117
29389.973608792734
29208.54868914534
29028.506528247424
28849.83424465542
28672.51910079865
28496.54850109294
28321.909990083106
28148.59125061307
27976.580102023643
27805.86449837745
27636.43252671018
27468.27240530828
27301.372482011946
27135.721232543834
26971.30725886211
26808.119287538317
26646.146168159026
26485.376871751097
26325.80048923025
26167.406229872304
26010.183419806945
25854.12150053361
25699.210027458874
25545.438668455452
25392.79720244189
25241.275517983053
25090.86361191102
24941.551587965667
24793.329655455134
24646.18812793546
24500.117421909308
24355.108055543384
24211.150647404065
24068.235915211473
23926.354674610953
23785.49783796225
23645.65641314607
23506.821502387167
23368.984301094584
23232.136096717917
23096.26826761997
22961.37228196517
22827.439696623664
22694.462156090747
22562.431391421524
22431.339219180576
22301.177540405755
22171.93833958708
22043.613683659532
21916.19572100971
21789.676680485598
21664.04887047402
21539.304677883363
21415.43656724703
21292.43707979834
21170.298832508503
21049.014517257343
20928.576899896598
20808.9788193849
20690.213186923047
20572.272985100775
20455.151267055277
20338.841155641105
20223.335842611228
20108.628587809246
19994.712718372404
19881.58162794545
19769.22877590487
19657.64768659372
19546.83194856661
19436.775213844616
19327.471197180515
19218.913675333366
19111.096486353083
19004.01352887422
18897.658761419356
18792.026201711426
18687.109925995395
18582.904068368647
18479.402820120296
18376.60042907914
18274.491198970136
18173.06948877933
18072.32971212703
17972.26633664922
17872.873883386925
17774.146926183577
17676.080091090207
17578.668055778293
17481.905548960134
17385.787349816866
17290.308287433756
17195.46324024263
17101.24713547167
17007.654948602187
16914.68170283221
16822.322468547114
16730.572362796887
16639.426548780062
16548.880235334243
16458.928676432988
16369.567170689204
16280.791060864716
16192.595733386093
16104.976617866452
16017.929186633433
15931.448954262978
15845.531477119059
15760.172352898966
15675.367220184626
15591.111757999068
15507.401685368799
15424.232760891413
15341.600782308607
15259.50158608452
15177.931046989224
15096.885077687431
15016.359628332237
14936.350686163794
14856.854275113068
14777.866455410323
14699.383323198435
14621.401010151
14543.91568309498
14466.923543638048
14390.420827800466
14314.403805651345
14238.868780949419
14163.812090788113
14089.230105244902
14015.119227034942
13941.475891168797
13868.296564614404
13795.577745962983
13723.315965098984
13651.507782874036
13580.14979078478
13509.238610654455
13438.77089431839
13368.743323313236
13299.152608569762
13229.995490109482
13161.268736744702
13092.96914578225
13025.093542730589
12957.638781010475
12890.601741668943
12823.979333096768
12757.768490749037
12691.966176869271
12626.569380216504
12561.575115795747
12496.980424591458
12432.782373304239
12368.978054090483
12305.56458430509
12242.539106247194
12179.898786908758
12117.64081772617
12055.762414334615
11994.260816325313
11933.133287005578
11872.377113161558
11811.989604823786
11751.96809503536
11692.309939622726
11633.012516969222
11574.073227791072
11515.48949491595
11457.258763064121
11399.378498631999
11341.846189478218
11284.659344712061
11227.81549448426
11171.312189780332
11115.147002215992
11059.317523835061
11003.821366909495
10948.65616374183
10893.819566469632
10839.309246872337
10785.122896180092
10731.258224884788
10677.712962553222
10624.484857642277
10571.571677316218
10518.971207265919
10466.681251530244
10414.69963231917
10363.024189839156
10311.652782120134
10260.583284844652
10209.813591178732
10159.341611604636
10109.165273755543
10059.282522251851
10009.69131853945
9960.38964072967
9911.37548344096
9862.646857642367
9814.201790498602
9766.038325216916
9718.15452089548
9670.548452373576
9623.218210083269
9576.161899902738
9529.3776430112
9482.863575745348
9436.617849457358
9390.638630374417
9344.924099459775
9299.47245227523
9254.281898845113
9209.350663521782
9164.676984852389
9120.259115447257
9076.09532184949
9032.18388440611
8988.5230971404
8945.111267625794
8901.946716860853
8859.02777914581
8816.35280196026
8773.920145842136
8731.728184268053
8689.775303534821
8648.059902642246
8606.58039317711
8565.335199198402
8524.32275712377
8483.541515617071
8442.989935477164
8402.666489527848
8362.569662508893
8322.697950968291
8283.049863155502
8243.62391891592
8204.418649586369
8165.43259789165
8126.664317842211
8088.112374632854
8049.77534454245
8011.651814834708
7973.740383659953
7936.039659957928
7898.5482633615575
7861.264824101687
7824.187982912841
7787.316390939894
7750.6487096457
7714.183610719678
7677.919775987295
7641.855897320474
7605.990676548929
7570.322825372359
7534.851065273564
7499.574127432388
7464.490752640584
7429.59969121748
7394.899702926516
7360.389556892644
7326.068031520483
7291.933914413374
7257.986002293152
7224.2231009208135
7190.644025017893
7157.247598188665
7124.032652843114
7090.998030120655
7058.142579814573
7025.465160297343
6992.9646384464695
6960.639889571292
6928.48979734034
6896.513253709472
6864.709158850714
6833.076421081803
6801.613956796384
6770.320690394938
6739.195554216374
6708.237488470209
6677.445441169579
6646.818368064725
6616.3552325772
6586.055005734792
6555.91666610689
6525.939199740677
6496.121600097812
6466.462867991759
6436.962011525755
6407.618046031292
6378.429994007292
6349.396885059801
6320.517755842264
6291.791649996438
6263.21761809373
6234.794717577297
6206.522012704498
6178.398574490035
6150.423480649588
6122.595815543988
6094.914670123803
6067.379141874795
6039.988334763459
6012.741359183392
5985.637331902011
5958.675376007868
5931.854620858363
5905.174202028058
5878.633261257396
5852.230946401951
5825.9664113820945
5799.838816133239
5773.847326556425
5747.99111446946
5722.269357558482
5696.6812393299515
5671.225949063159
5645.902681763086
5620.710638113783
5595.649024432132
5570.717052622062
5545.9139401291795
5521.238909895812
5496.691190316485
5472.270015193809
5447.974623694742
5423.804260307301
5399.7581747976365
5375.835622167515
5352.035862612207
5328.3581614787245
5304.801789224475
5281.366021376275
5258.050138489758
5234.853426109112
5211.775174727247
5188.8146797462505
5165.971241438285
5143.244164906755
5120.632760047911
5098.136341512713
5075.75422866913
5053.485745564709
5031.3302208895275
5009.286987939444
4987.355384579721
4965.534753208927
4943.824440723214
4922.22379848085
4900.732182267189
4879.348952259788
4858.073472993983
4836.905113328676
4815.843246412498
4794.887249650239
4774.036504669555
4753.290397288012
4732.648317480423
4712.109659346429
4691.673821078416
4671.340204929704
4651.108217182985
4630.97726811911
4610.946771986082
4591.016146968321
4571.18481515629
4551.4522025162905
4531.81773886056
4512.280857817628
4492.840996802961
4473.497596989804
4454.250103280354
4435.0979642770835
4416.040632254451
4397.077563130713
4378.208216440098
4359.432055305158
4340.748546409379
4322.157159970017
4303.657369711209
4285.248652837263
4266.930490006205
4248.702365303598
4230.563766216475
4212.514183607633
4194.55311169002
4176.68004800147
4158.894493379528
4141.195951936599
4123.583931035233
4106.057941263676
4088.617496411596
4071.2621134460105
4053.9913124874834
4036.8046167864295
4019.701552699711
4002.681649667362
3985.744440189549
3968.8894598037373
3952.1162470620156
3935.424343508639
3918.813293657752
3902.2826449713007
3885.8319478371404
3869.460755547315
3853.16862427653
3836.9551130607906
3820.819783776262
3804.762201118245
3788.7819325803684
3772.8785484339605
3757.0516217075747
3741.3007281666814
3725.6254462935613
3710.0253572673428
3694.5000449441795
3679.0490956882404
3663.672099099381
3648.3686464995008
3633.1383324077756
3617.9807537744555
3602.895510111527
3587.8822034739915
3572.94043844141
3558.069822099482
3543.2699640218843
3528.5404762521803
3513.8809732859227
3499.291072052898
3484.7703918995003
3470.318554571261
3455.9351841955204
3441.619907264243
3427.372352616956
3413.1921514238966
3399.0789371691635
3385.032345634154
3371.0520148810488
3357.13758523643
3343.288699275083
3329.505001803887
3315.78613984585
3302.1317626242744
3288.5415215470694
3275.0150701911343
3261.5520642869396
3248.1521617031794
3234.815022431583
3221.54030857182
3208.327684316536
3195.176815936534
3182.087371766033
3169.0590221880775
3156.091439620048
3143.18429849931
3130.3372752689193
3117.550048363526
3104.822298195331
3092.1537071401685
3079.5439595237076
3066.99274160776
3054.4997415766898
3042.0646495239534
3029.687157438708
3017.366959192569
3005.103750526441
2992.897229037475
2980.747094166104
2968.653047183217
2956.614791177377
2944.632031042229
2932.704473463906
2920.8318269086158
2909.013801610261
2897.250109558232
2885.540464485198
2873.8845818550876
2862.282178851119
2850.732974363904
2839.236688979699
2827.7930449687037
2816.4017662734623
2805.0625784973795
2793.775208893272
2782.539386352076
2771.3548413915873
2760.221306145323
2749.138514351454
2738.1062013418195
2727.1241040310497
2716.1919609057404
2705.309512013742
2694.4764989535106
2683.6926648635417
2672.9577544119065
2662.271513785846
2651.6336906814527
2641.0440342934317
2630.5022953049497
2620.0082258775356
2609.5615796410993
2599.16211168399
2588.8095785431424
2578.5037381943075
2568.244350042348
2558.0311749116204
2547.8639750363977
2537.742514051418
2527.66655698245
2517.6358702369703
2507.650221594892
2497.7093801993724
2487.813116547681
2477.9612024821427
2468.153411181156
2458.3895171502704
2448.6692962133193
2438.992525503657
2429.358983455421
2419.7684497948835
2410.220705531864
2400.7155329512034
2391.252715604298
2381.8320383007085
2372.4532870998296
2363.1162493026104
2353.8207134433446
2344.5664692815294
2335.3533077937745
2326.181021165771
2317.049402784335
2307.958247229485
2298.907350266608
2289.8965088386603
2280.9255210584347
2271.994186200892
2263.102304695534
2254.249678118852
2245.4361091868104
2236.6614017474053
2227.9253607732676
2219.227792354318
2210.5685036904833
2201.947303084468
2193.3639999345683
2184.8184047275513
2176.310329031575
2167.839585489176
2159.405987810287
2151.0093507653282
2142.6494901783303
2134.3262229201237
2126.039366901559
2117.788741066801
2109.57416538665
2101.395460851908
2093.252449466869
2085.144954242697
2077.0727991910135
2069.0358093174455
2061.0338106152512
2053.0666300589774
2045.134095598161
2037.2360361510996
2029.3722815986312
2021.5426627779952
2013.747011476702
2005.98516042649
1998.2569432972778
1990.5621946911988
1982.90075013666
1975.2724460824447
1967.677119891863
1960.114609836939
1952.5847550926505
1945.0873957311906
1937.6223727162844
1930.1895278975521
1922.7887040048918
1915.4197446429246
1908.0824942854608
1900.7767982700234
1893.5025027923868
1886.2594549011842
1879.04750249253
1871.8664943046897
1864.7162799127843
1857.5967097235412
1850.5076349700628
1843.448907706657
1836.4203808036914
1829.4219079424684
1822.4533436101751
1815.5145430948305
1808.60536248029
1801.7256586412818
1794.8752892384668
1788.0541127135498
1781.2619882844178
1774.4987759403052
1767.76433643701
1761.0585312921194
1754.3812227802966
1747.73227392858
1741.1115485117193
1734.5189110475544
1727.9542267924126
1721.4173617365466
1714.9081825996022
1708.4265568261194
1701.9723525810575
1695.545438745362
1689.1456849115525
1682.772961379349
1676.427139151324
1670.1080899285848
1663.8156861064929
1657.549800770391
1651.3103076913949
1645.0970813221843
1638.9099967928328
1632.7489299066733
1626.6137571361764
1620.5043556188787
1614.4206031533136
1608.3623781949957
1602.3295598524128
1596.3220278830518
1590.3396626894623
1584.382345315328
1578.449957441579
1572.5423813825282
1566.6595000820307
1560.8011971096687
1554.9673566569722
1549.1578635336464
1543.3726031638557
1537.6114615824918
1531.8743254315027
1526.1610819562325
1520.471619001782
1514.8058250094014
1509.163589012903
1503.544800635107
1497.949350084295
1492.3771281507002
1486.8280262030203
1481.3019361849483
1475.7987506117338
1470.3183625667602
1464.8606656981478
1459.4255542153892
1454.0129228859782
1448.622667032109
1443.2546825273475
1437.9088657933585
1432.585113796641
1427.283324045294
1422.003394585785
1416.745223999767
1411.5087114008966
1406.2937564316817
1401.100259260345
1395.9281205777193
1390.7772415941445
1385.6475240364139
1380.5388701447002
1375.451182669549
1370.3843648688526
1365.338320504868
1360.312953841241
1355.3081696400618
1350.3238731589267
1345.3599701480357
1340.4163668472902
1335.4929699834238
1330.5896867671509
1325.7064248903257
1320.8430925231303
1315.9995983112708
1311.1758513732016
1306.3717612973664
1301.5872381394415
1296.8221924196273
1292.0765351199325
1287.3501776814817
1282.6430320018428
1277.955010432382
1273.2860257756138
1268.6359912825883
1264.004820650287
1259.3924280190317
1254.7987279699241
1250.223635522285
1245.6670661311218
1241.1289356846094
1236.609160501584
1232.1076573290616
1227.624343339763
1223.1591361296603
1218.7119537155345
1214.282714532561
1209.8713374318943
1205.477741678279
1201.1018469476744
1196.74357332489
1192.4028413012443
1188.079571772233
1183.7736860352088
1179.4851057870856
1175.213753122052
1170.959550529296
1166.7224208907535
1162.502287478862
1158.2990739543357
1154.1127043639478
1149.9431031383385
1145.79019508982
1141.6539054102136
1137.5341596686844
1133.430883809603
1129.3440041504161
1125.2734473795267
1121.2191405541894
1117.1810110984266
1113.1589868009453
1109.152995813081
1105.1629666467425
1101.1888281723764
1097.230509616941
1093.2879405618994
1089.3610509412151
1085.449771039373
1081.5540314893965
1077.6737632708946
1073.8088977081147
1069.959366467993
1066.125101558247
1062.3060353254532
1058.5021004531495
1054.7132299599484
1050.9393571976607
1047.180415849427
1043.4363399278702
1039.7070637732554
1035.9925220516539
1032.292649753128
1028.60738218993
1024.9366549946935
1021.2804041186671
1017.6385658299232
1014.0110767116109
1010.3978736601935
1006.7988938837163
1003.2140749000745
999.6433545352918
996.0866709218199
992.543962496831
989.015168000541
985.5002264745283
981.999077260067
978.5116599964733
975.0379146194623
971.5777813595073
968.131200740221
964.6981135767337
961.2784609740968
957.8721843256776
954.4792253115838
951.0995258970811
947.7330283310321
944.3796751443349
941.0394091483804
937.7121734335167
934.3979113675143
931.0965665940569
927.8080830312249
924.5324048699986
921.2694765727699
918.0192428718562
914.7816487680279
911.5566395290549
908.3441606882377
905.1441580429685
901.956577653297
898.7813658405008
895.6184691856613
892.467834528134
889.3294089646417
886.2031398471345
883.088974781904
879.9868616282017
876.89674849638
873.8185837472707
870.752315990343
867.6978940824763
864.6552671266317
861.6243844705212
858.605195705288
855.5976506641923
852.6016994213151
849.6172922902563
846.644379822844
843.6829128078649
840.7328422697794
837.794119467465
834.8666958929562
831.9505232701939
829.0455535537828
826.151738927759
823.26903180436
820.3973848228079
817.5367508480896
814.687082969758
811.8483345007327
809.0204589761051
806.2034101519579
803.3971420041846
800.6016087273235
797.8167647333896
795.042564650724
792.2789633228385
789.5259158072784
786.7833773744846
784.0513035066625
781.3296498966608
778.6183724468616
775.9174272680598
773.2267706783725
770.5463592021347
767.8761495688123
765.2160987119203
762.5661637679448
759.9263020752735
757.2964711731304
754.676628800517
752.0667328951657
749.4667415924889
746.8766132245426
744.2963063189893
741.7257795980795
739.1649919776207
736.6139025659704
734.0724706630203
731.5406557591984
729.0184175344666
726.5057158573343
724.0025107838696
721.5087625567212
719.0244316041387
716.5494785390117
714.0838641579035
711.6275494400928
709.1804955466196
706.7426638193459
704.3140157800103
701.8945131292919
699.484117745883
697.0827916855621
694.6904971802779
692.3071966372333
689.932852637978
687.5674279375012
685.2108854633423
682.8631883146882
680.5242997614926
678.1941832435919
675.8728023698222
673.5601209171552
671.256102829828
668.9607122184757
666.6739133592803
664.3956706931175
662.1259488247038
659.8647125217586
657.6119267141669
655.3675564931414
653.1315671103965
650.9039239773304
648.6845926641945
646.4735388992899
644.2707285681511
642.0761277127455
639.8897025306685
637.7114193743528
635.541244750272
633.3791453181585
631.2250878902189
629.079039430354
626.9409670533905
624.8108380243092
622.6886197574788
620.5742798158982
618.4677859104387
616.3691058990954
614.2782077862335
612.1950597218531
610.1196300008435
608.051887062253
605.9917994885553
603.9393360049207
601.8944654785034
599.8571569177104
597.8273794714971
595.8051024286495
593.7902952170871
591.7829274031485
589.7829686909033
587.790388921453
585.805158072242
583.8272462563684
581.8566237219032
579.8932608512118
577.9371281602773
575.9881962980302
574.0464360456801
572.1118183160505
570.1843141529209
568.2638947303698
566.3505313521204
564.4441954508914
562.5448585877537
560.6524924514862
558.7670688579373
556.8885597493907
555.0169371939352
553.152173384834
551.2942406399018
549.4431114008854
547.5987582328435
545.7611538235329
543.930270982803
542.1060826419782
540.2885618532655
538.4776817891452
536.6734157417789
534.8757371224115
533.084619460786
531.3000364045481
529.5219617186704
527.7503692848667
525.9852331010152
524.2265272805823
522.4742260520545
520.7283037583679
518.9887348563431
517.2554939161246
515.5285556206205
513.8078947649437
512.0934862558664
510.3853051112659
508.68332645957435
506.9875255392419
505.297877698189
503.6143583932753
501.9369431897597
500.2656077607695
498.600327886772
496.9410794550473
495.28783845916666
493.6405809984691
491.99928327754617
490.3639216057264
488.73447239656076
487.11091216731893
485.4932175384771
483.88136523321623
482.27533207692113
480.67509499668415
479.08063102080405
477.4919172782991
475.9089309984119
474.33164951012645
472.7600502416774
471.1941107200731
469.63380857061264
468.07912151640915
466.5300273779151
464.9865040724518
463.4485296137379
461.9160821114216
460.3891397706197
458.867680891453
457.351683868587
455.841127190773
454.33598944039863
452.83624929303096
451.3418855169692
449.8528769727943
448.36920261292954
446.89084148119105
445.41777271235435
443.9499755317104
442.4874292546366
441.03011328615514
439.57800712051187
438.1310903407395
436.6893426182351
435.2527437123379
433.8212734699021
432.39491182488223
430.9736387979134
429.5574344958979
428.1462791115898
426.7401529231862
425.3390362939201
423.9429096716491
422.55175358845804
421.1655486602495
419.78427558635013
418.4079151491099
417.0364482135061
415.66985572675264
414.30811871790405
412.9512182974689
411.599135657022
410.25185206881974
408.9093488854146
407.5716075392765
406.2386095424104
404.91033648598284
403.58677003994194
402.2678919526486
400.95368405050243
399.6441282375714
398.33920649522906
397.0389008817833
395.74319353211524
394.452066657318
393.1655025443371
391.8834835556089
390.6059921287092
389.33301077599674
388.0645220842605
386.80050871436924
385.5409534009233
384.2858389519081
383.0351482483476
381.78886424396194
380.54696996482687
379.3094485090309
378.0762830463405
376.8474568178621
375.62295313570945
374.4027553826674
373.1868470118642
371.9752115464422
370.76783257922693
369.5646937724042
368.36577885719623
367.17107163353535
365.9805559697477
364.7942158022323
363.61203513514107
362.4339980400672
361.2600886557276
360.0902911876515
358.924589907869
357.7629691546017
356.60541333195505
355.45190690961266
354.3024344225308
353.15698047063347
352.0155297185154
350.878066895136
349.74457679352844
348.61504427049397
347.4894542463177
346.36779170445607
345.25004169126606
344.13618931570227
343.02621974902877
341.92011822453287
340.8178700372363
339.7194605436133
338.6248751613046
337.53409936883514
336.44711870533706
335.3639179921193
334.2844852231216
333.2088037831826
332.1368602292166
331.06864039921686
330.0041301901251
328.94331555756384
327.8861825155651
326.8327171363018
325.78290554982243
324.736733943785
323.6941885631932
322.6552557101341
321.6199217435153
320.5881730788067
319.55999618778003
318.53537759825304
317.5143038938321
316.4967617136588
315.4827377521548
314.47221875877034
313.46519153773323
312.46164294779874
311.4615599020018
310.4649293674104
309.4717383648764
308.4819739687951
307.49562330685796
306.5126735598129
305.53311196122274
304.5569257972245
303.5841024062896
302.6146291789902
301.64849355775937
300.68568303665813
299.7261851611392
298.7699875278172
297.8170777842344
296.8674436286328
295.9210728097225
294.977953126454
294.0380724277941
293.1014186124943
292.16797962887335
291.2377434745865
290.31069819640794
289.38683189000744
288.4661326997298
287.5485888183771
286.6341884869882
285.7229199946252
284.81477167815376
283.90973192203035
283.0077891580881
282.1089318653238
281.2131485696872
280.32042784386783
279.430758307088
278.5441286248939
277.6605275089461
276.7799437168155
275.90236605177574
275.0277833625996
274.1561845433562
273.2875585332083
272.42189431620886
271.5591809211038
270.69940742112976
269.8425629338168
268.98863662079066
268.137617687577
267.28949538340385
266.4442590010091
265.60189787644515
264.7624013888875
263.9257589604417
263.09196005595413
262.26099418282
261.4328508907952
260.6075197718101
259.7849904597806
258.9652526304201
258.1482960010581
257.3341103304532
256.5226854186102
255.71401110659838
254.90807727636795
254.10487385056996
253.3043907923776
252.5066181053059
251.71154583303365
250.91916405922558
250.12946290735704
249.3424325405379
248.55806316133697
247.77634501160935
246.9972683723227
246.22082356338416
245.44700094347166
244.67579090985976
243.90718389825315
243.14117038261497
242.3777408750006
241.6168859253899
240.85859612152026
240.10286208872148
239.34967448975056
238.5990240246282
237.8509014304735
237.1052974813446
236.3622029880753
235.62160879811285
234.88350579536018
234.14788490001442
233.41473706841066
232.6840532928611
231.95582460150095
231.2300420581302
230.5066967620575
229.78577984794708
229.0672824856643
228.35119588012077
227.6375112711234
226.9262199332213
226.21731317555557
225.5107823417091
224.80661880955438
224.104813991107
223.40535933237734
222.70824631322188
222.01346644719501
221.3210112814072
220.63087239637417
219.94304140587622
219.25750995681204
218.57426972905606
217.8933124353151
217.2146298209862
216.53821366401766
215.86405577476347
215.1921479958483
214.52248220202517
213.85505030003728
213.18984422848035
212.5268559576657
211.86607748948177
211.20750085725942
210.55111812563584
209.8969213904208
209.24490277846158
208.59505444750766
207.94736858608164
207.30183741334469
206.65845317896395
206.01720816298413
205.37809467569397
204.74110505749977
204.10623167879328
203.47346693982462
202.8428032705737
202.21423313062405
201.5877490090344
200.96334342421298
200.34100892379206
199.7207380845048
199.1025235120556
198.48635784100316
197.8722337346318
197.2601438848318
196.65008101197472
196.04203786479542
195.43600722026812
194.8319818834865
194.22995468754516
193.6299184934192
193.0318661898463
192.4357906932071
191.84168494740896
191.24954192376975
190.65935462089863
190.07111606458255
189.48481930766928
188.90045742995304
188.31802353806108
187.73751076533853
187.15891227173518
186.58222124369337
186.00743089403625
185.4345344618538
184.86352521239456
184.29439643695264
183.72714145275927
183.1617536028716
182.59822625606478
182.03655280672194
181.47672667472747
180.91874130536007
180.36259016918203
179.80826676193658
179.25576460443915
178.70507724247372
178.1561982466851
177.60912121247713
177.06383975990622
176.5203475335783
175.97863820254707
175.43870546020793
174.90054302419958
174.36414463629876
173.82950406232055
173.29661509201912
172.76547153898252
172.23606724053928
171.70839605765167
171.1824518748229
170.65822859999508
170.1357201644518
169.61492052272095
169.09582365247684
168.57842355444382
168.0627142522999
167.54868979258057
167.03634424458326
166.52567170027302
166.01666627418717
165.50932210334122
165.0036333471359
164.4995941872626
163.9971988276113
163.4964414941781
162.99731643497296
162.49981791992826
162.0039402408076
161.50967771111445
161.01702466600224
160.52597546218493
160.03652447784623
159.54866611255238
159.06239478716094
158.57770494373378
158.09459104544985
157.61304757651573
157.13306904208048
156.6546499681479
156.17778490149033
155.70246840956145
155.2286950804148
154.7564595226126
154.2857563651462
153.8165802573481
153.34892586881034
152.88278788929904
152.4181610286731
151.95504001679888
151.49341960347
151.03329455832395
150.57465967075953
150.11750974985787
149.66183962429844
149.20764414228188
148.75491817144479
148.30365659878527
147.8538543305794
147.40550629230412
146.9586074285561
146.51315270297613
146.06913709816848
145.62655561562474
145.18540327564511
144.74567511726218
144.30736619816375
143.87047159461662
143.43498640138932
143.00090573167859
142.56822471703202
142.13693850727373
141.70704227043007
141.27853119265373
140.85140047815193
140.42564534910986
140.00126104562065
139.57824282560858
139.15658596475964
138.73628575644605
138.31733751165797
137.89973655892692
137.4834782442587
137.06855793105944
136.6549710000662
136.2427128492757
135.8317788938742
135.42216456616782
135.01386531551344
134.60687660824823
134.2011939276211
133.79681277372515
133.39372866342765
132.99193713030326
132.591433724565
132.1922140129986
131.79427357889347
131.39760802197702
131.0022129583475
130.60808402040826
130.21521685680125
129.82360713234203
129.43325052795302
129.04414274059982
128.6562794832261
128.26965648468848
127.88426948969246
127.5001142587293
127.11718656801082
126.73548220940751
126.35499699038411
125.97572673393748
125.59766727853481
125.22081447804918
124.84516420169962
124.47071233398795
124.09745477463889
123.72538743853613
123.35450625566519
122.98480717104937
122.61628614469058
122.24893915150984
121.88276218128648
121.51775123859885
121.1539023427654
120.79121152778461
120.42967484227734
120.06928834942643
119.71004812692078
119.35195026689607
118.99499087587589
118.63916607471637
118.28447199854665
117.93090479671389
117.57846063272498
117.22713568419006
116.87692614276737
116.52782821410612
116.1798381177907
115.8329520872854
115.48716636987939
115.14247722663032
114.79888093231146
114.45637377535535
114.11495205779988
113.77461209523477
113.43535021674711
113.09716276486702
112.76004609551552
112.42399657795087
112.08901059471498
111.75508454158091
111.42221482750122
111.09039787455409
110.75963011789287
110.42990800569291
110.10122799910079
109.77358657218227
109.44698021187176
109.12140541792067
108.79685870284735
108.47333659188598
108.15083562293668
107.82935234651526
107.50888332570318
107.18942513609821
106.87097436576452
106.55352761518418
106.23708149720747
105.92163263700445
105.60717767201567
105.29371325190509
104.98123603851064
104.66974270579675
104.35922993980678
104.04969443861509
103.74113291227962
103.43354208279523
103.12691868404646
102.82125946176025
102.51656117346033
102.21282058842053
101.91003448761788
101.60819966368786
101.30731292087773
101.00737107500143
100.7083709533937
100.41030939486575
100.11318324965953
99.81698937940286
99.52172465706575
99.22738596691471
98.93397020446967
98.64147427645906
98.34989510077673
98.05922960643761
97.76947473353451
97.48062743319508
97.19268466753817
96.90564340963138
96.61950064344803
96.33425336382476
96.04989857641905
95.76643329766696
95.4838545547413
95.20215938550967
94.92134483849266
94.6414079728228
94.36234585820254
94.08415557486393
93.80683421352686
93.53037887535888
93.25478667193428
92.98005472519355
92.70618016740366
92.43316014111707
92.16099179913245
91.88967230445488
91.61919883025601
91.34956855983441
91.08077868657699
90.81282641391948
90.54570895530716
90.27942353415686
90.01396738381769
89.74933774753285
89.4855318784015
89.22254703934023
88.96038050304517
88.69902955195498
88.43849147821199
88.17876358362537
87.91984317963365
87.6617275872679
87.4044141371142
87.14790016927694
86.89218303334218
86.63726008834118
86.38312870271366
86.129786254272
85.87723013016466
85.62545772684082
85.37446645001397
85.12425371462655
84.87481694481468
84.62615357387199
84.3782610442158
84.13113680735064
83.88477832383418
83.63918306324226
83.39434850413411
83.15027213401808
82.90695144931726
82.66438395533541
82.42256716622241
82.181498604941
81.94117580323265
81.70159630158423
81.46275764919386
81.22465740393841
80.98729313233981
80.75066240953203
80.51476281922805
80.27959195368766
80.04514741368388
79.8114268084712
79.57842775575261
79.34614788164805
79.11458482066149
78.8837362156496
78.65359971778938
78.42417298654703
78.1954536896456
77.96743950303417
77.74012811085633
77.51351720541874
77.28760448716048
77.06238766462164
76.83786445441285
76.61403258118463
76.39088977759634
76.1684337842863
75.94666234984125
75.72557323076623
75.50516419145414
75.28543300415656
75.06637744895308
74.84799531372227
74.63028439411173
74.41324249350879
74.1968674230113
73.98115700139815
73.76610905510009
73.55172141817145
73.33799193226048
73.12491844658105
72.91249881788397
72.70073091042758
72.48961259595279
72.27914175364978
72.06931627013317
71.8601340394132
71.65159296286791
71.44369094921481
71.23642591448413
71.02979578199026
70.82379848230497
70.61843195322987
70.4136941397689
70.2095829941014
70.00609647555538
69.80323255058028
69.60098919271991
69.39936438258653
69.19835610783343
68.99796236312916
68.79818115013082
68.59901047745745
68.40044836066494
68.20249282221857
68.00514189146847
67.80839360462274
67.61224600472212
67.41669714161466
67.2217450719294
67.02738785905208
66.83362357309889
66.64045029089132
66.44786609593173
66.2558690783777
66.06445733501735
65.87362896924468
65.68338209103442
65.49371481691801
65.30462526995879
65.11611157972747
64.92817188227806
64.74080432012352
64.55400704221174
64.36777820390142
64.18211596693843
63.99701849943156
63.81248397582914
63.62851057689521
63.44509648968605
63.26223990752703
63.07993902998854
62.898192062863764
62.7169972181444
62.53635271399867
62.35625677474739
62.17670763084187
61.99770351884068
61.81924268138713
61.64132336718652
61.463943830983894
61.28710233354127
61.11079714161556
60.9350265279364
60.759788771183615
60.58508215596562
60.41090497279717
60.23725551807745
60.06413209406827
59.89153300887281
59.71945657641336
59.547901116409875
59.37686495435909
59.206346421512436
59.0363438548554
58.86685559708566
58.69787999659254
58.52941540743572
58.361460189324355
58.19401270759621
58.027071333196716
57.86063444265886
57.694700418081624
57.52926764711033
57.36433452291577
57.19989944417387
57.03596081504544
56.8725170451562
56.70956654957608
56.54710774879992
56.38513906872678
56.22365894064066
56.062665801190334
55.90215809236984
55.742134261498514
55.58259276120177
55.42353204939146
55.264950589246375
55.10684684919319
54.94921930288679
54.792066429191436
54.63538671216148
54.4791786410224
54.32344071015183
54.168171419060656
54.013369272374106
53.85903277981335
53.705160456176486
53.55175082132006
53.398802400140774
53.24631372255658
53.09428332348885
52.94270974284359
52.79159152549366
52.64092722126021
52.490715384895104
52.34095457606229
52.19164335932033
52.04278030410448
51.89436398470869
51.74639298026816
51.5988658747412
51.45178125689227
51.30513772027418
51.158933863210464
51.013168288778175
50.86783960479066
50.72294642378026
50.57848736298088
50.434461044311305
50.29086609435784
50.14770114435761
50.00496483018125
49.862655792316524
49.72077267585131
49.57931413045674
49.43827881037093
49.297665374382035
49.15747248581212
49.017698812500335
48.87834302678676
48.73940380549586
48.60087982992076
48.46276978580635
48.32507236333356
48.18778625710323
48.05091016612026
47.914442793777155
47.77838284783881
47.64272904042628
47.50748008800106
47.372634711349576
47.23819163556733
47.10414959004343
46.970507308445164
46.83726352870238
46.704416992992265
46.571966447723796
46.43991064352274
46.30824833521622
46.17697828181766
46.0460992465117
45.91560999663902
45.78550930368181
45.65579594324815
45.526468695057744
45.397526342926824
45.268967674753455
45.140791482502785
45.0129965621928
44.88558171387903
44.75854574164086
44.631887453566414
44.50560566173834
44.37969918221969
44.254166835039385
44.1290074441779
44.00421983755346
43.879802847007426
43.75575530829062
43.632076061049105
43.50876394881018
43.38581781896863
43.263236522772814
43.14101891531071
43.01916385549646
42.89767020605619
42.77653683351504
42.655762608182926
42.53534640414138
42.415287099229914
42.29558357503266
42.176234716864855
42.05723941375979
41.93859655845504
41.82030504737975
41.70236378064125
41.584771662011704
41.46752759891543
41.3506305024156
41.234079287201205
41.117872871574576
41.002010177437754
40.88649013028055
40.77131165916683
40.65647369672266
40.54197517912299
40.42781504607929
40.31399224082695
40.20050571011269
40.08735440418209
39.97453727676714
39.86205328507384
39.7499013897699
39.638080554972404
39.52658974823558
39.41542794053851
39.30459410627302
39.194087223231634
39.083906272595506
38.97405023892216
38.86451811013386
38.7553088775055
38.646421535652706
38.53785508252001
38.42960851936907
38.321680850766995
38.21407108457453
38.10677823193453
37.99980130726
37.89313932822307
37.78679131574307
37.68075629397507
37.57503329029866
37.46962133530629
37.36451946279222
37.259726709740875
37.15524211631578
37.05106472584835
36.947193584826536
36.84362774288401
36.74036625278873
36.63740817043194
36.53475255481745
36.43239846805014
36.33034497532576
36.228591144919264
36.127136048174506
36.02597875949321
35.925118356324205
35.82455391915286
35.72428453149014
35.62430927986218
35.52462725379965
35.42523754582706
35.32613925145242
35.22733146915654
35.12881330038283
35.03058384952659
34.932642223925356
34.83498753384742
34.7376188924824
34.64053541593099
34.54373622319409
34.44722043616346
34.35098717961088
34.25503558117869
34.15936477136923
34.06397388353507
33.968862053868875
33.874028421393575
33.77947212795256
33.685192318199526
33.59118813958892
33.49745874236599
33.40400327955696
33.31082090695968
33.21791078313341
33.125272069389524
33.03290392978191
32.940805531097034
32.84897604284491
32.7574146372493
32.66612048923815
32.5750927764345
32.48433067914661
32.39383338035908
32.30360006572333
32.213629923548055
32.12392214479043
32.034475923046465
31.945290454542235
31.85636493812416
31.767698575250513
31.679290569981866
31.591140128972278
31.503246461460172
31.415608779259376
31.32822629675024
31.241098230870474
31.154223801106703
31.067602229485132
30.98123274056294
30.895114561419753
30.80924692164834
30.723629053346247
30.6382601911073
30.553139572012363
30.46826643562124
30.38364002396383
30.29925958153163
30.215124355269154
30.13123359456562
30.04758655124634
29.964182479564005
29.881020636190975
29.798100280210292
29.715420673107552
29.632981078762626
29.550780763441338
29.46881899578728
29.387095046813563
29.305608189894457
29.224357700757544
29.143342857475407
29.06256294045758
28.98201723244236
28.901705018488965
28.821625585969436
28.74177822456066
28.66216222623638
28.582776885259406
28.50362149817351
28.42469536379586
28.345997783208883
28.267528059752664
28.18928549901713
28.111269408834268
28.033479099270487
27.955913882618724
27.878573073391088
27.80145598831102
27.724561946305744
27.64789026849869
27.57144027820201
27.495211300908856
27.419202664286125
27.343413698166977
27.26784373454317
27.192492107557946
27.117358153498362
27.042441210788212
26.96774061998044
26.893255723750137
26.818985866886965
26.744930396287998
26.671088660950645
26.59746001196541
26.524043802508423
26.450839387834847
26.377846125271248
26.3050633742088
26.232490496096073
26.160126854432168
26.08797181475949
26.01602474465696
25.94428501373288
25.87275199361809
25.801425057959108
25.730303582411175
25.65938694463139
25.588674524271834
25.518165702972887
25.447859864356452
25.377756394018956
25.307854679524816
25.238154110399815
25.168654078124177
25.099353976126025
25.03025319977477
24.961351146374536
24.892647215157282
24.82414080727669
24.75583132580138
24.687718175708152
24.619800763876036
24.552078499079457
24.484550791981707
24.417217055128823
24.350076702943035
24.28312915171631
24.21637381960423
24.14981012661931
24.083437494625166
24.017255347329773
23.951263110279324
23.885460210852273
23.81984607825283
23.75442014350481
23.68918183944547
23.624130600719443
23.559265863772556
23.49458706684572
23.43009364996882
23.365785054954777
23.301660725393283
23.237720106645053
23.17396264583564
23.110387791849526
23.04699499532423
22.983783708644204
22.92075338593512
22.857903483057946
22.795233457602876
22.732742768883874
22.67043087793238
22.60829724749192
22.546341342012123
22.484562627642937
22.422960572229027
22.361534645303884
22.300284318084323
22.239209063464585
22.17830835601096
22.117581671955776
22.057028489192167
21.996648287268158
21.93644054738138
21.876404752373258
21.81654038672363
21.756846936545188
21.697323889578
21.637970735183863
21.578786964341226
21.51977206963933
21.460925545273124
21.402246887037627
21.343735592322645
21.28539116010743
21.227213090955445
21.169200887008692
21.111354051982836
21.053672091161644
20.99615451139178
20.93880082107757
20.88161053017592
20.824583150190833
20.767718194168364
20.711015176691525
20.654473613875037
20.598093023360214
20.541872924309793
20.485812837402904
20.429912284830074
20.37417079028797
20.318587878974505
20.26316307758375
20.20789591430097
20.152785918797605
20.09783262222628
20.043035557215845
19.988394257866602
19.93390825974512
19.87957709987954
19.825400316754614
19.771377450306804
19.71750804191959
19.66379163441838
19.610227772066
19.556816000557603
19.50355586701612
19.450446919987385
19.397488709435414
19.34468078673762
19.292022704680292
19.239514017453594
19.187154280647178
19.134943051245354
19.082879887622532
19.030964349538444
18.979195998133825
18.927574395925518
18.876099106801917
18.82476969601875
18.77358573019403
18.72254677730396
18.671652406678064
18.620902188995032
18.570295696277945
18.519832501889965
18.46951218052982
18.419334308227413
18.369298462339405
18.319404221544737
18.269651165840305
18.220038876536634
18.170566936253365
18.121234928915143
18.072042439746994
18.02298905527028
17.974074363298328
17.92529795293202
17.876659414555704
17.828158339832843
17.77979432170178
17.73156695437163
17.683475833317864
17.635520555278337
17.587700718249003
17.540015921479647
17.492465765469987
17.445049851965408
17.397767783952773
17.350619165656436
17.303603602534125
17.256720701272798
17.20997006978475
17.163351317203272
17.11686405387898
17.070507891375566
17.02428244246583
16.978187321127674
16.93222214254027
16.886386523079892
16.840680080316115
16.79510243300786
16.74965320109936
16.70433200571647
16.65913846916258
16.6140722149148
16.569132867620127
16.524320053091536
16.479633398304223
16.43507253139169
16.390637081641998
16.34632667949395
16.302140956533314
16.258079545488986
16.214142080229387
16.170328195758515
16.126637528212434
16.083069714855295
16.03962439407592
15.996301205383888
15.953099789405929
15.91001978788232
15.867060843663106
15.824222600704548
15.78150470406553
15.738906799903777
15.696428535472467
15.654069559116405
15.61182952026875
15.569708069447106
15.527704858250237
15.485819539354374
15.444051766509764
15.402401194537113
15.360867479324117
15.319450277821936
15.27814924804172
15.236964049051172
15.195894340971027
15.15493978497171
15.11410004326986
15.073374779124801
15.032763656835296
14.992266341736126
14.95188250019459
14.911611799607225
14.871453908396482
14.831408496007285
14.791475232903707
14.751653790565737
14.711943841485898
14.672345059165856
14.632857118113336
14.593479693838656
14.554212462851606
14.515055102657971
14.47600729175659
14.437068709635845
14.398239036770654
14.359517954619074
14.320905145619209
14.282400293186054
14.244003081708176
14.205713196544657
14.167530324021921
14.129454151430629
14.091484367022403
14.053620660006775
14.015862720548238
13.978210239762792
13.940662909715247
13.903220423415803
13.865882474817216
13.828648758811628
13.791518971227497
13.754492808826665
13.717569969301216
13.680750151270479
13.644033054278152
13.607418378789077
13.5709058261865
13.534495098768872
13.498185899747023
13.461977933241123
13.425870904277863
13.38986451878738
13.35395848360033
13.318152506445124
13.28244629594491
13.246839561614662
13.211332013858296
13.175923363965914
13.140613324110799
13.105401607346554
13.070287927604415
13.035271999690227
13.000353539281761
12.965532262925763
12.930807888035343
12.896180132886949
12.861648716617651
12.82721335922254
12.792873781551673
12.758629705307591
12.724480853042259
12.690426948154668
12.65646771488786
12.62260287832629
12.588832164393105
12.555155299847453
12.52157201228174
12.488082030119042
12.454685082610313
12.42138089983184
12.388169212682449
12.35504975288099
12.322022252963581
12.289086446281093
12.256242066996494
12.223488850082024
12.190826531317043
12.158254847284983
12.125773535371044
12.093382333759493
12.061080981431157
12.028869218160802
11.996746784514652
11.964713421847787
11.932768872301654
11.90091287880151
11.869145185053927
11.837465535544306
11.805873675534245
11.774369351059299
11.742952308926284
11.711622296710859
11.680379062755083
11.649222356164945
11.618151926807982
11.587167525310699
11.55626890305632
11.525455812182095
11.494728005577176
11.464085236880106
11.43352726047634
11.403053831495905
11.37266470581107
11.342359640033933
11.312138391514
11.282000718335933
11.25194637931713
11.221975134005357
11.192086742676523
11.162280966332219
11.132557566697539
11.10291630621862
11.073356948060432
11.043879256104558
11.014482994946665
10.985167929894452
10.95593382696534
10.926780452884078
10.897707575080677
10.868714961687981
10.83980238153953
10.810969604167282
10.782216399799509
10.753542539358321
10.724947794457734
10.696431937401279
10.66799474117992
10.639635979469745
10.611355426629911
10.583152857700377
10.55502804839983
10.52698077512343
10.499010814940668
10.471117945593337
10.443301945493205
10.415562593720098
10.387899670019541
10.360312954800877
10.332802229135016
10.305367274752335
10.278007874040647
10.250723810043073
10.223514866455977
10.196380827626866
10.16932147855237
10.14233660487608
10.115425992886681
10.088589429515729
10.061826702335654
10.035137599557828
10.008521910030389
9.981979423236353
9.955509929291484
9.929113218942403
9.902789083564532
9.876537315160075
9.85035770635611
9.824250050402517
9.798214141170106
9.772249773148538
9.746356741444536
9.720534841779703
9.69478387048881
9.669103624517646
9.643493901421277
9.617954499361987
9.592485217107434
9.567085854028669
9.541756210098276
9.516496085888466
9.491305282569238
9.46618360190631
9.441130846259464
9.416146818580515
9.391231322411553
9.366384161882966
9.341605141711653
9.316894067199163
9.2922507442299
9.267674979269167
9.243166579361434
9.218725352128459
9.194351105767542
9.170043649049628
9.145802791317529
9.121628342484126
9.09752011303059
9.073477914004588
9.04950155701847
9.025590854247525
9.00174561842815
8.977965662856196
8.954250801385133
8.930600848424257
8.907015618937049
8.883494928439331
8.860038592997611
8.836646429227313
8.813318254291023
8.790053885896826
8.766853142296561
8.743715842284141
8.720641805193772
8.697630850898445
8.674682799808004
8.651797472867571
8.628974691555923
8.606214277883774
8.583516054392017
8.560879844150238
8.5383054707549
8.515792758327743
8.493341531514236
8.47095161548175
8.44862283591807
8.426355019029705
8.404147991540277
8.382001580688927
8.359915614228612
8.337889920424615
8.315924328052883
8.294018666398365
8.272172765253607
8.250386454916894
8.228659566190949
8.206991930381161
8.185383379294077
8.16383374523587
8.142342861010718
8.12091055991927
8.099536675757117
8.078221042813212
8.056963495868331
8.03576387019363
8.01462200154895
7.993537726181396
7.972510880823833
7.951541302693311
7.930628829489571
7.909773299393587
7.888974551065989
7.868232423645599
7.847546756748009
7.826917390463983
7.806344165357965
7.785826922466807
7.765365503298058
7.744959749828631
7.7246095045032845
7.704314610233194
7.684074910394493
7.663890248826845
7.643760469831957
7.623685418172183
7.603664939069063
7.583698878201916
7.563787081706416
7.543929396173168
7.524125668646245
7.504375746621912
7.4846794780470525
7.4650367113178815
7.445447295278532
7.425911079219629
7.406427912876962
7.386997646430006
7.367620130500646
7.34829521615176
7.329022754885857
7.3098025986436586
7.290634599802869
7.271518611176691
7.252454486012538
7.2334420779906665
7.214481241222865
7.195571830251068
7.176713700046076
7.157906706006196
7.139150703955897
7.120445550144566
7.101791101245091
7.083187214352625
7.064633746983253
7.046130557072699
7.027677502974992
7.0092744434612655
6.990921237718311
6.972617745347456
6.954363826363186
6.936159341191885
6.918004150670564
6.899898116045601
6.881841098971489
6.863832961509539
6.845873566126641
6.827962775694008
6.810100453485985
6.792286463178639
6.77452066884876
6.756802934972421
6.739133126423827
6.721511108474082
6.703936746789981
6.686409907432745
6.66893045685689
6.651498261908876
6.634113189826008
6.616775108235249
6.599483885151892
6.5822393889785165
6.565041488503686
6.547890052900794
6.530784951726892
6.513726054921506
6.496713232805426
6.479746356079593
6.4628252958238575
6.445949923495865
6.429120110929887
6.412335730335646
6.39559665429715
6.378902755771595
6.3622539080881655
6.345649984946921
6.329090860417635
6.312576408938654
6.296106505315812
6.2796810247212544
6.263299842692306
6.246962835130405
6.230669878299944
6.214420848827164
6.198215623699042
6.182054080262166
6.165936096221683
6.149861549640152
6.133830318936473
6.117842282884789
6.101897320613357
6.085995311603552
6.070136135688685
6.054319673053012
6.038545804230594
6.0228144101042265
6.007125371904449
5.991478571208385
5.975873889938731
5.960311210362702
5.944790415090935
5.929311387076499
5.91387400961381
5.898478166337545
5.883123741221732
5.867810618578535
5.852538683057406
5.837307819643874
5.8221179136586745
5.806968850756622
5.791860516925627
5.776792798485686
5.761765582087815
5.746778754713145
5.731832203671795
5.7169258166019405
5.70205948146878
5.687233086563565
5.672446520502568
5.657699672226153
5.642992430997705
5.628324686402675
5.613696328347637
5.599107247059303
5.5845573330834695
5.57004647728412
5.555574570842461
5.541141505255871
5.5267471723370605
5.512391464213022
5.498074273324065
5.483795492422917
5.4695550145737855
5.455352733151301
5.441188541839717
5.427062334631858
5.412974005828207
5.398923450036008
5.3849105621683
5.370935237442957
5.356997371381857
5.3430968598098705
5.3292335988539445
5.315407484942247
5.301618414803162
5.2878662854644745
5.274150994252382
5.260472438790637
5.2468305169996245
5.233225127095456
5.21965616758907
5.2061235372853645
5.1926271352822715
5.179166860969872
5.165742614029567
5.152354294433098
5.139001802441738
5.125685038605367
5.112403903761656
5.099158299035137
5.085948125836365
5.072773285861027
5.059633681089115
5.046529213784025
5.033459786491729
5.020425302039898
5.007425663537066
4.994460774371765
4.981530538211667
4.968634859002796
4.955773640968637
4.9429467886092695
4.9301542067006
4.917395800293486
4.904671474712902
4.89198113555714
4.879324688696964
4.866702040274762
4.854113096703787
4.841557764667263
4.829035951117651
4.816547563275755
4.804092508629958
4.791670694935441
4.779282030213282
4.766926422749769
4.754603781095504
4.742314014064672
4.730057030734195
4.717832740442979
4.705641052791109
4.693481877639062
4.681355125106893
4.669260705573521
4.657198529675867
4.645168508308149
4.633170552621069
4.621204574021016
4.609270484169348
4.5973681949816045
4.585497618626727
4.573658667526312
4.561851254353837
4.550075292033933
4.53833069374155
4.526617372901338
4.5149352431867635
4.503284218519415
4.491664213068265
4.480075141248916
4.468516917722957
4.456989457396872
4.445492675421807
4.43402648719247
4.422590808346565
4.411185554763979
4.39981064256611
4.3884659881151045
4.37715150801313
4.3658671191017255
4.354612738460981
4.343388283408908
4.332193671500654
4.321028820527854
4.309893648517869
4.298788073733119
4.287712014670358
4.2766653900599705
4.265648118865282
4.254660120281821
4.243701313736704
4.232771618887853
4.22187095562339
4.210999244060819
4.2001564045465285
4.189342357654887
4.178557024187766
4.1678003251736815
4.157072181867265
4.146372515748489
4.135701248522013
4.125058302116539
4.114443598684126
4.103857060599491
4.0932986104593905
4.082768171081947
4.072265665505954
4.061791016990254
4.051344149013056
4.040924985271301
4.030533449679968
4.0201694663714935
4.009832959695034
3.999523854215905
3.9892420747148702
3.978987546187526
3.9687601938436563
3.9585599431065916
3.948386719612593
3.9382404492101433
3.9281210579594337
3.9180284721316188
3.9079626182082503
3.897923422880642
3.8879108130492144
3.8779247158229033
3.8679650585185277
3.8580317686601555
3.8481247739785323
3.8382440024103985
3.82838938209792
3.8185608413880825
3.8087583088320383
3.7989817131845367
3.789230983403307
3.7795060486484653
3.769806838281867
3.7601332818665734
3.7504853091661934
3.7408628501443246
3.7312658349639474
3.7216941939868224
3.712147857772905
3.702626757079763
3.6931308228619852
3.6836599862705883
3.67421417865247
3.664793331549732
3.655397376699214
3.646026246031849
3.636679871672106
3.6273581859374207
3.618061121337588
3.6087886105742433
3.599540586540226
3.590316982319112
3.581117731184542
3.5719427665997143
3.5627920222168097
3.553665431876434
3.5445629296070646
3.5354844496244864
3.5264299263311907
3.517399294315923
3.508392488353067
3.4994094434020733
3.49045009460696
3.481514377295729
3.4726022269798698
3.4637135793537395
3.4548483702940938
3.4460065358595053
3.437188012289849
3.428392736005737
3.419620643608016
3.4108716718772225
3.402145757773021
3.393442838433723
3.3847628511757204
3.3761057334930022
3.36747142305655
3.358859857713911
3.3502709754886126
3.3417047145796603
3.3331610133610052
3.3246398103810693
3.316141044362186
3.3076646542000985
3.29921057896344
3.290778757893246
3.2823691304024383
3.273981636075299
3.2656162146669767
3.257272806102996
3.2489513504787224
3.2406517880588828
3.232374059277073
3.2241181047352585
3.2158838652032156
3.2076712816181616
3.1994802950841272
3.191310846871561
3.1831628784167885
3.1750363313215537
3.166931147352495
3.158847268440696
3.1507846366811725
3.142743194332409
3.134722883815872
3.126723647715526
3.118745428777368
3.110788169908921
3.1028518141787718
3.094936304816147
3.0870415852103346
3.0791675989103213
3.071314289624249
3.063481601218976
3.0556694777196247
3.0478778633090773
3.0401067023275377
3.0323559392720685
3.0246255187961317
3.016915385709087
3.0092254849758224
3.001555761716215
2.9939061612046984
2.9862766288698257
2.978667110293796
2.971077551212039
2.963507897512697
2.95595809523626
2.9484280905750473
2.9409178298728067
2.9334272596242537
2.925956326474629
2.9185049772192393
2.9110731588030694
2.903660818320276
2.8962679030138108
2.8888943602749286
2.8815401376428085
2.8742051828040744
2.866889443592382
2.8595928679879847
2.8523154041173227
2.845057000252553
2.837817604811164
2.830597166355531
2.823395633592492
2.8162129553729205
2.809049080691308
2.801903958685363
2.794777538635559
2.7876697699647415
2.7805806022376878
2.7735099851607172
2.766457868581258
2.759424202487451
2.7524089370077256
2.745412022410382
2.7384334091032088
2.731473047633052
2.7245308886854174
2.7176068830840534
2.7107009817905814
2.7038131359040447
2.6969432966605575
2.6900914154328395
2.683257443729903
2.676441333196569
2.6696430356131393
2.662862502894944
2.6560996870919906
2.6493545403885532
2.6426270151027844
2.6359170636863096
2.629224638723864
2.622549692932884
2.6158921791631418
2.6092520503963117
2.60262925974566
2.596023760455591
2.5894355059012932
2.5828644495883806
2.576310545152466
2.5697737463588237
2.5632540071019934
2.5567512814053845
2.5502655234209475
2.543796687428764
2.537344727836672
2.530909599179924
2.524491256120788
2.5180896534481754
2.5117047460773114
2.5053364890493
2.498984837530842
2.492649746813795
2.486331172314844
2.4800290695751515
2.4737433942599547
2.467474102158234
2.461221149182366
2.454984491367722
2.448764084872336
2.442559885976574
2.4363718510827175
2.4301999367146676
2.424044099517551
2.4179042962573956
2.4117804838207695
2.4056726192144007
2.3995806595649065
2.3935045621183564
2.387444284239985
2.3813997834138143
2.3753710172423306
2.369357943446122
2.363360519863552
2.3573787044504178
2.351412455279584
2.345461730540672
2.3395264885397173
2.333606687698813
2.327702286555801
2.3218132437639243
2.315939518091453
2.310081068421435
2.3042378537513004
2.2984098331925322
2.2925969659703718
2.2867992114234577
2.2810165290035096
2.275248878275004
2.269496218914827
2.2637585107119813
2.258035713567244
2.2523277874928276
2.246634692612097
2.2409563891592117
2.2352928374788252
2.229643998025753
2.224009831364666
2.218390298169769
2.2127853592244735
2.2071949754210913
2.20161910776054
2.1960577173519757
2.1905107654125406
2.1849782132669997
2.1794600223474827
2.173956154193121
2.1684665704497634
2.1629912328696883
2.1575301033112484
2.152083143738612
2.146650316221419
2.1412315829345125
2.1358269061576083
2.1304362482749912
2.125059571775251
2.1196968392509197
2.114348013398235
2.1090130570167958
2.1036919330092876
2.0983846043811765
2.0930910342404045
2.08781118579712
2.0825450223633633
2.0772925073527695
2.0720536042802955
2.066828276761912
2.0616164885143102
2.0564182033546246
2.0512333852001374
2.0460619980679864
2.0409040060748906
2.035759373436842
2.030628064468835
2.0255100435845907
2.0204052752962474
2.0153137242140975
2.010235355046296
2.0051701325985767
2.00011802177399
1.9950789875726032
1.9900529950912207
1.9850400095231184
1.9800399961577626
1.975052920380532
1.9700787476724422
1.965117443609866
1.960168973864279
1.9552333042019423
1.9503104004836929
1.9454002286646195
1.9405027547938207
1.935617945014111
1.9307457655617934
1.9258861827663223
1.9210391630501307
1.9162046729282558
1.91138267900818
1.9065731479894734
1.9017760466635845
1.8969913419135764
1.8922190007138198
1.8874589901297956
1.882711277317767
1.8779758295245763
1.873252614087351
1.8685415984332487
1.8638427500792134
1.8591560366317128
1.854481425786465
1.849818885328209
1.8451683831304337
1.840529887155138
1.835903365452543
1.8312887861608826
1.8266861175061337
1.8220953278017447
1.8175163854484189
1.8129492589338498
1.8083939168324754
1.8038503278052227
1.799318460599247
1.7947982840477346
1.7902897670696065
1.7857928786692945
1.7813075879364915
1.7768338640459265
1.772371676257078
1.7679209939139793
1.7634817864449497
1.7590540233623662
1.7546376742624141
1.7502327088248428
1.7458390968127515
1.7414568080723303
1.7370858125326147
1.7327260802052802
1.7283775811843824
1.7240402856461203
1.7197141638486286
1.7153991861316977
1.7110953229165913
1.7068025447057797
1.7025208220827242
1.6982501257116254
1.6939904263372312
1.6897416947845718
1.685503901958742
1.6812770188446815
1.6770610165069288
1.6728558660894142
1.6686615388152295
1.664478005986377
1.660305238983594
1.6561432092660766
1.6519918883712978
1.6478512479147407
1.6437212595897326
1.6396018951671738
1.6354931264953387
1.631394925499659
1.6273072641824848
1.623230114622893
1.6191634489764484
1.6151072394749812
1.6110614584264082
1.6070260782144592
1.6030010712985068
1.5989864102133386
1.5949820675689244
1.5909880160502428
1.587004228417022
1.5830306775035465
1.579067336218472
1.5751141775445583
1.5711711745385148
1.5672383003307515
1.563315528125187
1.5594028311990331
1.5555001829026005
1.5516075566590621
1.54772492596428
1.5438522643865809
1.53998954556655
1.5361367432168225
1.5322938311218994
1.528460783137921
1.524637573192469
1.5208241752843814
1.5170205634835228
1.5132267119305958
1.5094425948369536
1.5056681864843773
1.5019034612248785
1.4981483934805242
1.494402957743208
1.4906671285744764
1.4869408806053113
1.483224188535941
1.4795170271356524
1.4758193712425918
1.4721311957635566
1.4684524756738124
1.4647831860169074
1.4611233019044563
1.4574727985159686
1.453831651098649
1.4501998349671918
1.4465773255036258
1.4429640981570782
1.4393601284436286
1.4357653919460742
1.4321798643137917
1.4286035212625086
1.4250363385741345
1.4214782920965563
1.4179293577434806
1.4143895114942255
1.410858729393543
1.4073369875514277
1.403824262142944
1.4003205294080256
1.3968257656513101
1.3933399472419485
1.389863050613417
1.386395052263342
1.3829359287533225
1.3794856567087372
1.3760442128185737
1.3726115738352531
1.3691877165744382
1.3657726179148684
1.3623662547981632
1.358968604228667
1.3555796432732694
1.3521993490611952
1.3488276987838772
1.3454646696947594
1.3421102391090933
1.338764384403821
1.3354270830173613
1.3320983124494439
1.328778050260939
1.3254662740736873
1.3221629615703256
1.3188680904941137
1.31558163864877
1.3123035838982928
1.3090339041667969
1.3057725774383446
1.302519581756768
1.2992748952255129
1.2960384960074534
1.2928103623247549
1.2895904724586784
1.2863788047494227
1.2831753375959563
1.2799800494558735
1.2767929188451923
1.273613924338222
1.2704430445673773
1.2672802582230394
1.2641255440533596
1.2609788808641296
1.2578402475185941
1.2547096229373151
1.2515869860979785
1.2484723160352629
1.2453655918406672
1.2422667926623392
1.239175897704949
1.236092886229491
1.2330177375531575
1.2299504310491591
1.2268909461465802
1.2238392623302212
1.2207953591404157
1.2177592161729502
1.2147308130788042
1.2117101295640749
1.208697145389779
1.2056918403717225
1.2026941943803395
1.1997041873405423
1.196721799231555
1.1937470100867678
1.190779799993607
1.187820149093348
1.1848680375809901
1.1819234457050842
1.1789863537676122
1.1760567421238062
1.1731345911820237
1.1702198814035776
1.1673125933026065
1.1644127074459165
1.161520204452838
1.158635064995078
1.1557572697965615
1.1528867996333048
1.1500236353332585
1.147167757776164
1.144319147893415
1.1414777866678911
1.1386436551338481
1.1358167343767416
1.1329970055331025
1.1301844497903866
1.1273790483868422
1.124580782611345
1.1217896338032949
1.119005583352433
1.1162286126987284
1.1134587033322187
1.1106958367928985
1.1079399946705453
1.1051911586046068
1.102449310284038
1.0997144314472016
1.0969865038816784
1.0942655094241756
1.0915514299603624
1.0888442474247446
1.0861439438005167
1.0834505011194495
1.080763901461725
1.0780841269558241
1.0754111597783802
1.072744982154052
1.0700855763553743
1.0674329247026502
1.0647870095637906
1.062147813354203
1.0595153185366435
1.0568895076210927
1.0542703631646226
1.0516578677712718
1.0490520040918938
1.0464527548240523
1.0438601027118766
1.04127403054593
1.0386945211630878
1.0361215574464082
1.0335551223249966
1.0309951987738846
1.0284417698138908
1.0258948185115115
1.0233543279787807
1.020820281373139
1.018292661897325
1.0157714527992283
1.0132566373717795
1.0107481989528175
1.008246120924969
1.0057503867155084
1.0032609797962657
1.0007778836834662
0.9983010819376332
0.9958305581634491
0.9933662960096477
0.9909082791688681
0.9884564913775631
0.9860109164158517
0.9835715381074099
0.9811383403193503
0.9787113069620905
0.976290421989251
0.9738756693975104
0.9714670332265156
0.9690644975587402
0.966668046519368
0.9642776642761848
0.9618933350394512
0.9595150430617846
0.9571427726380491
0.954776508105232
0.9524162338423222
0.95006193427021
0.9477135938515563
0.9453711970906729
0.9430347285334273
0.940704172767101
0.9383795144203037
0.9360607381628336
0.9337478287055738
0.9314407708003851
0.9291395492399666
0.9268441488577814
0.9245545545279121
0.9222707511649595
0.9199927237239323
0.9177204572001312
0.9154539366290364
0.9131931470862008
0.9109380736871364
0.9086887015872036
0.9064450159814978
0.9042070021047499
0.9019746452311981
0.8997479306745
0.8975268437876078
0.8953113699626667
0.8931014946308969
0.8908972032625069
0.8886984813665582
0.8865053144908768
0.8843176882219443
0.882135588184777
0.8799590000428403
0.8777879094979176
0.875622302290032
0.8734621641973168
0.8713074810359248
0.8691582386599157
0.8670144229611549
0.8648760198692089
0.8627430153512359
0.8606153954118869
0.8584931460932077
0.8563762534745207
0.854264703672333
0.8521584828402359
0.8500575771687874
0.847961972885428
0.8458716562543684
0.843786613576492
0.8417068311892455
0.8396322954665599
0.8375629928187162
0.8354989096922774
0.8334400325699596
0.8313863479705642
0.8293378424488528
0.8272945025954479
0.8252563150367601
0.8232232664348569
0.8211953434873831
0.8191725329274632
0.8171548215235893
0.8151421960795431
0.8131346434342848
0.8111321504618563
0.8091347040712957
0.8071422912065256
0.8051548988462716
0.8031725140039516
0.8011951237275949
0.7992227150997381
0.797255275237329
0.795292791291641
0.7933352504481659
0.7913826399265314
0.7894349469803906
0.7874921588973562
0.7855542629988812
0.7836212466401726
0.781693097210105
0.7797698021311207
0.7778513488591451
0.7759377248834827
0.7740289177267368
0.7721249149447145
0.7702257041263294
0.7683312728935202
0.7664416089011529
0.7645566998369311
0.7626765334213077
0.7608010974073978
0.7589303795808802
0.7570643677599159
0.7552030497950519
0.7533464135691457
0.7514944469972521
0.7496471380265668
0.7478044746363035
0.7459664448376346
0.7441330366735911
0.7423042382189764
0.7404800375802706
0.7386604228955627
0.7368453823344414
0.7350349040979345
0.7332289764183944
0.7314275875594347
0.7296307258158317
0.7278383795134413
0.7260505370091199
0.7242671866906276
0.7224883169765601
0.7207139163162443
0.7189439731896707
0.7171784761073992
0.7154174136104814
0.7136607742703711
0.7119085466888483
0.7101607194979289
0.7084172813597884
0.7066782209666658
0.7049435270408071
0.7032131883343513
0.7014871936292784
0.6997655317372972
0.6980481914997964
0.6963351617877385
0.6946264315015892
0.6929219895712295
0.6912218249558921
0.6895259266440592
0.6878342836533954
0.6861468850306669
0.6844637198516574
0.6827847772210933
0.6811100462725604
0.6794395161684257
0.6777731760997658
0.676111015286276
0.6744530229762007
0.6727991884462534
0.6711495010015398
0.669503949975475
0.6678625247297129
0.6662252146540651
0.6645920091664245
0.6629628977126898
0.6613378697666861
0.6597169148300934
0.6581000224323632
0.6564871821306522
0.6548783835097347
0.6532736161819424
0.6516728697870724
0.6500761339923246
0.648483398492222
0.6468946530085345
0.645309887290209
0.6437290911132916
0.6421522542808552
0.6405793666229266
0.6390104179964077
0.6374453982850106
0.6358842973991783
0.6343271052760115
0.6327738118792009
0.631224407198949
0.6296788812519039
0.6281372240810763
0.6265994257557828
0.6250654763715631
0.6235353660501095
0.6220090849392006
0.6204866232126268
0.6189679710701175
0.6174531187372772
0.6159420564655059
0.6144347745319363
0.6129312632393602
0.6114315129161576
0.6099355139162321
0.608443256618934
0.606954731428997
0.6054699287764667
0.6039888391166317
0.6025114529299551
0.6010377607220065
0.5995677530233909
0.5981014203896841
0.5966387534013654
0.595179742663742
0.593724378806894
0.5922726524855957
0.5908245543792541
0.5893800751918411
0.5879392056518247
0.5865019365121072
0.5850682585499509
0.5836381625669195
0.582211639388809
0.5807886798655781
0.5793692748712909
0.5779534153040446
0.5765410920859051
0.5751322961628441
0.5737270185046719
0.5723252501049751
0.5709269819810497
0.5695322051738381
0.568140910747863
0.5667530897911661
0.5653687334152402
0.5639878327549734
0.562610378968574
0.5612363632375171
0.5598657767664759
0.5584986107832632
0.5571348565387633
0.5557745053068729
0.5544175483844381
0.5530639770911918
0.551713782769691
0.5503669567852549
0.5490234905259055
0.5476833754023034
0.5463466028476869
0.5450131643178109
0.5436830512908857
0.542356255267519
0.5410327677706501
0.5397125803454903
0.5383956845594694
0.5370820720021652
0.5357717342852487
0.534464663042428
0.5331608499293821
0.531860286623701
0.5305629648248342
0.5292688762540216
0.5279780126542442
0.5266903657901563
0.5254059274480329
0.5241246894357074
0.5228466435825174
0.5215717817392416
0.5203000957780453
0.5190315775924192
0.5177662190971276
0.5165040122281451
0.5152449489425996
0.5139890212187191
0.5127362210557713
0.5114865404740055
0.5102399715146018
0.5089965062396058
0.5077561367318812
0.5065188550950457
0.5052846534534208
0.5040535239519727
0.5028254587562564
0.5016004500523605
0.5003784900468553
0.49915957096672836
0.49794368505933984
0.4967308245923622
0.4955209818537225
0.4943141491515546
0.49311031881414014
0.4919094831898546
0.49071163464711093
0.4895167655743127
0.4883248683797913
0.4871359354917577
0.4859499593582466
0.4847669324470659
0.48358684724573586
0.48240969626144614
0.48123547202099426
0.48006416707073785
0.47889577397653826
0.4777302853237113
0.4765676937169715
0.47540799178038406
0.47425117215730417
0.47309722751033895
0.47194615052128064
0.4707979338910655
0.46965257033971497
0.4685100526062907
0.4673703734488381
0.46623352564433673
0.46509950198865213
0.46396829529647976
0.4628398984012976
0.46171430415531484
0.4605915054294235
0.4594714951131432
0.45835426611457364
0.45723981136034725
0.4561281237955753
0.4550191963837983
0.4539130221069392
0.45280959396525333
0.4517089049772757
0.45061094817977476
0.44951571662770434
0.44842320339415
0.44733340157028595
0.4462463042653223
0.44516190460645905
0.44408019573883406
0.44300117082548096
0.4419248230472755
0.44085114560288674
0.4397801317087366
0.4387117745989447
0.4376460675252837
0.43658300375713055
0.43552257658142235
0.4344647793026061
0.4334096052425914
0.4323570477407054
0.43130710015364637
0.430259755855433
0.42921500823736325
0.42817285070796407
0.4271332766929461
0.4260962796351595
0.42506185299454513
0.4240299902480891
0.42300068488977827
0.4219739304305534
0.4209497203982653
0.4199280483376278
0.41890890781017254
0.4178922923942038
0.4168781956847557
0.41586661129354363
0.4148575328489223
0.4138509539958409
0.41284686839579693
0.4118452697267906
0.410846151683288
0.40984950797616637
0.40885533233267757
0.4078636184964018
0.4068743602272052
0.40588755130119114
0.4049031855106652
0.40392125666408313
0.40294175858601305
0.4019646851170902
0.40099003011397494
0.4000177874493079
0.3990479510116699
0.3980805147055369
0.39711547245123824
0.396152818184914
0.3951925458584723
0.39423464943955133
0.3932791229114665
0.392325960273182
0.3913751555392584
0.390426702739817
0.3894805959204943
0.3885368291424041
0.3875953964820915
0.386656292031496
0.3857195098979085
0.3847850442039298
0.38385288908742965
0.3829230387015081
0.3819954872144492
0.3810702288096875
0.3801472576857635
0.37922656805628296
0.3783081541498785
0.37739201021016777
0.37647813049571455
0.3755665092799875
0.3746571408513218
0.3737500195128788
0.3728451395826062
0.3719424953931981
0.37104208129205696
0.37014389164125294
0.36924792081748437
0.36835416321204234
0.3674626132307642
0.366573265294005
0.3656861138365892
0.3648011533077764
0.36391837817122286
0.3630377829049448
0.3621593620012724
0.36128310996682206
0.3604090213224508
0.3595370906032209
0.35866731235836163
0.3577996811512313
0.3569341915592805
0.35607083817401197
0.3552096156009491
0.35435051845958787
0.353493541383371
0.3526386790196447
0.3517859260296213
0.35093527708834427
0.35008672688465103
0.3492402701211355
0.3483959015141114
0.34755361579357824
0.3467134077031768
0.34587527200016427
0.34503920345537104
0.34420519685316353
0.34337324699141253
0.3425433486814545
0.3417154967480548
0.3408896860293744
0.34006591137693387
0.33924416765557475
0.3384244497434291
0.33760675253187844
0.3367910709255234
0.33597739984214636
0.33516573421267426
0.3343560689811478
0.3335483991046859
0.3327427195534457
0.33193902531059416
0.33113731137227154
0.33033757274755315
0.32953980445842235
0.3287440015397277
0.3279501590391546
0.3271582720171915
0.32636833554709077
0.32558034471483976
0.3247942946191229
0.32401018037129303
0.323227997095332
0.3224477399278204
0.3216694040179045
0.320892984527261
0.3201184766300639
0.31934587551295357
0.31857517637499966
0.31780637442767173
0.317039464894805
0.3162744430125679
0.3155113040294261
0.3147500432061163
0.31399065581560653
0.31323313714306916
0.3124774824858465
0.3117236871534151
0.3109717464673611
0.31022165576133987
0.3094734103810518
0.3087270056842023
0.30798243704047656
0.3072396998315039
0.306498789450828
0.3057597013038747
0.3050224308079197
0.3042869733920568
0.30355332449717143
0.30282147957590144
0.3020914340926109
0.3013631835233591
0.3006367233558674
0.299912049089491
0.2991891562351845
0.29846804031547336
0.29774869686442496
0.297031121427613
0.2963153095620922
0.29560125683636507
0.2948889588303515
0.294178411135361
0.2934696093540586
0.2927625491004374
0.29205722599978967
0.2913536356886721
0.29065177381488216
0.2899516360374238
0.2892532180264787
0.2885565154633787
0.2878615240405732
0.2871682394616031
0.286476657441068
0.2857867737045986
0.2850985839888286
0.284412084041364
0.28372726962075345
0.28304413649646176
0.28236268044883883
0.2816828972690911
0.2810047827592543
0.2803283327321634
0.2796535430114242
0.2789804094313857
0.27830892783710975
0.2776390940843452
0.276970904039499
0.2763043535796046
0.2756394385923006
0.2749761549757962
0.2743144986388468
0.2736544655007255
0.27299605149119355
0.27233925255047586
0.27168406462923034
0.27103048368852223
0.2703785056997956
0.26972812664484713
0.26907934251579646
0.2684321493150603
0.2677865430553271
0.2671425197595267
0.2665000754608048
0.26585920620249565
0.2652199080380968
0.26458217703123843
0.2639460092556602
0.26331140079518467
0.2626783477436876
0.26204684620507307
0.2614168922932474
0.26078848213209344
0.2601616118554433
0.25953627760705
0.2589124755405643
0.2582902018195095
0.2576694526172516
0.25705022411697487
0.2564325125116578
0.25581631400404503
0.2552016248066239
0.2545884411415942
0.25397675924084706
0.25336657534593965
0.2527578857080659
0.2521506865880339
0.2515449742562397
0.25094074499264307
0.25033799508673854
0.2497367208375383
0.24913691855353673
0.24853858455269356
0.24794171516240499
0.24734630671948088
0.2467523555701175
0.24615985806987548
0.24556881058365282
0.24497920948566315
0.24439105115940732
0.2438043319976526
0.2432190484024053
0.24263519678489057
0.24205277356552207
0.2414717751738837
0.24089219804870154
0.24031403863782264
0.2397372933981878
0.23916195879581043
0.23858803130575168
0.23801550741209648
0.23744438360792985
0.2368746563953131
0.23630632228526197
0.23573937779771797
0.2351738194615329
0.23460964381443772
0.23404684740302434
0.23348542678271883
0.23292537851776213
0.23236669918118216
0.23180938535477527
0.2312534336290783
0.230698840603352
0.2301456028855515
0.2295937170923074
0.22904317984890282
0.22849398778924845
0.22794613755586307
0.22739962579984724
0.22685444918086378
0.22631060436711428
0.22576808803531606
0.2252268968706801
0.22468702756689019
0.22414847682607913
0.2236112413588051
0.22307531788403387
0.22254070312911264
0.22200739382974977
0.22147538672999328
0.22094467858220768
0.22041526614705315
0.219887146193463
0.21936031549862292
0.2188347708479485
0.21831050903506466
0.21778752686178204
0.21726582113807832
0.21674538868207366
0.2162262263200135
0.21570833088624228
0.21519169922318598
0.21467632818133006
0.21416221461919738
0.2136493554033277
0.2131377474082563
0.21262738751649435
0.21211827261850702
0.21161039961269196
0.21110376540535922
0.21059836691071065
0.21009420105082063
0.20959126475561113
0.20908955496283615
0.20858906861805798
0.2080898026746285
0.20759175409366695
0.20709491984404182
0.2065992969023488
0.20610488225289114
0.20561167288766047
0.2051196658063142
0.20462885801615843
0.2041392465321245
0.2036508283767538
0.20316360058017258
0.2026775601800754
0.20219270422170538
0.2017090297578326
0.20122653384873532
0.20074521356218064
0.2002650659734051
0.1997860881650941
0.19930827722736366
0.19883163025773948
0.19835614436113957
0.1978818166498529
0.1974086442435204
0.1969366242691194
0.19646575386093745
0.19599603016055964
0.19552745031684693
0.19506001148591612
0.19459371083112342
0.19412854552304282
0.19366451273944982
0.19320160966530103
0.19273983349271412
0.19227918142095346
0.1918196506564073
0.19136123841256952
0.19090394191002497
0.1904477583764253
0.1899926850464747
0.18953871916191023
0.18908585797148258
0.18863409873093948
0.18818343870300544
0.18773387515736506
0.18728540537064525
0.1868380266263949
0.18639173621506938
0.18594653143401008
0.18550240958742814
0.18505936798638614
0.18461740394878037
0.18417651479932237
0.18373669786952213
0.18329795049766906
0.18286027002881558
0.1824236538147585
0.18198809921402215
0.18155360359184083
0.18112016432014014
0.1806877787775215
0.18025644434924332
0.17982615842720379
0.17939691840992378
0.1789687217025296
0.17854156571673638
0.17811544787082967
0.17769036558964948
0.17726631630457243
0.17684329745349386
0.1764213064808146
0.17600034083741894
0.17558039798066077
0.17516147537434734
0.17474357048872008
0.17432668080043928
0.17391080379256713
0.17349593695455112
0.1730820777822073
0.17266922377770416
0.17225737244954523
0.1718465213125532
0.17143666788785292
0.17102780970285594
0.17061994429124372
0.17021306919295093
0.16980718195414884
0.1694022801272314
0.16899836127079515
0.1685954229496273
0.16819346273468622
0.16779247820308835
0.16739246693808835
0.1669934265290676
0.16659535457151464
0.16619824866701258
0.16580210642321863
0.16540692545385352
0.1650127033786825
0.16461943782350016
0.16422712642011564
0.16383576680633521
0.1634453566259501
0.1630558935287164
0.16266737517034302
0.16227979921247526
0.16189316332267897
0.16150746517442505
0.1611227024470744
0.16073887282586447
0.16035597400189056
0.15997400367209158
0.1595929595392383
0.15921283931191266
0.15883364070449685
0.15845536143715733
0.15807799923582833
0.15770155183219897
0.1573260169636964
0.15695139237347297
0.15657767581038884
0.1562048650289991
0.15583295778953904
0.15546195185790798
0.15509184500565623
0.15472263500996897
0.15435431965365198
0.15398689672511856
0.1536203640183727
0.15325471933299584
0.15288996047413234
0.15252608525247568
0.15216309148425228
0.15180097699120854
0.15143973960059626
0.15107937714515857
0.15071988746311515
0.15036126839814834
0.15000351779938897
0.14964663352140217
0.14929061342417435
0.14893545537309638
0.14858115723895254
0.14822771689790537
0.14787513223148122
0.14752340112655737
0.14717252147534746
0.14682249117538787
0.1464733081295244
0.14612497024589755
0.14577747543792932
0.14543082162430987
0.1450850067289837
0.1447400286811349
0.14439588541517656
0.14405257487073342
0.14371009499263074
0.14336844373088148
0.14302761904066985
0.14268761888234105
0.14234844122138665
0.14201008402843085
0.141672545279218
0.1413358229545989
0.1409999150405179
0.1406648195279993
0.14033053441313448
0.13999705769706872
0.1396643873859885
0.13933252149110756
0.13900145802865532
0.13867119501986208
0.1383417304909485
0.13801306247310957
0.13768518900250443
0.1373581081202429
0.1370318178723713
0.13670631630986196
0.13638160148859904
0.13605767146936498
0.13573452431783023
0.13541215810453913
0.1350905709048968
0.1347697607991585
0.13444972587241483
0.13413046421458075
0.13381197392038308
0.13349425308934748
0.13317729982578608
0.13286111223878536
0.13254568844219394
0.13223102655461003
0.13191712469936953
0.13160398100453324
0.13129159360287546
0.13097996063187056
0.1306690802336824
0.13035895055515112
0.1300495697477812
0.12974093596773026
0.1294330473757957
0.12912590213740424
0.12881949842259854
0.12851383440602662
0.12820890826692855
0.12790471818912624
0.12760126236100955
0.12729853897552731
0.1269965462301731
0.12669528232697427
0.12639474547248072
0.12609493387775272
0.12579584575835073
0.1254974793343197
0.12519983283018327
0.12490290447492798
0.12460669250199344
0.12431119514926042
0.12401641065903943
0.12372233727805976
0.12342897325745722
0.12313631685276386
0.12284436632389592
0.12255311993514267
0.12226257595515477
0.1219727326569342
0.12168358831782221
0.12139514121948754
0.12110738964791681
0.12082033189340206
0.12053396625053078
0.12024829101817358
0.11996330449947402
0.1196790050018384
0.11939539083692205
0.11911246032062159
0.118830211773062
0.11854864351858724
0.118267753885747
0.1179875412072887
0.11770800382014475
0.11742914006542254