1
3.1999831883849597e9
8.000000162474788e8
3.555555664099137e8
2.0000000815418535e8
1.2800000653409381e8
8.888889434293075e7
6.530612713156212e7
5.000000410399225e7
3.950617649348603e7
3.200000329397061e7
2.644628248042218e7
2.222222358797318e7
1.8934912504332233e7
1.6326531784811804e7
1.4222222766950376e7
1.2500000510892753e7
1.1072664840899615e7
9.876543664377056e6
8.864266358734293e6
8.000000409386822e6
7.256236217716815e6
6.611570620409587e6
6.049149694801702e6
5.555555725641313e6
5.120000163315933e6
4.733727967717755e6
4.389574911225827e6
4.0816327989690495e6
3.804994195602288e6
3.555555691792218e6
3.329864856114622e6
3.1250001277744044e6
2.938475789676322e6
2.7681662102731145e6
2.612245014853559e6
2.469135916139803e6
2.337472718364092e6
2.21606658972672e6
2.1038791319474094e6
2.000000102387699e6
1.9036288922964365e6
1.8140590544682462e6
1.730665271895784e6
1.6528926083599704e6
1.5802469589308249e6
1.5122873789628346e6
1.4486193281739317e6
1.3888889314181835e6
1.3327780508284862e6
1.280000040836526e6
1.23029608002455e6
1.1834319919366916e6
1.1391954817551433e6
1.0973937278134422e6
1.0578512768126344e6
1.0204081997489996e6
984918.4722892971
951248.5489070776
919276.1047340753
888888.9229543448
859983.9088127891
832466.2140347437
806248.457749343
781250.0319494996
757396.4811653435
734618.9474247998
712853.6727649139
692041.5525738304
672127.7339133595
653061.2537187833
634794.7124147972
617283.9790401945
600487.9244522733
584368.1795961249
568888.9161832923
554016.6474366481
539720.0468304198
525969.7829916931
512738.369137283
500000.02560164477
487730.52888173197
475907.1980953239
464508.6369564338
453514.7392280027
442906.57439345325
432666.3061104132
422777.1171875452
413223.1404948918
403989.3952774092
395061.7283941075
386426.7600521902
378071.8336474598
369984.96935969667
362154.82118514355
354570.6371182099
347222.2222213279
340099.9043460165
333194.5022898359
326497.2961933983
319999.99999914115
313694.73580936424
307574.00999531336
301630.69092196773
295857.9881648547
290249.43310575804
284798.8608037467
279500.3930466252
274348.4224957755
269337.59784451127
264462.8099165747
259719.1786373239
255102.04081555968
250606.93867885458
246229.6091097421
241965.97353422485
237812.12841780882
233764.33632770478
229819.01752297222
225972.7420372699
222222.22222150647
218564.3057161127
214995.96882488046
211514.31026435547
208116.54526465584
204799.9999993128
201562.1063233293
198400.39680011722
195312.49999932884
192296.1360488504
189349.1124253748
186469.31996904314
183654.7291086239
180903.38628461616
178213.41055850353
175582.9903971689
173010.38062220573
170493.89951453093
168031.92606533004
165622.8973649427
163265.3061218353
160957.69830430497
158698.67089802623
156486.8697729823
154320.98765372435
152199.76218727915
150121.9741033711
148086.44546195443
146092.03798334947
144137.65145656516
142222.22222164954
140344.7217221626
138504.15512408863
136699.55999772978
134930.00505931737
133194.58896926884
131492.4391841962
129822.71085993398
128184.58580301346
126577.27146815158
124999.99999946306
123452.02731322759
121932.63222016781
120441.11558530616
118976.79952356902
117539.02662941506
116127.15923884965
114740.57872227956
113378.68480674495
112040.89492613994
110726.6435981106
109435.38182638456
108166.57652735346
106919.70997979018
105694.27929663936
104489.79591787653
103305.7851234788
102141.78556560366
100997.34881911092
99872.03894961531
98765.43209828823
97677.11608267309
96606.69001281151
95553.76392201263
94517.95841163147
93498.90430925082
92496.24233969314
91509.62280831416
90538.70529605738
89583.1583657727
88642.65927932627
87716.89372505125
86805.55555510822
85908.34653234761
85024.9760862826
84155.16107779733
83298.62557223962
82455.1006205538
81624.32404813252
80806.040251077
79999.99999957034
79205.9602480812
78423.6839521283
77652.93989134794
76893.50249861766
76145.15169500026
75407.67273028324
74680.85602889715
73964.497041007
73258.39609857932
72562.35827623484
71876.19325670745
71199.71520073389
70532.7426212105
69875.09826145548
69226.60897742624
68587.10562374491
67956.42294339133
67334.39946093045
66720.87737914495
66115.70247894808
65518.724022460636
64929.79465913714
64348.77033483132
63775.510203697784
63209.87654282774
62651.73466952322
62100.9528611167
61557.40227724675
61020.95688450467
60491.49338336909
59968.891137350074
59453.03210426672
58943.80076958437
58441.084081742294
57944.77138940324
57454.75438056069
56970.92702344037
56493.18550913664
56021.42819592531
55555.55555519729
55095.47011895937
54641.07642885033
54192.280986623075
53748.992206043724
53311.120366162984
52878.577565913925
52451.27767999413
52029.13631599042
51612.0707727067
51199.999999656044
50792.8445576803
50390.52658066156
49992.96973829062
49600.09919985987
49211.84159904763
48828.124999664076
48448.87886232799
48074.03401204579
47703.52260666554
47337.27810617817
46975.235242840805
46617.3299920965
46263.49954426674
45913.68227699293
45567.81772840458
45225.84657099223
44887.71058616394
44553.35263946529
44222.71665644296
43895.74759913282
43572.39144315432
43252.5951553932
42936.306672255414
42623.47487847565
42314.04958646416
42007.98151617655
41705.22227549138
41405.72434108083
41109.44103976062
40816.326530305116
40526.335785714895
40239.42457592359
39955.549450931634
39674.667724354986
39396.73745737753
39121.71744309507
38849.56719124083
38580.24691328161
38313.71750787402
38049.94054667133
37788.87826047134
37530.49352569534
37274.74985119004
37021.61136534232
36771.04280350062
36523.00949569204
36277.477354629
36034.41286399696
35793.78306701599
35555.555555268984
35319.698457788785
35086.18043039819
34854.97064529567
34626.038780880626
34399.355011811625
34174.88999929184
33952.61488157544
33732.50126468964
33514.521213366315
33298.647242178406
33084.852306875
32873.109795911085
32663.393522166043
32455.677714846424
32249.93701156873
32046.1464506171
31844.281463371466
31644.317866902515
31446.231856728646
31249.99999973123
31055.599227224044
30863.006828173147
30672.20044256361
30483.158054909076
30295.857987901058
30110.278896194457
29926.399760325792
29744.199880760985
29563.65887206977
29384.7566572233
29207.47346201232
29031.789809582708
28857.68651508589
28685.144680440993
28514.1456892064
28344.67120155809
28176.70314937189
28010.223731407594
27845.215408592376
27681.660899400995
27519.54317533106
27358.84545647023
27199.551207154323
27041.64413171321
26885.1081703031
26729.927494823107
26576.086504913714
26423.56982403611
26272.36229562962
26122.448979346107
25973.815147359277
25826.446280747383
25680.328065947397
25535.44639127926
25391.78734353872
25249.33720465676
25108.082448424808
24968.009737283523
24829.105919174453
24691.35802445244
24554.75326285825
24419.279020549304
24284.922857187797
24151.67250308455
24019.515856397873
23888.440980385516
23758.43610070929
23629.48960279084
23501.59002921733
23374.72607719632
23248.886596058514
23124.060584807514
23000.237189715415
22877.405701963387
22755.55555532618
22634.676323899803
22514.757719871195
22395.789591329227
22277.76192011612
22160.664819718237
22044.488533195745
21929.223431150065
21814.86000972847
21701.388888664897
21588.8008093566
21477.086632975363
21366.23733861286
21256.244021459668
21147.097891016703
21038.79026933893
20931.31258931041
20824.656392950066
20718.813329747652
20613.775155029176
20509.533728351365
20406.081011924398
20303.40906906236
20201.510062661066
20100.376253702416
19999.999999784945
19900.37375368007
19801.4900619132
19703.34156336985
19605.920987925492
19509.221155099298
19413.23497273093
19317.955435680196
19223.375624548877
19129.488704424388
19036.28792364504
18943.76661258603
18851.91818246631
18760.736124175404
18670.214007120274
18580.34547809146
18491.124260148248
18402.544151522685
18314.59902454181
18227.282824567854
18140.5895689562
18054.51334603047
17969.048314074815
17884.18870034268
17799.92880008192
17716.262975576148
17633.185655201538
17550.691332499322
17468.774565263255
17387.429974642055
17306.652244256424
17226.436119330352
17146.776405836546
17067.667969655577
16989.105735748613
16911.084687343537
16833.599865133903
16756.646366490942
16680.21934468799
16604.31400813734
16528.92561963921
16454.049495642575
16379.681005517792
16305.815570840577
16232.448664687357
16159.575810941651
16087.192583611348
16015.294606156627
15943.877550828387
15872.937138017049
15802.4691356113
15732.469358366974
15662.933667285593
15593.85796900248
15525.238215184387
15457.070401936278
15389.350569217317
15322.074800265671
15255.23922103221
15188.839999622714
15122.873345748712
15057.33551018648
14992.222784244368
14927.531499238086
14863.258025973928
14799.398774239793
14735.950192303751
14672.908766420254
14610.271020343616
14548.033514848794
14486.192847259252
14424.745650981933
14363.688595049001
14303.01838366645
14242.73175576931
14182.82548458344
14123.296377193758
14064.141274118758
14005.357048891306
13946.94060764552
13888.888888709671
13831.198862205048
13773.867529650557
13716.891923573123
13660.269107123675
13603.996173698704
13548.070246567222
13492.48847850312
13437.248051422754
13382.346176027766
13327.780091452934
13273.547064919101
13219.644391391023
13166.069393240012
13112.81941991142
13059.891847596853
13007.28407891086
12954.993542572316
12903.017693090263
12851.354010454072
12799.999999827944
12748.95319124984
12698.211139334351
12647.771422979931
12597.63164508001
12547.789432238245
12498.242434487618
12448.988325013459
12400.02479988026
12351.349577762221
12302.960399677542
12254.8550287263
12207.03124983198
12159.486869486424
12112.21971549829
12065.227636745027
12018.508502928062
11972.060204331367
11925.88065158332
11879.967775415813
11834.31952645577
11788.933874961778
11743.808810621396
11698.942342329367
11654.332497942014
11609.977324099193
11565.874885984886
11522.023267122511
11478.42056916675
11435.064911698051
11391.95443201997
11349.087284958994
11306.461642667186
11264.075694427278
11221.927646460412
11180.01572173632
11138.338159786052
11096.89321651705
11055.679164030766
11014.694290442465
10973.936899703534
10933.405311425959
10893.097860709186
10853.012897969098
10813.1487887692
10773.503913654129
10734.076667985048
10694.865461777374
10655.868719540407
10617.084880119088
10578.512396537812
10540.149735846066
10501.995378966194
10464.047820542983
10426.305568795182
10388.767145368905
10351.431085192837
10314.29593633528
10277.360259863053
10240.622629702008
10204.081632499454
10167.73586748817
10131.583946352179
10095.624493094178
10059.856143904623
10024.277547032345
9988.887362656906
9953.684262762417
9918.666931013015
9883.834062629703
9849.184364268911
9814.71655390237
9780.429360698552
9746.321524905536
9712.391797735265
9678.638941249264
9645.061728245726
9611.658942147931
9578.429376894073
9545.37183682841
9512.485136593663
9479.768101024765
9447.219565043919
9414.838373556802
9382.623381350166
9350.573452990506
9318.687462724061
9286.964294377922
9255.40284126238
9224.002006074386
9192.760700802202
9161.677846631115
9130.752373850311
9099.983221760878
9069.369338584791
9038.909681375095
9008.603215927022
8978.448916690224
8948.44576668203
8918.59275740166
8888.888888745525
8859.3331689234
8829.924614375715
8800.662249691644
8771.545107528304
8742.572228530717
8713.742661252905
8685.055462079654
8656.50969514938
8628.104432277776
8599.838752882362
8571.711743907901
8543.722499752646
8515.870122195467
8488.153720323775
8460.572410462279
8433.125316102549
8405.811567833385
8378.63030327196
8351.580666995731
8324.661810475198
8297.872892007283
8271.21307664958
8244.681536155276
8218.27744890882
8191.999999862373
8165.848380472778
8139.821788639525
8113.919428643098
8088.140511084275
8062.484252823906
8036.94987692346
8011.536612586213
7986.243695099068
7961.070365775024
7936.015871896283
7911.0794666580005
7886.260409112589
7861.55796411474
7836.971402266927
7812.499999865595
7788.143038847891
7763.899806739002
7739.769596600037
7715.751706976491
7691.845441847286
7668.050110574314
7644.365027852591
7620.789513660879
7597.322893212915
7573.964496909078
7550.713660288669
7527.569723982632
7504.5320336668065
7481.599940015674
7458.772798656625
7436.049970124675
7413.430819817687
7390.914717952068
7368.5010395189165
7346.189164240646
7323.978476528116
7301.868365438101
7279.85822463133
7257.947452330889
7236.135451281123
7214.421628706882
7192.805396273284
7171.286170045852
7149.863370451071
7128.536422237395
7107.304754436585
7086.167800325509
7065.124997388354
7044.175787279152
7023.319615784772
7002.555932788264
6981.884192232577
6961.303852084646
6940.814374299884
6920.415224786996
6900.105873373184
6879.885793769694
6859.754463537725
6839.711364054677
6819.755980480742
6799.887801725879
6780.106320417031
6760.411032865777
6740.801439036268
6721.277042513441
6701.837350471663
6682.481873643614
6663.210126289463
6644.021626166452
6624.915894498661
6605.8924559472325
6586.950838580689
6568.090573845777
6549.311196538431
6530.612244775071
6511.99325996427
6493.453786778546
6474.99337312661
6456.6115701257495
6438.307932074551
6420.0820164259185
6401.933383760264
6383.861597759062
6365.866225178615
6347.94683582409
6330.1030025238115
6312.334301103786
6294.640310362487
6277.020612045959
6259.4747908230165
6242.002434260807
6224.603132800596
6207.276479733699
6190.022071177804
6172.839506053364
6155.728386060313
6138.688315654988
6121.718902027263
6104.819755077917
6087.990487396217
6071.230714237696
6054.540053502198
6037.9181257120545
6021.364553990543
6004.878964040541
5988.460984123312
5972.110245037613
5955.826380098879
5939.60902511872
5923.457818384515
5907.372400639268
5891.352415061617
5875.397507246053
5859.507325183309
5843.681519240956
5827.919742144165
5812.221648956658
5796.586897061836
5781.015146144068
5765.5060581702
5750.059297371203
5734.674530223966
5719.351425433348
5704.089653914297
5688.888888774197
5673.748805295383
5658.669080917749
5643.649395221644
5628.689429910755
5613.788868795328
5598.947397775417
5584.164704824344
5569.440479972292
5554.774415290054
5540.166204872967
5525.615544824903
5511.12213324249
5496.685670199494
5482.305857731224
5467.9823998192105
5453.715002375964
5439.503373229864
5425.347222110224
5411.246260632424
5397.200202283291
5383.208762406492
5369.271658188126
5355.388608642434
5341.559334597649
5327.783558681927
5314.0610053094915
5300.391400666789
5286.774472698891
5273.209951095905
5259.697567279592
5246.2370543900615
5232.828147272605
5219.47058246461
5206.164098182655
5192.908434309667
5179.703332382191
5166.5485355778255
5153.4437887027125
5140.38883817916
5127.383432033397
5114.427319883387
5101.520252926795
5088.661983929031
5075.852267211421
5063.090858639473
5050.377515611233
5037.711997045761
5025.0940633717055
5012.523476515968
4999.999999892474
4987.523398391058
4975.093438366388
4962.709887627076
4950.372515424807
4938.081092443588
4925.835390789105
4913.635183978149
4901.480246928148
4889.370355946792
4877.305288721729
4865.284824310371
4853.308743129771
4841.376826946602
4829.488858867217
4817.644623327781
4805.843906084512
4794.086494203988
4782.372176053523
4770.700741291685
4759.071980858815
4747.48568696768
4735.941653094189
4724.439673968205
4712.979545564385
4701.5610650931685
4690.184030991784
4678.84824291537
4667.553501728129
4656.299609494623
4645.08636947105
4633.913586096696
4622.781064985371
4611.688612916978
4600.6360378291065
4589.6231488087415
4578.649756084008
4567.7156710159925
4556.820706090644
4545.964674910724
4535.147392187846
4524.368673734571
4513.628336456539
4502.926198344734
4492.262078467749
4481.635796964136
4471.0471750348315
4460.4960349356425
4449.982199969765
4439.50549448041
4429.065743843444
4418.662774460132
4408.29641374991
4397.966490143235
4387.672833074474
4377.415272974873
4367.193641265572
4357.007770350677
4346.85749361039
4336.742645394195
4326.6630610141
4316.618576737932
4306.609029782698
4296.63425830797
4286.694101409359
4276.788399112022
4266.916992364233
4257.079723030965
4247.276433887606
4237.506968613649
4227.771171786451
4218.068888875078
4208.399966234154
4198.76425109779
4189.161591573529
4179.591836636388
4170.054836122906
4160.550440725239
4151.078501985354
4141.63887228919
4132.231404860931
4122.8559537573
4113.512373861888
4104.20052087954
4094.9202513308
4085.671422546364
4076.4538924960752
4067.2675206111353
4058.1121661234083
4048.9876897153586
4039.8939526870918
4030.8308171166213
4021.7981458546237
4012.795802519267
4003.8236514910514
3994.8815579076972
3985.9693876591014
3977.08700738227
3968.2342844563655
3959.411086997748
3950.6172838550356
3941.8527446042744
3933.1173395440637
3924.4109396907825
3915.733416773826
3907.0846432308517
3898.4644922031493
3889.8728375309292
3881.3095537487316
3872.774516080859
3864.2676004368095
3855.7886834067763
3847.337642257172
3838.9143549261853
3830.5187000193646
3822.1505568052685
3813.8098052111
3805.4963258184152
3797.209999858831
3788.950709209811
3780.7183363904305
3772.5127645572156
3764.333877499974
3756.1815596377214
3748.0556960145504
3739.9561722956114
3731.882874763078
3723.835690312163
3715.8145064471405
3707.8192112774373
3699.8496935137064
3691.9058424639757
3683.9875480297924
3676.094700702416
3668.227191559019
3660.3849122589436
3652.567755039961
3644.775612714576
3637.0083786663517
3629.265946846257
3621.5482117690635
3613.855068509723
3606.18641269983
3598.542140524067
3590.9221487166965
3583.3263345580635
3575.7545958711503
3568.206831018133
3560.682938896962
3553.182818937987
3545.706371100592
3538.253495869859
3530.824094253264
3523.4180677773793
3516.03531848461
3508.6757489299657
3501.339262177842
3494.0257617988136
3486.7351518664886
3479.4673369543475
3472.2222221326215
3464.999712965203
3457.799715506557
3450.6221362986735
3443.4668823680295
3436.3338612225775
3429.2229808487627
3422.134149708554
3415.067276736494
3408.0222713367757
3400.9990433803423
3393.997503202004
3387.017561597563
3380.059129821001
3373.122119581628
3366.206443041298
3359.312012811626
3352.4387419512277
3345.5865439629697
3338.7553327912638
3331.94502281935
3325.1555288666286
3318.3867661859813
3311.638650461143
3304.911097804054
3298.2040247522755
3291.5173482663886
3284.8509857274294
3278.2048549343326
3271.5788741013944
3264.9729618557767
3258.387037234974
3251.821019684362
3245.274829054729
3238.7483855998184
3232.241609973904
3225.754423229393
3219.2867468144086
3212.8385025704283
3206.409612729918
3199.9999999139836
3193.609587130053
3187.238297769544
3180.886055605591
3174.552784790759
3168.238409854762
3161.9428557022375
3155.6660476105035
3149.407911227341
3143.1683725687935
3136.9473580169806
3130.7447943179304
3124.5606085794116
3118.3947282687986
3112.2470812109545
3106.117595586101
3100.0061999277405
3093.9128231205423
3087.8373943983124
3081.779843341914
3075.740099877227
3069.7180942731334
3063.7137571394996
3057.7270194251723
3051.7578124159986
3045.806067732858
3039.87171732969
3033.9546934915634
3028.054928832738
3022.172356294752
3016.306909144506
3010.4585209723746
3004.6271256903447
2998.8126575301103
2993.0150510412523
2987.234241089385
2981.470162854317
2975.7227518282575
2969.991943813986
2964.2776749230734
2958.5798815740986
2952.89850049088
2947.2334687007224
2941.5847235326664
2935.952202615748
2930.3358438773066
2924.7355855412297
2919.151366126298
2913.583124444468
2908.0307995992102
2902.494330983838
2896.9736582798664
2891.468721455343
2885.979460763238
2880.5058167398247
2875.047730203055
2869.6051422509618
2864.1779942600833
2858.766227883867
2853.369785051118
2847.988607964421
2842.6226390986194
2837.271821199254
2831.936097281045
2826.6154106263766
2821.3097047837887
2816.0189235664793
2810.7430110508053
2805.481911574835
2800.2355697368507
2795.0039303938916
2789.7869386603243
2784.584539906397
2779.3966797567928
2774.2233040892224
2769.064359033021
2763.9197909677237
2758.789546521697
2753.673572570726
2748.571816236666
2743.4842248860646
2738.4107461288045
2733.3513278167466
2728.3059180424116
2723.274465137627
2718.256917672218
2713.2532244526783
2708.2633345208806
2703.2871971527757
2698.324761857097
2693.3759783740816
2688.440796674195
2683.519166956883
2678.6110396492913
2673.7163654050346
2668.835095102949
2663.9671798458626
2659.1125709593707
2654.2712199906073
2649.443078707065
2644.6280990953583
2639.8262333600605
2635.0374339224936
2630.2616534195695
2625.498844702597
2620.748960836144
2616.0119550968643
2611.287780972346
2606.5763921599864
2601.8777425658354
2597.191786303486
2592.518477692951
2587.857771259535
2583.209621732758
2578.573984045219
2573.950813331533
2569.3400649272307
2564.741694367687
2560.1556573870403
2555.581909917137
2551.0204080864687
2546.4711082191193
2541.933966833715
2537.408940642401
2532.8959865497854
2528.3950616519382
2523.906123235357
2519.4291287759447
2514.9640359380337
2510.510802573346
2506.0693867200303
2501.6397466016583
2497.2218406262377
2492.8156273852537
2488.421065652684
2484.0381143840386
2479.6667327153996
2475.3068799624725
2470.9585156196385
2466.621599359013
2462.2960910295087
2457.9819506559065
2453.6791384379376
2449.387614749361
2445.10734013705
2440.8382753200867
2436.5803811888645
2432.3336188041785
2428.0979493963614
2423.87333436437
2419.659735274925
2415.4571138616298
2411.2654320241027
2407.084651827112
2402.9147354997194
2398.755645434421
2394.6073441863227
2390.46979447225
2386.3429591699705
2382.226801317305
2378.121284111346
2374.026370907597
2369.942025219184
2365.86821071603
2361.8048912240365
2357.752030724305
2353.7095933523233
2349.677543397167
2345.655845300724
2341.6444636569104
2337.6433632108747
2333.6525088582393
2329.671865644326
2325.7013987633873
2321.7410735578505
2317.7908555175645
2313.8507102790286
2309.9206036246733
2306.000501482096
2302.0903699233304
2298.1901751641108
2294.299883563147
2290.4194616214013
2286.54887598134
2282.688093426261
2278.8370808795466
2274.9958054039644
2271.16423420097
2267.3423346100026
2263.5300741077845
2259.727420307637
2255.9343409587877
2252.150803945681
2248.3767772873102
2244.6122291365423
2240.8571277794267
2237.1114416345554
2233.3751392523664
2229.6481893145224
2225.9305606332155
2222.222222150548
2218.5231429378537
2214.833292195077
2211.152639250123
2207.4811535582135
2203.8188047012663
2200.1655623872566
2196.521396449589
2192.886276846479
2189.260173660339
2185.643057097144
2182.034897485846
2178.435665277748
2174.8453310458963
2171.263865484493
2167.6912394082874
2164.127423751984
2160.572389569649
2157.0261080341425
2153.4885504364865
2149.959688185347
2146.439492806396
2142.927935941788
2139.424989349547
2135.9306249030315
2132.4448145903466
2128.9675305137935
2125.4987448893135
2122.0384300459305
2118.586558425184
2115.143102580615
2111.7080351771738
2108.281328990738
2104.8629569075033
2101.4528919235026
2098.051107144048
2094.6575757831997
2091.272271163253
2087.895166714203
2084.5262359732146
2081.165452584127
2077.8127902969136
2074.4682229672007
2071.131724555721
2067.8032691278304
2064.4828308529977
2061.1703840043083
2057.865902957954
2054.5693621927503
2051.280736289643
2047.9999999311967
2044.7271279011368
2041.462095083853
2038.2048764639121
2034.9554471255929
2031.7137822523841
2028.4798571265414
2025.2536471282701
2022.0351277365655
2018.824274526792
2015.6210631715262
2012.4254694400897
2009.237469196792
2006.057038402434
2002.8841531125354
1999.7187894772314
1996.560923740804
1993.4105322412538
1990.2675914098454
1987.1320777706737
1984.0039679402148
1980.8832386269064
1977.7698666306974
1974.6638288426268
1971.565102244399
1968.4736639079385
1965.389490994989
1962.3125607566749
1959.2428505330886
1956.1803377528734
1953.1249999328084
1950.0768146773871
1947.0357596784295
1944.00181271465
1940.9749516512595
1937.9551544395656
1934.94239911657
1931.9366638045617
1928.9379267107347
1925.946166126776
1922.9613604284866
1919.983488075377
1917.012527610297
1914.048457659028
1911.0912569299148
1908.140904213478
1905.1973783820401
1902.260658389319
1899.330723270097
1896.407552139813
1893.491124194191
1890.5814187088968
1887.6784150391406
1884.782092619326
1881.8924309626782
1879.009409660899
1876.1330083837724
1873.2632068788462
1870.3999849710417
1867.5433225623212
1864.6931996313288
1861.8495962330335
1859.0124924983934
1856.1818686339875
1853.3577049216965
1850.5399817183381
1847.7286794553386
1844.9237786383899
1842.1252598471028
1839.3331037346802
1836.5472910275848
1833.7678025251998
1830.9946190995006
1828.227721694725
1825.4670913270456
1822.7127090842507
1819.9645561254033
1817.222613680541
1814.4868630503443
1811.7572856058105
1809.033862787952
1806.3165761074679
1803.6054071444396
1800.9003375480129
1798.201349036086
1795.508423395012
1792.8215424792759
1790.1406882111978
1787.465842580631
1784.796987644649
1782.1341055272592
1779.4771784190912
1776.8261885771026
1774.181118324289
1771.5419500493838
1768.9086662065545
1766.2812493151414
1763.6596819593294
1761.0439467878864
1758.4340265138717
1755.8299039143408
1753.2315618300668
1750.6389831652618
1748.0521508872887
1745.4710480263866
1742.895657675389
1740.3259629894492
1737.7619471857665
1735.2035935433064
1732.650885402529
1730.1038061651298
1727.5623392937514
1725.0264683117234
1722.4961768028033
1719.971448410898
1717.4522668398042
1714.9386158529526
1712.4304792731273
1709.9278409822357
1707.4306849210122
1704.938995088799
1702.4527555432567
1699.9719504001273
1697.496563832984
1695.0265800729626
1692.5619834085212
1690.1027581851954
1687.648888805333
1685.2003597278583
1682.7571554680349
1680.3192605971976
1677.8866597425279
1675.459337586801
1673.0372788681507
1670.6204683798333
1668.2088909699717
1665.8025315413392
1663.4013750511133
1661.0054065106306
1658.6146109851766
1656.2289735937286
1653.8484795087434
1651.473113955914
1649.1028622139456
1646.7377096143264
1644.377641541099
1642.0226434306423
1639.6727007714355
1637.3277991038476
1634.9879240199007
1632.6530611630546
1630.3231962279929
1627.9983149603947
1625.6784031567263
1623.3634466640083
1621.0534313796206
1618.7483432510683
1616.4481682757819
1614.1528925008977
1611.862502023046
1609.576982988142
1607.2963215911832
1605.0205040760247
1602.7495167351913
1600.4833459096567
1598.2219779886354
1595.9653994094003
1593.7135966570468
1591.4665562643277
1589.2242648114218
1586.9867089257416
1584.753875281742
1582.5257506007133
1580.3023216505874
1578.083575245746
1575.8694982468123
1573.6600775604668
1571.455300139251
1569.255152981375
1567.0596231305285
1564.8686976756828
1562.6823637509056
1560.5006085351738
1558.3234192521838
1556.1507831701613
1553.9826876016818
1551.8191199034823
1549.6600674762672
1547.5055177645504
1545.3554582564382
1543.209876483481
1541.0687600204687
1538.9320964852593
1536.799873538604
1534.672078883969
1532.5487002673412
1530.4297254770768
1528.315142343713
1526.2049387397847
1524.0991025796684
1521.9976218193988
1519.900484456501
1517.8076785298103
1515.7191921193175
1513.635013345976
1511.5551303715629
1509.4795313984814
1507.408204669615
1505.341138468146
1503.2783211174028
1501.2197409806824
1499.1653864611048
1497.1152460014166
1495.0693080838719
1493.027561230032
1490.9899940006285
1488.9565949953887
1486.9273528528906
1484.9022562503887
1482.881293903667
1480.8644545668758
1478.851727032383
1476.8431001306053
1474.8385627298676
1472.838103736232
1470.8417120933696
1468.8493767823818
1466.8610868216579
1464.8768312667326
1462.8965992101237
1460.9203797811842
1458.948162145959
1456.9799355070268
1455.0156891033635
1453.0554122101903
1451.0990941388197
1449.1467242365222
1447.198291886375
1445.25378650712
1443.3131975530137
1441.3765145136908
1439.4437269140271
1437.514824313981
1435.5897963084658
1433.668632527211
1431.7513226346082
1429.8378563295928
1427.928223345487
1426.0224134498699
1424.1204164444407
1422.2222221648844
1420.3278204807286
1418.4372012952185
1416.550354545171
1414.6672702008507
1412.7879382658293
1410.9123487768584
1409.0404918037366
1407.1723574491762
1405.3079358486664
1403.4472171703535
1401.5901916149173
1399.7368494154143
1397.8871808371816
1396.0411761776845
1394.1988257664061
1392.3601199647092
1390.525049165718
1388.69360379419
1386.8657743063845
1385.0415511899528
1383.2209249638036
1381.4038861779754
1379.5904254135294
1377.7805332824078
1375.9742004273444
1374.1714175216969
1372.372175269369
1370.5764644046653
1368.7842756921873
1366.995599926699
1365.210427933027
1363.428750565925
1361.6505587099693
1359.875843279438
1358.1045952181905
1356.3368054995617
1354.5724651262371
1352.8115651301478
1351.0540965723462
1349.300050542901
1347.54941816078
1345.802190573738
1344.0583589582056
1342.3179145191825
1340.580848490113
1338.8471521327963
1337.1168167372525
1335.3898305231241
1333.6661941321058
1331.9458896427418
1330.2289115554074
1328.515251299667
1326.8049003326669
1325.0978501390282
1323.3940922307486
1321.6936181470894
1319.9964194544712
1318.302487746377
1316.6118146432377
1314.9243917923343
1313.2402108676947
1311.5592635699886
1309.8815416264256
1308.2070367906574
1306.535740842673
1304.867645588694
1303.202742861085
1301.5410245182406
1299.8824824444982
1298.2271085500283
1296.574894770743
1294.925833068195
1293.2799154294785
1291.6371338671393
1289.9974804190606
1288.3609471483942
1286.7275261434352
1285.097209517542
1283.4699894090438
1281.845857981136
1280.2248074217914
1278.606829943666
1276.9919177840075
1275.3800632045534
1273.7712584914475
1272.1654959551456
1270.562767930322
1268.9630667757783
1267.3663848743513
1265.7727146328257
1264.1820484818402
1262.5943788757995
1261.0096982927853
1259.4279992344657
1257.8492742260062
1256.2735158159849
1254.7007165763007
1253.1308691020843
1251.563966011619
1249.9999999462457
1248.4389635702805
1246.8808495709245
1245.325650658187
1243.7733595647915
1242.2239690460929
1240.6774718799966
1239.1338608668707
1237.593128829463
1236.0552686128176
1234.520273084191
1232.9881351329736
1231.4588476706033
1229.932403630481
1228.4087959678975
1226.8880176599423
1225.370061705431
1223.8549211248194
1222.3425889601235
1220.833058274847
1219.3263221538905
1217.8223737034805
1216.3212060510837
1214.8228123453384
1213.3271857559666
1211.8343194737013
1210.344206710207
1208.8568406980053
1207.3722146903935
1205.8903219613721
1204.4111558055674
1202.9347095381538
1201.4609764947832
1199.9899500315018
1198.5216235246837
1197.0559903709504
1195.5930439871004
1194.1327778100317
1192.675185296672
1191.220259923903
1189.7679951884866
1188.3183846069946
1186.8714217157353
1185.42710007068
1183.9854132473947
1182.5463548409662
1181.1099184659301
1179.6760977562021
1178.244886365006
1176.8162779648069
1175.3902662472333
1173.966844923018
1172.5460077219188
1171.1277483926583
1169.7120607028478
1168.2989384389202
1166.8883754060691
1165.4803654281704
1164.0749023477238
1162.6719800257756
1161.2715923418614
1159.873733193937
1158.4783964983044
1157.0855761895564
1155.6952662205035
1154.3074605621105
1152.9221532034348
1151.5393381515523
1150.1590094314988
1148.7811610862068
1147.4057871764376
1146.0328817807213
1144.6624389952865
1143.2944529340018
1141.928917728313
1140.565827527179
1139.205176497006
1137.8469588215912
1136.4911687020578
1135.1378003567866
1133.7868480213683
1132.43830594853
1131.0921684080788
1129.748429686841
1128.4070840886016
1127.068125934042
1125.7315495606808
1124.397349322818
1123.0655195914642
1121.7360547542971
1120.4089492155927
1119.0841973961576
1117.7617937332957
1116.4417326807243
1115.1240087085287
1113.8086163031026
1112.495549967089
1111.1848042193244
1109.8763735947791
1108.570252644504
1107.2664359355686
1105.964918051008
1104.6656935897704
1103.3687571666503
1102.0741034122448
1100.781726972889
1099.4916225106067
1098.2037847030474
1096.918208243445
1095.6348878405481
1094.3538182185744
1093.0749941171548
1091.7984102912783
1090.5240615112398
1089.2519425625844
1087.982048246056
1086.7143733775415
1085.4489127880222
1084.185661323521
1082.9246138450426
1081.6657652285269
1080.409110364799
1079.1546441595144
1077.902361533106
1076.6522574207347
1075.404326772239
1074.1585645520818
1072.9149657393014
1071.6735253274587
1070.434238324589
1069.197099753152
1067.9621046499806
1066.7292480662331
1065.4985250673362
1064.2699307329449
1063.0434601568904
1061.8191084471339
1060.5968707257061
1059.3767421286725
1058.1587178060786
1056.9427929219014
1055.728962654005
1054.5172221940866
1053.3075667476369
1052.0999915338848
1050.8944917857557
1049.6910627498205
1048.4896996862544
1047.2903978687846
1046.0931525846438
1044.8979591345276
1043.7048128325478
1042.513709006184
1041.3246429962394
1040.137610156797
1038.9526058551664
1037.7696254718526
1036.5886644004968
1035.4097180478393
1034.2327818336744
1033.057851190803
1031.8849215649898
1030.7139884149212
1029.5450472121597
1028.378093441095
1027.2131225989124
1026.0501301955373
1024.8891117535964
1023.7300628083799
1022.5729789077886
1021.417855612297
1020.2646884949156
1019.113473141136
1017.9642051488979
1016.8168801285453
1015.6714937027858
1014.5280415066413
1013.3865191874174
1012.2469224046549
1011.1092468300913
1009.9734881476156
1008.8396420532345
1007.7077042550254
1006.5776704730984
1005.4495364395543
1004.3232978984465
1003.1989506057422
1002.0764903292752
1000.9559128487143
999.8372139555192
998.7203894529041
997.6054351557909
996.4923468907804
995.381120496106
994.2717518216
993.1642367286445
992.0585710901503
990.9547507905008
989.8527717255233
988.7526298024468
987.6543209398715
986.5578410677201
985.4631861272075
984.3703520707995
983.2793348621816
982.1901304762107
981.1027348988878
980.0171441273176
978.9333541696743
977.8513610451546
976.7711607839572
975.6927494272336
974.6161230270568
973.5412776463868
972.4682093590282
971.3969142496023
970.3273884135051
969.2596279568769
968.1936289965627
967.1293876600786
966.0669000855769
965.0061624218083
963.9471708280948
962.8899214742835
961.8344105407195
960.7806342182123
959.7285887079986
958.6782702217046
957.6296749813196
956.5827992191566
955.5376391778218
954.4941911101753
953.4524512793057
952.412415958489
951.3740814311585
950.3374439908758
949.3024999412889
948.2692455961067
947.237677279059
946.2077913238753
945.1795840742395
944.1530518837657
943.1281911159604
942.1049981441972
941.0834693516767
940.0636011314022
939.0453898861377
938.0288320283918
937.0139239803705
936.0006621739522
934.9890430506607
933.9790630616246
932.9707186675539
931.9640063387033
930.958922554849
929.9554638052483
928.953626588619
927.9534074130968
926.9548027962168
925.9578092648768
924.9624233553095
923.9686416130482
922.9764605929017
921.9858768589232
920.9968869843816
920.0094875517252
919.0236751525612
918.039446387623
917.056797866737
916.0757262087984
915.0962280417427
914.1183000025085
913.1419387370211
912.1671409001522
911.1939031556989
910.2222221763523
909.2520946436675
908.2835172480384
907.3164866886688
906.3509996735415
905.3870529193939
904.424643151688
903.4637671045829
902.5044215209093
901.5466031521343
900.5903087583472
899.6355351082188
898.6822789789805
897.7305371563989
896.7803064347436
895.831583616764
894.884365513662
893.9386489450616
892.9944307389854
892.0517077318308
891.1104767683373
890.1707347015617
889.232478392858
888.2957047118421
887.3604105363715
886.4265927525171
885.4942482545395
884.5633739448583
883.6339667340337
882.7060235407332
881.7795412917137
880.8545169217864
879.930947373801
879.008829598617
878.088160555076
877.1689372099795
876.2511565380644
875.3348155219721
874.4199111522341
873.5064404272391
872.5944003532102
871.6837879441807
870.7746002219733
869.8668342161675
868.9604869640873
868.0555555107607
867.1520369089137
866.2499282189308
865.349226508843
864.4499288542936
863.5520323385231
862.655534052346
861.7604310941128
860.866720569707
859.9743995925061
859.0834652833669
858.1939147705983
857.3057451899351
856.4189536845304
855.5335374049068
854.6494935089597
853.7668191619149
852.8855115363182
852.0055678120086
851.1269851760915
850.2497608229232
849.3738919540854
848.4993757783606
847.6262095117156
846.7543903772741
845.8839156052966
845.0147824331568
844.1469881053229
843.2805298733354
842.4154049957815
841.5516107382763
840.6891443734406
839.82800318088
838.9681844471652
838.1096854658028
837.2525035372255
836.3966359687608
835.5420800746166
834.6888331758569
833.8368926003797
832.9862556829016
832.1369197649287
831.2888821947438
830.4421403273809
829.5966915246039
828.7525331548933
827.9096625934169
827.0680772220106
826.2277744291656
825.388751610001
824.551006166244
823.7145355062129
822.8793370447943
822.0454082034273
821.2127464100772
820.3813490992206
819.5512137118249
818.7223376953257
817.8947185036122
817.0683535970036
816.2432404422295
815.4193765124128
814.5967592870513
813.7753862519918
812.9552548994197
812.1363627278361
811.3187072420349
810.5022859530869
809.6870963783277
808.8731360413251
808.0604024718717
807.2488932059597
806.4386057857647
805.6295377596308
804.821686682041
804.0150501136111
803.2096256210675
802.4054107772213
801.6024031609616
800.800600357229
799.9999999569997
799.2005995572704
798.4023967610378
797.6053891772776
796.809574420932
796.0149501128897
795.2215138799654
794.4292633548894
793.6381961762797
792.848309988631
792.059602442301
791.2720711934805
790.4857139041919
789.7005282422533
788.9165118812789
788.1336625006521
787.3519777855097
786.5714554267244
785.7920931208942
785.0138885703105
784.2368394829608
783.4609435724965
782.6861985582196
781.9126021650721
781.1401521236103
780.3688461699973
779.5986820459792
778.8296574988699
778.0617702815385
777.2950181523895
776.5293988753473
775.7649102198377
775.0015499607771
774.2393158785507
773.4782057589989
772.7182173934017
771.9593485784608
771.2015971162882
770.4449608143818
769.6894374856176
768.9350249482311
768.1817210257988
767.4295235472291
766.6784303467374
765.9284392638408
765.1795481433337
764.43175483528
763.6850571949877
762.9394530830075
762.1949403651008
761.4515169122417
760.7091806005859
759.9679293114696
759.2277609313817
758.4886733519579
757.7506644699623
757.0137321872718
756.2778744108632
755.543089052795
754.8093740301989
754.0767272652542
753.3451466851864
752.6146302222426
751.8851758136796
751.1567814017553
750.4294449336994
749.7031643617156
748.9779376429601
748.253762739522
747.5306376184187
746.8085602515747
746.0875286158113
745.3675406928292
744.6485944691959
743.9306879363339
743.2138190905018
742.4979859327855
741.7831864690801
741.0694187100775
740.356680671253
739.6449703728535
738.9342858398774
738.2246251020687
737.515986193898
736.8083671545503
736.1017660279106
735.396180862555
734.6916097117302
733.9880506333462
733.2855016899571
732.5839609487546
731.8834264815475
731.1838963647551
730.4853686793883
729.7878415110415
729.0913129498749
728.3957810906031
727.7012440324869
727.0076998793093
726.3151467393732
725.6235827254859
724.9330059549402
724.243414549512
723.5548066354355
722.8671803434011
722.1805338085351
721.4948651703944
720.8101725729466
720.1264541645596
719.4437080979947
718.761932530387
718.0811256232325
717.4012855423828
716.7224104580278
716.0444985446834
715.3675479811786
714.6915569506481
714.0165236405153
713.3424462424789
712.6693229525092
711.9971519708253
711.3259315018902
710.6556597543934
709.9863349412487
709.3179552795715
708.6505189906707
707.984024300038
707.3184694373371
706.6538526363905
705.9901721351648
705.3274261757622
704.6656130044129
704.0047308714535
703.3447780313247
702.6857527425539
702.0276532677493
701.3704778735816
700.7142248307748
700.0588924141024
699.404478902364
698.7509825783825
698.0984017289876
697.4467346450094
696.7959796212665
696.1461349565466
695.4971989536102
694.849169919163
694.2020461638626
693.5558260022901
692.9105077529516
692.2660897382592
691.6225702845255
690.9799477219537
690.3382203846179
689.6973866104643
689.0574447412912
688.4183931227406
687.7802301042909
687.1429540392437
686.5065632847127
685.8710562016122
685.2364311546501
684.6026865123142
683.9698206468648
683.3378319343199
682.7067187544459
682.0764794907539
681.4471125304796
680.8186162645767
680.1909890877107
679.5642293982419
678.9383355982216
678.3133060933742
677.6891392930988
677.0658336104448
676.4433874621118
675.821799268437
675.201067453384
674.5811904445341
673.962166673078
673.3439945737987
672.7266725850709
672.110199148846
671.4945727106419
670.879791719536
670.265854628153
669.6527598926557
669.0405059727373
668.4290913316099
667.818514435992
667.2087737561059
666.5998677656623
665.9917949418522
665.3845537653392
664.7781427202472
664.1725602941525
663.5678049780743
662.963875266466
662.3607696572064
661.7584866515849
661.1570247542982
660.5563824734398
659.9565583204915
659.3575508103081
658.7593584611175
658.1619797945029
657.5654133354028
656.9696576120913
656.3747111561785
655.7805725025942
655.1872401895823
654.5947127586962
654.0029887547809
653.4120667259681
652.8219452236688
652.2326228025648
651.6440980205952
651.0563694389544
650.4694356220751
649.8832951376282
649.2979465565057
648.7133884528207
648.1296194038889
647.5466379902313
646.9644427955534
646.3830324067477
645.8024054138764
645.2225604101685
644.6434959920093
644.0652107589303
643.4877033136045
642.9109722618342
642.3350162125457
641.7598337777791
641.1854235726777
640.6117842154854
640.0389143275333
639.4668125332345
638.8954774600745
638.3249077386024
637.7551020024243
637.1860588881927
636.6177770356035
636.0502550873796
635.4834916892698
634.9174854900391
634.3522351414591
633.7877392982984
633.2239966183214
632.6610057622743
632.0987653938772
631.5372741798195
630.9765307897488
630.4165338962661
629.8572821749135
629.2987743041725
628.7410089654516
628.1839848430795
627.627700624297
627.0721549992511
626.5173466609849
625.9632743054328
625.409936631409
624.8573323406017
624.3054601375702
623.7543187297281
623.20390682734
622.6542231435208
622.1052663942155
621.5570352981998
621.0095285770708
620.4627449552402
619.9166831599271
619.3713419211482
618.8267199717126
618.2828160472134
617.7396288860213
617.1971572292754
616.6553998208806
616.1143554074943
615.5740227385215
615.0344005661087
614.4954876451374
613.9572827332138
613.4197845906617
612.882991980521
612.3469036685344
611.8115184231415
611.2768350154722
610.7428522193447
610.2095688112481
609.676983570345
609.1450952784581
608.6139027200688
608.083404682304
607.5535999549348
607.0244873303654
606.4960656036313
605.9683335723839
605.4412900368943
604.9149338000395
604.3892636672949
603.8642784467326
603.33997694901
602.816357987367
602.293420377614
601.7711629381347
601.2495844898658
600.7286838563018
600.2084598634839
599.6889113399948
599.1700371169468
598.6518360279855
598.1343069092718
597.617448599484
597.1012599398077
596.5857397739292
596.0708869480294
595.5567003107798
595.04317871333
594.5303210093045
594.0181260548036
593.5065927083843
592.9957198310608
592.4855062862978
591.9759509400037
591.4670526605241
590.9588103186368
590.4512227875409
589.9442889428605
589.4380076626247
588.9323778272728
588.4273983196438
587.9230680249707
587.4193858308718
586.9163506273482
586.4139613067771
585.9122167639052
585.411115895839
584.9106576020479
584.4108407843453
583.9116643468965
583.4131271962026
582.9152282410957
582.4179663927397
581.9213405646152
581.42534967252
580.929992634563
580.4352683711531
579.9411758049964
579.4477138610962
578.9548814667351
578.4626775514774
577.9711010471667
577.4801508879045
576.9898260100663
576.5001253522757
576.0110478554129
575.5225924625995
575.0347581192
574.5475437728101
574.0609483732551
573.5749708725862
573.0896102250625
572.6048653871632
572.12073531757
571.6372189771641
571.1543153290216
570.6720233384092
570.1903419727763
569.7092702017459
569.2288069971215
568.7489513328663
568.2697021851095
567.7910585321329
567.3130193543732
566.8355836344083
566.358750356955
565.8825185088676
565.4068870791302
564.9318550588473
564.4574214412406
563.9835852216495
563.5103453975158
563.0377009683882
562.5656509359068
562.094194303809
561.6233300779184
561.153057266133
560.6833748784329
560.214281926869
559.7457774255547
559.2778603906662
558.8105298404323
558.3437847951333
557.8776242770987
557.4120473106881
556.9470529223041
556.4826401403761
556.0188079953587
555.5555555197243
555.0928817479615
554.6307857165646
554.1692664640407
553.708323030885
553.2479544595983
552.7881597946623
552.3289380825465
551.8702883717007
551.4122097125464
550.9547011574782
550.4977617608533
550.0413905789914
549.5855866701608
549.1303490945877
548.6756769144401
548.221569193825
547.7680249987883
547.3150433973047
546.8626234592745
546.4107642565216
545.9594648627838
545.5087243537117
545.058541806864
544.6089163017011
544.1598469195811
543.7113327437535
543.2633728593582
542.8159663534168
542.3691123148327
541.9228098343805
541.4770580047056
541.0318559203189
540.5872026775917
540.1430973747509
539.699539111875
539.2565269908883
538.8140601155567
538.3721375914895
537.9307585261195
537.4899220287182
537.0496272103724
536.609873183996
536.1706590643114
535.7319839678566
535.293847012975
534.8562473198112
534.4191840103067
533.9826562081969
533.5466630390054
533.1112036300399
532.6762771103888
532.2418826109163
531.8080192642562
531.3746862048104
530.9418825687449
530.5096074939788
530.0778601201899
529.6466395888067
529.2159450429986
528.7857756276767
528.3561304894959
527.9270087768346
527.4984096398018
527.0703322302372
526.6427757016934
526.215739209443
525.7892219104676
525.3632229634568
524.937741528806
524.5127767686076
524.088327846649
523.6643939284104
523.2409741810561
522.8180677734374
522.3956738760809
521.9737916611875
521.5524203026334
521.1315589759542
520.711206858356
520.2913631286965
519.8720269674922
519.4531975569082
519.0348740807578
518.6170557244932
518.1997416752108
517.7829311216373
517.3666232541315
516.9508172646788
516.5355123468879
516.1207076959856
515.706402508814
515.2925959838262
514.8792873210848
514.4664757222515
514.0541603905926
513.6423405309642
513.2310153498227
512.8201840552016
512.4098458567278
511.99999996560325
511.59064559461035
511.1817819581023
510.77340827200123
510.36552375379483
509.95812762253456
509.55121909882394
509.14479740482847
508.73886176425754
508.3334114023704
507.9284455459698
507.5239634233939
507.1199642645224
506.7164473007623
506.3134117650497
505.91085689184604
505.5087819171364
505.1071860784193
504.7060686147062
504.305428766525
503.9052657759046
503.50557888637627
503.10636734297714
502.7076303922338
502.3093672821668
501.91157726228755
501.51425958359016
501.11741349855265
500.721038261129
500.3251331267501
499.9296973523169
499.5347301961962
499.14023091822304
498.74619877968996
498.35263304334967
497.9595329734048
497.5668978355108
497.1747268967699
496.78301942573063
496.39177469237586
496.00099196813034
495.61067052584656
495.220809639815
494.83140858574654
494.4424666407765
494.05398308346076
493.6659571937721
493.2783882530958
492.8912755442283
492.5046183513695
492.11841596012573
491.7326676575034
491.3473727319019
490.9625304731179
490.57814017233727
490.19420112212936
489.81071261645377
489.42767395064357
489.04508442141275
488.66294332684936
488.28124996640963
487.9000036409135
487.5192036525628
487.1388493049009
486.75893990283737
486.3794747526333
486.00045316190506
485.62187443961466
485.24373789607057
484.8660428429231
484.4887885931611
484.11197446110896
483.7355997624245
483.35966381409617
482.9841659344368
482.60910544308206
482.2344816609914
481.86029391044076
481.4865415150156
481.11322379961786
480.7403400904559
480.36788971504194
479.9958720021916
479.6242862820196
479.2531318859335
478.88240814663925
478.5121143981295
478.14224997568317
477.77281421586434
477.4038064565185
477.035226036769
476.6670722970131
476.2993445789213
475.9320422254335
475.5651645807542
475.1987109903539
474.8326808009615
474.4670733605641
474.1018880184025
473.73712412496945
473.3727810320102
473.0088580925101
472.6453546606999
472.2822700920506
471.91960374327334
471.55735497230796
471.1955231383322
470.8341076017476
470.47310772418325
470.1125228684939
469.75235239875053
469.3925956802449
469.03325207948205
468.6743209641787
468.31580170326305
467.95769366686557
467.59999622632404
467.2427087541759
466.88583062415705
466.5293612111975
466.1732998914213
465.817646042142
465.46239904186035
465.10755827026105
464.7531231082113
464.39909293775884
464.045467142123
463.69224510570393
463.3394262140634
462.98700985394055
462.6349954132363
462.2833822810145
461.9321698474997
461.5813575040736
461.23094464327437
460.8809306587911
460.5313149454645
460.18209689928045
459.8332759173725
459.48485139800977
459.1368227406102
458.7891893457205
458.4419506150266
458.0951059513425
457.7486547586138
457.40259644191167
457.05693040743233
456.7116560624909
456.3667728155235
456.0222800760843
455.67817725483735
455.33446376356005
454.99113901513834
454.6482024235646
454.3056534039349
453.9634913724483
453.6217157463976
453.2803259441778
452.9393213852762
452.59870149026915
452.25846568082426
451.91861337969215
451.57914401071537
451.2400569988071
450.90135176996944
450.5630277512762
450.225084370875
449.8875210579881
449.5503372429059
449.21353235698626
448.8771058326493
448.5410571033819
448.2053856037271
447.8700907692879
447.5351720367208
447.2006288437342
446.8664606290904
446.53266683259693
446.19924689510674
445.8662002585195
445.5335263657711
445.2012246608417
444.86929458874135
444.53773559552025
444.20654712825694
443.8757286350592
443.54527956506524
443.215199368434
442.88548749634947
442.556143401016
442.2271665356549
441.89855635450385
441.57031231281314
441.24243386684446
440.91492047387146
440.58777159216993
440.26098668102236
439.9345652007149
439.6085066125305
439.28281037875365
438.9574759626599
438.63250282852266
438.30789044160394
437.98363826815444
437.65974577541346
437.33621243160553
437.0130377059314
436.690221068582
436.36776199071903
436.04565994448024
435.7239144029812
435.4025248403057
435.0814907315078
434.7608115526108
434.4404867805988
434.12051589342354
433.8008983699957
433.48163369018346
433.1627213348132
432.8441607856656
432.5259515254746
432.2080930379219
431.89058480764106
431.5734263202083
431.25661706214595
430.94015652091775
430.62404418492747
430.30827954351764
429.992862086963
429.67779130647637
429.3630666942013
429.04868774320755
428.7346539474986
428.42096480199854
428.1076198025542
427.7946184459403
427.48196022984325
427.16964465287185
426.857671214549
426.54603941531093
426.2347487565074
425.9237987403924
425.6131888701332
425.3029186497979
424.9929875843624
424.68339517970037
424.37414094258804
424.0652243806964
423.7566450025939
423.4484023177421
423.1404958364951
422.8329250700949
422.525689530674
422.2187887312483
421.91222218571994
421.6059894088704
421.30008991636316
420.9945232247405
420.68928885141855
420.38438631469035
420.0798151337209
419.7755748285442
419.47166492006426
419.16808493005163
418.8648343811435
418.5619127968376
418.25931970149304
417.9570546203294
417.65511707942494
417.3535066057091
417.05222272697074
416.7512649718457
416.45063286982315
416.15032595124075
415.8503437472781
415.5506857899636
415.25135161216826
414.95234074760276
414.653652730816
414.35528709719534
414.0572433829643
413.75952112518064
413.4621198617298
413.1650391313318
412.8682784735339
412.57183742870757
412.2757155380527
411.979912343589
411.6844273881583
411.3892602154241
411.0944103698628
410.7998773967727
410.5056608422602
410.21176025324905
409.9181751774707
409.62490516346554
409.3319497605846
409.0393085189783
408.74698098960755
408.45496672423076
408.1632652754072
407.87187619649603
407.5807990416522
407.2900333658274
406.9995787247642
406.709434674999
406.4196007738586
406.13007657945417
405.8408616506898
405.5519555472504
405.263357829603
404.9750680590022
404.6870857974767
404.39941060783656
404.1120420536659
403.8249796993276
403.53822310995537
403.25177185145446
402.9656254905027
402.6797835945435
402.39424573178735
402.10901147121285
401.82408038255903
401.53945203632713
401.25512600378033
400.9711018569393
400.68737916858345
400.4039575122446
400.12083646220924
399.83801559351974
399.55549448196507
399.2732727040841
398.99134983716567
398.7097254592412
398.42839914909007
398.1473704862292
397.8666390509209
397.5862044241668
397.3060661877042
397.02622392401065
396.74667721629515
396.4674256485014
396.1884688053061
395.90980627211263
395.6314376350592
395.35336248100526
395.07558039753906
394.7980909729718
394.52089379633975
394.2439884573961
393.9673745466164
393.69105165519426
393.4150193750404
393.13927729877867
392.8638250197477
392.5886621319971
392.3137882302883
392.0392029100934
391.7649057675883
391.4908963996561
391.21717440388613
390.94373937857097
390.670590922703
390.3977286359758
390.12515211877985
389.8528609722076
389.58085479804254
389.3091331987657
389.037695777548
388.7665421382544
388.49567188543904
388.22508462434405
387.9547799608989
387.68475750172
387.4150168541062
387.1455576260403
386.8763794261861
386.6074818638899
386.33886454916893
386.0705270927273
385.8024691059396
385.5346902008562
385.26718999019783
384.999968087359
384.7330241064052
384.4663576620706
384.19996836975315
383.9338558455202
383.6680197061031
383.40245956889805
383.1371750519579
382.8721657740004
382.6074313544018
382.342971413195
382.07878557106994
381.8148734493721
381.5512346700983
381.28786885590023
381.0247756300796
380.761954616588
380.49940544002305
380.23712772563215
379.9751210993086
379.7133851875875
379.45191961764647
379.19072401730807
378.92979801503316
378.6691412399198
378.4087533217078
378.14863389077
377.8887825781145
377.6291990153846
377.3698828348547
377.1108336694307
376.8520511526477
376.5935349186709
376.3352846022911
376.0772998389248
375.8195802646155
375.5621255160264
375.30493523044584
375.04800904578076
374.79134660056036
374.53494753392886
374.2788114856487
374.0229380961
373.7673270062734
373.5119778577754
373.25689029282387
373.0020639542466
372.7474984854812
372.49319353057723
372.2391487341816
371.9853637415581
371.73183819856786
371.4785717516764
371.22556404795193
370.97281473506496
370.72032346128185
370.4680898754708
370.2161136270948
369.96439436621256
369.7129317434802
369.4617254101455
369.2107750180463
368.9600802196153
368.7096406678718
368.4594560164252
368.20952591947344
367.9598500317977
367.71042800876705
367.46125950633336
367.21234418103006
366.96368168997367
366.71527169085925
366.4671138419633
366.21920780213804
365.97155323081347
365.7241497879955
365.476997134263
365.23009493076984
364.9834428392421
364.7370405219734
364.49088764183114
364.24498386225025
363.9993288472318
363.75392226134466
363.508763769721
363.2638530380607
363.01918973262207
362.7747735202271
362.53060406826063
362.28668104466306
362.0430041179366
361.7995729571368
361.5563872318796
361.3134466123323
361.0707507692192
360.8282993738159
360.58609209794804
360.3441286139951
360.1024085948836
359.86093171408777
359.61969764563224
359.37870606408603
359.1379566445618
358.8974490627179
358.65718299475293
358.41715811741255
358.17737410797815
357.9378306442728
357.69852740465615
357.4594640680282
357.2206403138233
356.9820558220108
356.7437102730961
356.50560334811587
356.26773472864
356.03010409676847
355.7927111351318
355.55555552688907
355.31863695572684
355.08195510585983
354.8455096620266
354.6093003094916
354.37332673404273
354.13758862198915
353.9020856601637
353.66681753591797
353.43178393712526
353.19698455217275
352.96241906996977
352.72808717993973
352.4939885720215
352.2601229366693
352.02648996484817
351.79308934803754
351.55992077822884
351.32698394791987
351.09427855012166
350.86180427835234
350.62956082663476
350.3975478895019
350.1657651619892
349.9342123396358
349.7028891184865
349.47179519508677
349.2409302664832
349.01029403022164
348.7798861843505
348.54970642741137
348.31975445844756
348.0900299769967
347.86053268309126
347.6312622772582
347.40221846051895
347.17340093438486
346.9448094008619
346.71644356244394
346.48830312211373
346.2603877833453
346.03269725009727
345.80523122681734
345.5779894184353
345.35097153036907
345.1241772685187
344.89760633926676
344.67125844947685
344.4451333064966
344.2192306181489
343.99355009273904
343.7680914390493
343.5428543663368
343.31783858433846
343.09304380326364
342.8684697337975
342.6441160870975
342.41998257479304
342.1960689089866
341.97237480225
341.7488999676241
341.52564411861954
341.30260696921476
341.07978823385406
340.85718762744875
340.6348048653738
340.4126396634689
340.1906917380377
339.968960805845
339.7474465841175
339.52614879054255
339.3050671432659
339.0842013608942
338.86355116248956
338.6431162675724
338.4228963961185
338.2028912685591
337.98310060577944
337.7635241291175
337.54416156036564
337.3250126217662
337.10607703601113
336.8873545262446
336.6688448160583
336.4505476294928
336.2324626910353
336.0145897256193
335.7969284586237
335.5794786158722
335.36223992363267
335.14521210861426
334.9283948979702
334.71178801929375
334.4953912006182
334.2792041704165
334.0632266576012
333.84745839152134
333.6318991019631
333.41654851914825
333.2014063737355
332.98647239681577
332.7717463199151
332.5572278749912
332.34291679443413
332.128812811065
331.91491565813476
331.7012250693234
331.48774077874066
331.27446252092307
331.061390030834
330.8485230438622
330.6358612958232
330.4234045229557
330.2111524619229
329.9991048498107
329.78726142412495
329.5756219227957
329.36418608417114
329.1529536470198
328.9419243505289
328.73109793430274
328.5204741383643
328.31005270315154
328.0998333695183
327.88981587873377
327.67999997247966
327.47038539285165
327.2609718823583
327.05175918391853
326.8427470408627
326.63393519693113
326.4253233962731
326.2169113834456
326.0086989034145
325.8006857015519
325.59287152363595
325.38525611585
325.1778392247822
324.97062059742336
324.7635999811684
324.5567771238143
324.35015177355905
324.14372367900154
323.9374925891403
323.7314582533729
323.52562042149634
323.31997884370253
323.11453327058445
322.90928345312665
322.7042291427113
322.499370091116
322.2947060505103
322.09023677345766
321.8859620129142
321.6818815222264
321.4779950551328
321.27430236576186
321.0708032086309
320.867497338646
320.6643845111014
320.4614644816778
320.25873700644297
320.05620184185034
319.85385874473786
319.65170747232776
319.44974778222615
319.24797943242083
319.0464021812839
318.84501578756635
318.64382001040053
318.4428146092988
318.24199934415265
318.04137397523203
317.8409382631845
317.6406919690347
317.44063485418303
317.2407666804068
317.041087209857
316.8415962050584
316.642293428911
316.443178644686
316.2442516160263
316.04551210694785
315.84695988183626
315.64859470544616
315.4504163429033
315.2524245597009
315.05461912170045
314.8569997951297
314.6595663465837
314.46231854302323
314.2652561517739
314.0683789405265
313.8716866773342
313.6751791306134
313.4788560691445
313.28271726206754
313.08676247888616
312.89099148946
312.695404064013
312.499999973125
312.3047789877364
312.10974087914235
311.9148854189974
311.72021237931176
311.52572153245126
311.33141265113596
311.1372855084407
310.94333987779487
310.7495755329801
310.5559922481287
310.3625897977274
310.1693679566132
309.97632649997183
309.7834652033399
309.5907838426041
309.3982821939961
309.20596003410026
309.0138171398431
308.8218532885013
308.63006825769486
308.43846182539085
308.2470337698991
308.0557838698746
307.8647119043146
307.67381765256005
307.4831008942927
307.29256140953635
307.10219897865466
306.91201338235277
306.7220044016742
306.5321718180012
306.3425154130544
306.15303496889226
305.9637302679096
305.77460109283817
305.58564722674424
305.39686845303055
305.2082645554331
305.0198353180226
304.8315805252024
304.6434999617081
304.45559341260775
304.26786066330067
304.08030149951696
303.892915707317
303.7057030730889
303.5186633835523
303.3317964257541
303.14510198706785
302.9585798551958
302.7722298181652
302.58605166433045
302.40004518237026
302.2142101612881
302.02854639041186
301.8430536593931
301.6577317582056
301.47258047714604
301.28759960683163
301.1027889382028
300.9181482625183
300.7336773713579
300.5493760566203
300.3652441105229
300.1812813256021
299.997487494711
299.8138624110193
299.6304058680149
299.44711765949876
299.2639975795889
299.0810454227187
298.8982609836347
298.7156440573958
298.53319443937596
298.35091192525965
298.16879631104393
297.986847393038
297.80506496785995
297.62344883243895
297.44199878401344
297.26071462013124
297.0795961386483
296.8986431377284
296.71785541584154
296.537232771766
296.3567750045851
296.1764819136895
295.99635329877185
295.81638895983275
295.63658869717324
295.45695231140013
295.27747960342185
295.09817037445055
294.9190244259978
294.7400415598786
294.561221578207
294.38256428339776
294.204069478165
294.02573696552156
293.8475665487797
293.6695580315479
293.4917112177335
293.31402591154006
293.13650191746683
292.95913904030965
292.7819370851592
292.6048958574013
292.4280151627143
292.2512948070722
292.074734596741
291.89833433827835
291.7220938385356
291.54601290465496
291.3700913440689
291.19432896450144
291.0187255739652
290.84328098076287
290.6679949934857
290.4928674210144
290.3178980725155
290.14308675744394
289.9684332855413
289.7939374668365
289.6195991116416
289.4454180305561
289.271394034462
289.0975269345288
288.9238165422071
288.75026266922964
288.5768651276161
288.4036237296642
288.2305382879548
288.05760861534964
287.88483452499145
287.7122158303029
287.5397523449859
287.36744388302225
287.195290258671
287.0232912864707
286.8514467812365
286.6797565580613
286.50822043231517
286.336838219642
286.16560973596364
285.99453479747626
285.8236132206505
285.6528448222308
285.48222941923586
285.31176682895716
285.14145686895995
284.97129935707983
284.80129411142457
284.6314409503741
284.4617396925787
284.292190156958
284.12279216270247
283.95354552927085
283.7844500763921
283.6155056240625
283.4467119925457
283.2780690023732
283.10957647434395
282.9412342295218
282.77304208923874
282.6049998750897
282.43710740893675
282.269364512905
282.10177100938455
281.93432672102836
281.76703147075204
281.5998850817351
281.43288737741966
281.2660381815063
281.09933731796076
280.93278461100726
280.7663798851303
280.6001229650746
280.4340136758463
280.2680518427063
280.10223729117706
279.9365698470382
279.7710493363263
279.605675585336
279.4404484206184
279.2753676689796
279.1104331574828
278.94564471344586
278.7810021644415
278.61650533829663
278.4521540630926
278.2879481671632
278.12388747909665
277.9599718277327
277.7962010421633
277.63257495173224
277.46909338603444
277.3057561749162
277.14256314847273
276.9795141370514
276.81660897124664
276.653847481903
276.4912295001144
276.3287548572207
276.1664233848119
276.00423491472384
275.8421892790395
275.6802863100885
275.51852584044514
275.3569077029321
275.1954317306138
275.03409775680154
274.8729056150504
274.7118551391585
274.55094616316876
274.3901785213643
274.22955204827485
274.0690665786691
273.90872194755775
273.74851799019484
273.5884545420719
273.4285314389239
273.26874851672426
273.10910561168635
272.94960256026275
272.7902391991441
272.6310153652603
272.47193089577866
272.31298562810383
272.1541793998776
271.9955120489789
271.836983413522
271.6785933318577
271.5203416425718
271.3622281844854
271.2042527966544
271.0464153183674
270.8887155891485
270.73115344875487
270.57372873717566
270.4164412946331
270.2592909615819
270.1022775787086
269.9454009869301
269.78866102739477
269.6320575414817
269.47559037079975
269.31925935718823
269.1630643427145
269.0070051696757
268.85108168059776
268.69529371823353
268.5396411255652
268.3841237458014
268.2287414223774
268.07349399895577
267.91838131942393
267.7634032278962
267.60855956871296
267.4538501864381
267.29927492586114
267.14483363199497
266.990526150076
266.8363523255648
266.6823120041455
266.5284050317242
266.374631254429
266.2209905186096
266.06748267083805
265.9141075579082
265.7608650268319
265.60775492484476
265.4547770993999
265.3019313981706
265.14921766905
264.99663576014916
264.84418551979877
264.6918667965458
264.5396794391568
264.3876232966152
264.23569821812
264.0839040530883
263.93224065115305
263.78070786216244
263.6293055361804
263.47803352348666
263.32689167457534
263.17587984015336
263.02499787114436
262.8742456186827
262.72362293411913
262.57312966901395
262.4227656751425
262.2725308044908
262.12242490925803
261.97244784185295
261.82259945489733
261.67287960122195
261.52328813386873
261.3738249060905
261.2244897713471
261.0752825833106
260.9262031958588
260.7772514630823
260.62842723927497
260.4797303789429
260.33116073679594
260.1827181677541
260.03440252694236
259.8862136696924
259.7381514515423
259.5902157282356
259.44240635572055
259.29472319015235
259.1471660878883
258.9997349054921
258.8524294997309
258.7052497275747
258.55819544619635
258.41126651297395
258.2644627854859
258.1177841215131
257.9712303790396
257.82480141624944
257.6784970915294
257.53231726346536
257.38626179084594
257.2403305326567
257.0945233480868
256.94884009652185
256.803280637548
256.6578448309499
256.51253253671075
256.367343615012
256.22227792623244
256.0773353309494
255.93251568993506
255.78781886416147
255.64324471479435
255.49879310319693
255.35446389092868
255.21025693974315
255.06617211158994
254.92220926861327
254.7783682731516
254.63464898773822
254.49105127509912
254.34757499815447
254.20422002001828
254.06098620399518
253.91787341358486
253.77488151247707
253.63201036455558
253.48925983389327
253.34662978475654
253.20412008160076
253.0617305890729
252.91946117200973
252.77731169543853
252.63528202457576
252.49337202482644
252.35158156178588
252.20991050123814
252.0683587091531
251.92692605169208
251.78561239520167
251.64441760621747
251.50334155145947
251.36238409783772
251.22154511244705
251.08082446256807
250.9402220156677
250.7997376393981
250.65937120159782
250.51912257028835
250.37899161367693
250.23897820015497
250.09908219829742
249.9593034768631
249.81964190479397
249.68009735121547
249.54066968543538
249.40135877694405
249.26216449541363
249.12308671069823
248.98412529283337
248.84528011203602
248.70655103870445
248.56793794341613
248.42944069693004
248.29105917018455
248.1527932342977
248.01464276056714
247.87660762047022
247.7386876856614
247.600882827975
247.46319291942368
247.32561783219654
247.18815743866134
247.05081161136334
246.9135802230241
246.77646314654237
246.63946025499283
246.50257142162695
246.36579651987137
246.22913542332893
246.09258800577618
245.95615414116725
245.81983370362815
245.68362656746154
245.54753260714176
245.4115516973198
245.27568371281774
245.13992852863205
245.0042860199319
244.86875606205922
244.73333853052787
244.59803330102324
244.4628402494047
244.3277592517005
244.19279018411146
244.05793292301001
243.92318734493728
243.78855332660643
243.65403074489967
243.51961947686988
243.38531939973888
243.25113039089678
243.11705232790604
242.98308508849254
242.8492285505555
242.7154825921595
242.581847091538
242.4483219270914
242.31490697738724
242.18160212116152
242.04840723731547
241.91532220491717
241.78234690320102
241.64948121156743
241.51672500958225
241.38407817697595
241.25154059364615
241.11911213965436
240.98679269522435
240.85458214074777
240.7224803567774
240.5904872240328
240.45860262339323
240.32682643590474
240.19515854277347
240.06359882536964
239.9321471652264
239.80080344403717
239.66956754365916
239.5384393461101
239.4074187335692
239.27650558837715
239.14569979303542
239.0150012302046
238.88440978270762
238.75392533352664
238.62354776580264
238.4932769628374
238.3631128080916
238.2330551851841
238.1031039778934
237.97325907015676
237.84352034606735
237.71388768987987
237.5843609860031
237.45494011900632
237.32562497361266
237.19641543470567
237.06731138732349
236.93831271666102
236.80941930806858
236.6806310470535
236.5519478192786
236.42336951056188
236.294896006876
236.16652719434944
236.038262959264
235.91010318805692
235.78204776731926
235.6540965837956
235.52624952438475
235.39850647613798
235.27086732626086
235.1433319621108
235.01590027119818
234.88857214118573
234.761347459889
234.63422611527352
234.50720799545883
234.38029298871356
234.2534809834592
234.12677186826792
234.00016553186146
233.87366186311266
233.74726075104485
233.62096208483038
233.49476575379148
233.3686716474012
233.24267965528009
233.1167896671984
232.99100157307413
232.8653152629752
232.7397306271169
232.61424755586225
232.4888659397228
232.3635856693573
232.23840663557132
232.1133287293182
231.98835184169718
231.86347586395476
231.73870068748383
231.61402620382188
231.48945230465483
231.36497888181225
231.24060582726895
231.11633303314625
230.9921603917099
230.8680877953692
230.7441151366794
230.62024230833921
230.49646920319094
230.37279571422198
230.24922173456164
230.12574715748343
230.0023718764037
229.87909578488149
229.75591877661938
229.63284074545993
229.50986158539064
229.38698119053896
229.26419945517534
229.14151627371024
229.01893154069688
228.8964451508284
228.77405699893882
228.65176698000346
228.52957498913668
228.40748092159419
228.2854846727709
228.16358613820168
228.04178521355982
227.92008179465967
227.79847577745267
227.67696705803036
227.55555553262224
227.434241097596
227.31302364945745
227.1919030848498
227.0708793005561
226.94995219349423
226.82912166071952
226.7083875994265
226.5877499069443
226.4672084807388
226.34676321841334
226.22641401770642
226.10616077649303
225.98600339278306
225.86594176472255
225.745975790593
225.62610536881004
225.50633039792476
225.38665077662267
225.26706640372382
225.14757717818208
225.02818299908515
224.9088837656555
224.7896793772482
224.670569733352
224.5515547335888
224.4326342777129
224.31380826561147
224.19507659730505
224.07643917294513
223.95789589281628
223.83944665733387
223.72109136704668
223.60282992263194
223.48466222490237
223.36658817479724
223.2486076733893
223.1307206218815
223.01292692160666
222.8952264740281
222.77761918073895
222.6601049434627
222.54268366405108
222.42535524448763
222.30811958688128
222.19097659347386
222.07392616663327
221.9569682088574
221.8401026227716
221.72332931113016
221.6066481768141
221.49005912283343
221.37356205232538
221.25715686855398
221.14084347491126
221.02462177491515
220.90849167221074
220.7924530705706
220.67650587389176
220.56064998619888
220.44488531164254
220.32921175449786
220.21362921916662
220.09813761017534
219.9827368321765
219.8674267899463
219.75220738838624
219.63707853252308
219.52204012750713
219.4070920786127
219.29223429123851
219.1774666709079
219.0627891232657
218.94820155408203
218.83370386924872
218.71929597478203
218.6049777768202
218.4907491816242
218.37661009557706
218.26256042518511
218.14860007707568
218.03472895799848
217.92094697482435
217.80725403454642
217.69365004427817
217.58013491125536
217.46670854283298
217.3533708464883
217.24012172981844
217.12696110054046
217.01388886649266
216.9009049356339
216.7880092160387
216.67520161590468
216.56248204354858
216.4498504074059
216.3373066160321
216.22485057809956
216.11248220240043
216.00020139784596
215.8880080734642
215.7759021384024
215.6638835019256
215.55195207341575
215.4401077623735
215.32835047841536
215.21668013127726
215.10509663081018
214.99359988698308
214.88218980988051
214.77086630970382
214.65962929677175
214.54847868151728
214.43741437449103
214.32643628635765
214.21554432789912
214.1047384100119
213.99401844370712
213.8833843401123
213.77283601046807
213.6623733661309
213.55199631857153
213.44170477937564
213.33149866024144
213.22137787298243
213.11134232952492
213.00139194191087
212.89152662229196
212.78174628293687
212.6720508362254
212.56244019465012
212.45291427081796
212.34347297744654
212.23411622736654
212.1248439335216
212.01565600896555
211.90655236686575
211.79753292050097
211.68859758326113
211.57974626864697
211.47097889027225
211.36229536185922
211.2536955972426
211.1451795103679
211.03674701529036
210.9283980261753
210.82013245729928
210.71195022304715
210.60385123791633
210.49583541651077
210.38790267354563
210.28005292384518
210.1722860823425
210.0646020640797
209.95700078420805
209.8494821579868
209.7420461007846
209.63469252807744
209.5274213554497
209.42023249859432
209.31312587331118
209.20610139550803
209.0991589812003
208.99229854651156
208.8855200076704
208.77882328101353
208.6722082829853
208.5656749301359
208.4592231391224
208.35285282670623
208.24656390975838
208.14035630525248
208.03422993027021
207.92818470199904
207.82222053772972
207.7163373548606
207.61053507089449
207.50481360343878
207.39917287020603
207.29361278901393
207.1881332777838
207.08273425454257
206.97741563742017
206.8721773446515
206.76701929457448
206.6619414056316
206.5569435963685
206.45202578543532
206.3471878915834
206.24242983366827
206.13775153064933
206.03315290158758
205.92863386564744
205.8241943420943
205.71983425029822
205.6155535097294
205.5113520399619
205.40722976066957
205.30318659162987
205.19922245272033
205.09533726392124
204.9915309453133
204.88780341707758
204.7841545994982
204.68058441295858
204.57709277794302
204.47367961503585
204.37034484492273
204.2670883883892
204.16391016631962
204.06081009970103
203.95778810961656
203.85484411725264
203.75197804389148
203.64918981091722
203.54647933981198
203.44384655215816
203.3412913696344
203.23881371402075
203.13641350719385
203.0340906711299
202.93184512790313
202.82967679968516
202.7275856087461
202.62557147745355
202.52363432827408
202.42177408376932
202.31999066660046
202.21828399952415
202.11665400539573
202.0151006071664
201.91362372788373
201.81222329069328
201.71089921883663
201.60965143565033
201.5084798645692
201.40738442912235
201.3063650529355
201.20542165973006
201.1045541733235
201.00376251762847
200.9030466166518
200.8024063944979
200.7018417753634
200.6013526835412
200.50093904342015
200.40060077948192
200.30033781630274
200.20015007855392
200.1000374910007
199.99999997850227
199.90003746601133
199.80014987857538
199.70033714133433
199.60059917952253
199.5009359184667
199.40134728358794
199.30183320039907
199.2023935945069
199.1030283916102
199.00373751750175
198.9045208980644
198.8053784592758
198.70631012720492
198.6073158280119
198.5083954879504
198.40954903336467
198.31077639069122
198.2120774864582
198.11345224728473
198.01490059988066
197.91642247104892
197.81801778768101
197.71968647676147
197.62142846536415
197.52324368065328
197.4251320498849
197.32709350040403
197.22912795964646
197.13123535513844
197.0334156144952
196.93566866542216
196.8379944357149
196.7403928532571
196.64286384602363
196.54540734207774
196.44802326957114
196.35071155674552
196.25347213193083
196.15630492354632
196.05920986009895
195.96218687018444
195.8652358824877
195.76835682578064
195.67154962892403
195.57481422086582
195.47815053064187
195.38155848737702
195.28503802028177
195.1885890586557
195.09221153188406
194.99590536944015
194.8996705008845
194.80350685586433
194.70741436411265
194.61139295545036
194.51544255978487
194.4195631071093
194.32375452750318
194.22801675113178
194.13234970824755
194.03675332918783
193.9412275443754
193.84577228431985
193.75038747961503
193.65507306094204
193.5598289590638
193.4646551048322
193.36955142918134
193.2745178631315
193.1795543377876
193.08466078433793
192.9898371340575
192.89508331830382
192.80039926851936
192.70578491623058
192.6112401930482
192.51676503066574
192.42235936086217
192.3280231154987
192.23375622652048
192.13955862595614
192.04543024591771
191.95137101859956
191.85738087628008
191.76345975131966
191.66960757616243
191.57582428333433
191.48210980544354
191.38846407518193
191.29488702532228
191.20137858872
191.10793869831377
191.0145672871215
190.92126428824622
190.82802963486898
190.7348632602558
190.6417650977519
190.5487350807844
190.45577314286243
190.3628792175751
190.27005323859237
190.17729513966623
190.0846048546288
189.991982317392
189.89942746194959
189.8069402223754
189.71452053282235
189.62216832752426
189.52988354079622
189.43766610703102
189.34551596070204
189.25343303636336
189.16141726864728
189.06946859226588
188.97758694201153
188.88577225275435
188.79402445944444
188.70234349711018
188.61072930085965
188.51918180587924
188.4277009474338
188.33628666086724
188.2449388816011
188.1536575451362
188.06244258705044
187.9712939430008
187.88021154872138
187.78919534002458
187.69824525279998
187.60736122301557
187.51654318671677
187.42579108002508
187.33510483914063
187.24448440034098
187.15392969997907
187.06344067448651
186.9730172603704
186.8826593942154
186.7923670126828
186.70214005250972
186.61197845050992
186.5218821435737
186.4318510686673
186.34188516283302
186.25198436318954
186.16214860692986
186.07237783132518
185.98267197371928
185.89303097153444
185.80345476226634
185.7139432834869
185.62449647284228
185.53511426805477
185.4457966069211
185.35654342731226
185.2673546671752
185.1782302645305
185.08917015747394
185.00017428417564
184.91124258287942
184.82237499190347
184.7335714496403
184.64483189455677
184.55615626519307
184.46754450016334
184.37899653815546
184.2905123179301
184.2020917783231
184.11373485824168
184.02544149666832
183.93721163265639
183.84904520533428
183.76094215390185
183.67290241763294
183.5849259358737
183.4970126480419
183.40916249362982
183.32137541219947
183.23365134338863
183.14599022690433
183.05839200252595
182.97085661010715
182.8833839895711
182.79597408091442
182.7086268242031
182.62134215957707
182.53412002724735
182.4469603674956
182.35986312067442
182.27282822720878
182.18585562759347
182.09894526239557
182.0120970722523
181.9253109978709
181.83858698003124
181.75192495958194
181.66532487744226
181.57878667460272
181.49231029212365
181.40589567113585
181.3195427528392
181.23325147850437
181.1470217894718
181.06085362715203
180.97474693302394
180.88870164863775
180.80271771561164
180.7167950756338
180.6309336704618
180.5451334419223
180.45939433191103
180.37371628239197
180.28809923539907
180.2025431330348
180.11704791746965
180.03161353094305
179.94623991576321
179.86092701430658
179.77567476901794
179.69048312240926
179.6053520170624
179.52028139562543
179.43527120081586
179.35032137541805
179.26543186228457
179.1806026043341
179.09583354455543
179.01112462600258
178.9264757917985
178.84188698513185
178.75735814925895
178.67288922750365
178.58848016325703
178.5041308999747
178.41984138118312
178.3356115504709
178.25144135149674
178.16733072798343
178.08327962372152
177.9992879825673
177.9153557484433
177.83148286533796
177.74766927730602
177.66391492846898
177.58021976301214
177.49658372518758
177.41300675931348
177.32948880977267
177.2460298210143
177.1626297375527
177.0792885039657
176.99600606489895
176.91278236506156
176.82961734922856
176.74651096223909
176.66346314899658
176.5804738544706
176.49754302369473
176.41467060176683
176.33185653384902
176.24910076516863
176.16640324101655
176.08376390674744
176.00118270778125
175.91865958960102
175.83619449775387
175.75378737785076
175.67143817556627
175.5891468366385
175.50691330686948
175.42473753212485
175.3426194583323
175.26055903148418
175.1785561976356
175.09661090290473
175.01472309347218
174.9328927155821
174.85111971554198
174.7694040397207
174.6877456345514
174.6061444465274
174.5246004222071
174.44311350821008
174.3616836512174
174.2803107979739
174.1989948952862
174.11773589002166
174.03653372911077
173.95538835954665
173.87429972838137
173.79326778273173
173.71229246977498
173.63137373674886
173.5505115309544
173.46970579975212
173.38895649056536
173.3082635508785
173.22762692823565
173.14704657024257
173.06652242456704
172.98605443893632
172.90564256113822
172.82528673902328
172.74498692049997
172.6647430535391
172.5845550861707
172.50442296648606
172.42434664263723
172.34432606283355
172.26436117534843
172.18445192851158
172.10459827071548
172.02480015041036
171.94505751610768
171.8653703163777
171.7857384998506
171.70616201521574
171.62664081122222
171.54717483667838
171.46776404045147
171.3884083714691
171.30910777871577
171.22986221123742
171.15067161813633
171.0715359485771
170.99245515177898
170.91342917702252
170.8344579736472
170.75554149104863
170.67667967868346
170.59787248606446
170.51911986276463
170.4404217584141
170.36177812270088
170.283188905371
170.20465405622946
170.12617352513837
170.0477472620174
169.9693752168448
169.89105733965482
169.81279358054118
169.73458388965446
169.65642821720166
169.5783265134475
169.50027872871505
169.42228481338321
169.3443447178886
169.26645839272402
169.1886257884406
169.11084685564538
169.0331215450017
168.955449807231
168.87783159311005
168.80026685347252
168.72275553920838
168.6452976012646
168.56789299064366
168.49054165840494
168.41324355566294
168.33599863358978
168.25880684341155
168.18166813641227
168.10458246393029
168.02754977736038
167.95057002815327
167.8736431678139
167.79676914790448
167.71994792004182
167.6431794358982
167.5664636472004
167.48980050573232
167.41318996333106
167.3366319718897
167.26012648335603
167.18367344973274
167.1072728230783
167.03092455550424
166.9546285991788
166.87838490632203
166.8021934292114
166.72605412017737
166.64996693160498
166.57393181593392
166.49794872565724
166.4220176133229
166.34613843153335
166.27031113294404
166.19453567026446
166.11881199625952
166.04314006374537
165.96751982559397
165.89195123473036
165.81643424413244
165.74096880683297
165.66555487591648
165.59019240452238
165.51488134584218
165.43962165312126
165.3644132796581
165.28925617880384
165.21415030396372
165.13909560859395
165.06409204620513
164.98913957036154
164.9142381346765
164.83938769281983
164.76458819851223
164.68983960552663
164.6151418676894
164.54049493887769
164.46589877302281
164.3913533241069
164.3168585461649
164.24241439328364
164.1680208196015
164.09367777930964
164.0193852266502
163.9451431159176
163.87095140145823
163.79681003766947
163.72271897900066
163.64867817995224
163.5746875950769
163.50074717897778
163.4268568863097
163.35301667177848
163.27922649014215
163.20548629620833
163.1317960448368
163.05815569093681
162.9845651894707
162.911024495449
162.83753356393532
162.7640923500433
162.6907008089358
162.61735889582758
162.54406656598405
162.4708237747201
162.39763047740138
162.32448662944364
162.25139218631352
162.17834710352713
162.10535133664996
162.03240484129861
161.95950757313943
161.88665948788807
161.8138605413112
161.74111068922338
161.6684098874902
161.59575809202616
161.52315525879578
161.45060134381276
161.37809630314013
161.30564009289043
161.23323266922455
161.16087398835487
161.0885640065398
161.01630268008904
160.94408996536137
160.87192581876218
160.79981019674838
160.727743055824
160.6557243525427
160.58375404350602
160.51183208536523
160.4399584348187
160.36813304861408
160.2963558835475
160.22462689646318
160.15294604425364
160.08131328385969
160.00972857227003
159.93819186652178
159.8667031236996
159.79526230093683
159.7238693554139
159.65252424435977
159.5812269250503
159.5099773548098
159.43877549100992
159.36762129106995
159.2965147124566
159.22545571268415
159.15444424931354
159.08348027995396
159.01256376226155
158.94169465393972
158.87087291273883
158.80009849645546
158.7293713629352
158.6586914700688
158.58805877579402
158.5174732380966
158.44693481500852
158.37644346460735
158.30599914501875
158.23560181441346
158.16525143101123
158.09494795307475
158.0246913389161
157.95448154689188
157.88431853540584
157.81420226290734
157.7441326878923
157.6741097689024
157.6041334645251
157.5342037333956
157.4643205341918
157.39448382563978
157.32469356651103
157.2549497156216
157.1852522318349
157.1156010740587
157.04599620124606
156.97643757239652
156.90692514655433
156.8374588828101
156.76803874029736
156.6986646781972
156.62933665573505
156.560054632181
156.4908185668512
156.4216284191054
156.35248414834922
156.28338571403322
156.21433307565172
156.1453261927454
156.07636502489817
156.0074495317387
155.93857967294156
155.86975540822408
155.8009766973491
155.73224350012373
155.6635557763986
155.59491348606963
155.5263165890762
155.45776504540257
155.38925881507595
155.32079785816956
155.2523821347985
155.18401160512235
155.11568622934533
155.04740596771393
154.97917078052086
154.9109806281
154.8428354708305
154.77473526913315
154.70667998347565
154.63866957436505
154.5707040023547
154.5027832280403
154.4349072120611
154.36707591509878
154.29928929787877
154.2315473211698
154.16384994578414
154.09619713257536
154.0285888424417
153.96102503632278
153.89350567520256
153.8260307201063
153.75860013210382
153.69121387230507
153.6238719018649
153.55657418197984
153.48932067388802
153.42211133887156
153.35494613825466
153.28782503340187
153.22074798572325
153.15371495666878
153.08672590773062
153.0197808004444
152.9528795963865
152.88602225717582
152.81920874447343
152.7524390199822
152.68571304544542
152.61903078265084
152.5523921934253
152.4857972396395
152.4192458832033
152.3527380860713
152.28627381023614
152.21985301773435
152.15347567064265
152.08714173107995
152.02085116120585
151.95460392322093
151.88839997936748
151.82223929192878
151.7561218232293
151.69004753563428
151.62401639154962
151.55802835342303
151.4920833837424
151.42618144503618
151.36032249987397
151.2945065108663
151.2287334406642
151.16300325195863
151.09731590748225
151.03167137000668
150.96606960234536
150.90051056735177
150.8349942279189
150.769520546981
150.70408948751208
150.6387010125262
150.57335508507765
150.50805166826188
150.44279072521186
150.3775722191029
150.31239611314902
150.2472623706043
150.1821709547621
150.11712182895695
150.05211495656175
149.98715030098953
149.92222782569303
149.85734749416469
149.79250926993527
149.72771311657658
149.6629589976989
149.5982468769517
149.53357671802425
149.4689484846453
149.40436214058172
149.33981764964037
149.27531497566656
149.21085408254538
149.14643493420078
149.08205749459546
149.0177217277302
148.9534275976457
148.88917506842154
148.82496410417502
148.76079466906288
148.69666672728044
148.6325802430609
148.56853518067697
148.50453150443977
148.44056917869761
148.3766481678386
148.3127684362886
148.2489299485117
148.1851326690104
148.1213765623254
148.05766159303408
147.99398772575535
147.9303549251431
147.8667631558897
147.80321238272631
147.73970257042174
147.67623368378236
147.61280568765198
147.5494185469136
147.48607222648542
147.4227666913265
147.35950190643072
147.29627783683105
147.23309444759684
147.1699517038361
147.10684957069353
147.04378801335145
146.98076699702932
146.91778648698363
146.85484644850834
146.791946846935
146.72908764763167
146.6662688160034
146.6034903174924
146.54075211757885
146.4780541817783
146.4153964756439
146.35277896476572
146.2902016147708
146.22766439132172
146.16516726011923
146.1027101869005
146.0402931374378
145.97791607754186
145.91557897305927
145.8532817898722
145.7910244939007
145.72880705109986
145.66662942746154
145.6044915890145
145.54239350182283
145.48033513198726
145.41831644564476
145.35633740896753
145.294397988165
145.23249814948193
145.1706378591993
145.10881708363326
145.04703578913671
144.98529394209848
144.9235915089415
144.86192845612675
144.80030475014934
144.7387203575404
144.67717524486685
144.61566937873042
144.55420272576902
144.4927752526562
144.4313869261
144.3700377128445
144.30872757966935
144.24745649338917
144.1862244208524
144.12503132894523
144.06387718458728
144.00276195473327
143.94168560637388
143.88064810653367
143.81964942227353
143.75868952068777
143.69776836890674
143.63688593409438
143.5760421834506
143.51523708420973
143.45447060363995
143.3937427090459
143.33305336776482
143.27240254716878
143.21179021466628
143.15121633769792
143.09068088374013
143.03018382030353
142.9697251149325
142.9093047352061
142.84892264873713
142.78857882317433
142.7282732261985
142.6680058255251
142.6077765889044
142.54758548412025
142.48743247899048
142.42731754136673
142.3672406391351
142.30720174021423
142.24720081255856
142.1872378241546
142.12731274302314
142.06742553721915
142.0075761748304
141.947764623979
141.8879908528201
141.82825482954257