1
1.5999957970896187e9
4.000000040628284e8
1.7777778049139962e8
1.000000020385695e8
6.400000163354135e7
4.444444580796939e7
3.2653062395147532e7
2.5000001026008435e7
1.975308733325709e7
1.6000000823500652e7
1.3223140868044388e7
1.1111111452553347e7
9.467455936738057e6
8.163265451974571e6
7.111111247295763e6
6.250000127725624e6
5.536332300192582e6
4.938271718565544e6
4.432133071680056e6
4.0000001023486187e6
3.628118011347119e6
3.3057852170875953e6
3.024574758295645e6
2.777777820300499e6
2.560000040830214e6
2.366863944593341e6
2.194787417793874e6
2.0408163630086598e6
1.9024970625758208e6
1.7777778118379577e6
1.6649323950910291e6
1.5625000319445473e6
1.4692378638570937e6
1.3840830750605147e6
1.3061224782040454e6
1.2345679296530685e6
1.1687363315275523e6
1.108033267931083e6
1.0519395397266063e6
1.0000000255976713e6
951814.4211712078
907029.4906024007
865332.6240859681
826446.2925864562
790123.46812835
756143.6783896715
724309.6532300969
694444.4550773131
666389.0149983668
640000.0102096538
615148.0300028044
591715.986150355
569597.7312438344
548696.8544504136
528925.6291209874
510204.09075404104
492459.22718327586
475624.265645767
459638.04370765894
444444.4529612408
429991.946029207
416233.0987744526
403124.22076175804
390625.00798777957
378698.2327177698
367309.46596586664
356426.82875075913
346020.7687666751
336063.8595446669
326530.61955251364
317397.34900269395
308641.9824147279
300243.95521738095
292184.0828833096
284444.4512683889
277008.3169841548
269860.0167678145
262984.88493299996
256369.17808820357
250000.00000000035
243865.26444139646
237953.59904818595
232254.31847873452
226757.3696145127
221453.2871972321
216333.1530557061
211388.55859426636
206611.57024793414
201994.69763918722
197530.86419753113
193213.38002656712
189035.91682419684
184992.4846803102
181077.41059302885
177285.31855955705
173611.11111111144
170049.95217345134
166597.25114535642
163248.64809713335
160000.0000000004
156847.36790510762
153787.00499807802
150815.34546140104
147928.99408284057
145124.71655328834
142399.43040227875
139750.1965237143
137174.21124828563
134668.79892264993
132231.40495867806
129859.58931904913
127551.02040816359
125303.46933980763
123114.80455524808
120982.98676748613
118906.06420927498
116882.16816421968
114909.5087618503
112986.37101899611
111111.11111111136
109282.15285841156
107497.9844127925
105757.15513252711
104058.2726326745
102400.00000000025
100781.05316200577
99200.19840039701
97656.25000000017
96148.06802475831
94674.55621301793
93234.65998484957
91827.36455463746
90451.69314263113
89106.70527957243
87791.49519890273
86505.19031141883
85246.94975757913
84015.96303297642
82811.44868278054
81632.65306122457
80478.84915245722
79349.3354493157
78243.43488679163
77160.49382716055
76099.88109393588
75060.98705197981
74043.22273126947
73046.01899196504
72068.82572857093
71111.11111111121
70172.36086136586
69252.07756232694
68349.77999914577
67465.00252993772
66597.29448491166
65746.21959237353
64911.355430240685
64092.29290177868
63288.63573434604
62500.00000000007
61726.01365688064
60966.316110349115
60220.55779291661
59488.39976204651
58769.51331496796
58063.57961968364
57370.28936139704
56689.342403628165
56020.447463324155
55363.321799308
54717.69091344351
54083.288263926486
53459.85499014341
52847.139648566634
52244.89795918374
51652.892561983565
51070.892783044525
50498.67440979682
49936.01947504765
49382.716049382776
48838.558041573866
48303.34500664178
47776.88196124106
47258.97920604921
46749.452154857616
46248.12117007753
45754.81140438679
45269.35264825722
44791.57918311365
44321.32963988925
43858.44686275053
43402.77777777785
42954.17326639653
42512.48804336285
42077.58053911911
41649.31278633913
41227.55031049507
40812.16202428333
40403.020125754505
40000.000000000124
39602.98012425444
39211.84197627692
38826.46994588569
38446.75124951949
38072.575847709784
37703.83636535027
37340.428014656216
36982.24852071015
36629.198049495295
36281.17913832209
35938.096628557396
35599.85760056971
35266.37131080702
34937.54913092856
34613.30448891301
34293.55281207142
33978.211471893745
33667.19973066261
33360.43868976894
33057.851239669595
32759.362011425008
32464.897329762378
32174.38516760861
31887.755102041
31604.93827160512
31325.867334952003
31050.476430747905
30778.70113881211
30510.478442440235
30245.746691871624
29984.445568861323
29726.51605231884
29471.90038497687
29220.54204105501
28972.38569488472
28727.377190462666
28485.463511901744
28246.592754749112
28010.71409814269
27777.777777777923
27547.735059658215
27320.538214602984
27096.140493488616
26874.496103198217
26655.560183257123
26439.288783131873
26225.638840171265
26014.568158168724
25806.035386526164
25600.00000000015
25396.422279011582
25195.263290501527
24996.48486931539
24800.04960009934
24605.920799692565
24414.06250000013
24224.4394313314
24037.017006189646
23851.761303498864
23668.639053254552
23487.617621585232
23308.664996212443
23131.749772296957
22956.84113865943
22783.908864364646
22612.92328565785
22443.8552932431
22276.67631989318
22111.358328381415
21947.873799725734
21786.195721735912
21626.29757785477
21468.153336285304
21311.737439394845
21157.02479338852
21003.99075824416
20852.611137901014
20702.86217069518
20554.720520034512
20408.16326530621
20263.16789301056
20119.71228811437
19977.774725617826
19837.33386232899
19698.36872883972
19560.85872169797
19424.78359577033
19290.123456790192
19156.85875408589
19024.970273484032
18894.439130383522
18765.246762995015
18637.374925741686
18510.805682817318
18385.521401895967
18261.504747991203
18138.738677459187
18017.206432142662
17896.891533651706
17777.777777777745
17659.84922903717
17543.090215341384
17427.485322789656
17313.019390581667
17199.67750604669
17087.44499978635
16976.307440927692
16866.250632484338
16757.26060682223
16649.323621227817
16542.426153575667
16436.554898093287
16331.696761220317
16227.838857560073
16124.968505920946
16023.073225444705
15922.14073182147
15822.15893358655
15723.115928499188
15625.00000000006
15527.799613746056
15431.503414220204
15336.10022141502
15241.579027587324
15147.92899408291
15055.139448229203
14963.199880294467
14872.099940511669
14781.82943616567
14692.378328742041
14603.73673113615
14515.894904920953
14428.843257672166
14342.572340349312
14257.07284473163
14172.335600907089
14088.351574813614
14005.111865831092
13922.6077044231
13840.830449827057
13759.771587791709
13679.422728360927
13599.775603702607
13520.822065981672
13442.554085276259
13364.963747535896
13288.043252580852
13211.784912141693
13136.181147938105
13061.224489795984
12986.907573802218
12913.223140495931
12840.164033095587
12767.723195761188
12695.893671890557
12624.668602449254
12554.041224332928
12484.00486876196
12414.552959707078
12345.679012345738
12277.376631548314
12209.63951039352
12142.46142871243
12075.836251660487
12009.75792831682
11944.220490310308
11879.218050471893
11814.744801512352
11750.79501472528
11687.363038714444
11624.443298145236
11562.030292519423
11500.118594973072
11438.702851096741
11377.777777777837
11317.338162064334
11257.37886004973
11197.894795778455
11138.880960171602
11080.332409972358
11022.244266710813
10964.611715687675
10907.430004976572
10850.694444444502
10794.400404790093
10738.543316599182
10683.118669417643
10628.122010840763
10573.54894561899
10519.395134779825
10465.656294765284
10412.328196584833
10359.40666498334
10306.887577623822
10254.766864284647
10203.040506070885
10151.704534639595
10100.755031438675
10050.188126959072
10000.000000000076
9950.18687694736
9900.745031063661
9851.670781791718
9802.960494069283
9754.61057765592
9706.61748647148
9658.977717945852
9611.687812379923
9564.74435231743
9518.143961927495
9471.883306397738
9425.959091337614
9380.368062191908
9335.1070036641
9290.172739149439
9245.562130177581
9201.272075864556
9157.299512373867
9113.64141238665
9070.29478458057
9027.25667311746
8984.524157139398
8942.09435027308
8899.964400142468
8858.131487889346
8816.592827701803
8775.345666350458
8734.387282732185
8693.714987421348
8653.326122228302
8613.218059765035
8573.388203017897
8533.833984927185
8494.552867973482
8455.54234377071
8416.799932665666
8378.32318334396
8340.109672442259
8302.157004166715
8264.462809917422
8227.024747918886
8189.840502856272
8152.907785517445
8116.224332440618
8079.787905567543
8043.596291902175
8007.647303174595
7971.938775510271
7936.468569104386
7901.234567901298
7866.234679278929
7831.46683373802
7796.928984596255
7762.6191076869945
7728.535201062733
7694.675284703048
7661.037400227023
7627.6196106100815
7594.419999905137
7561.436672967924
7528.667755186612
7496.1113922153545
7463.76574971201
7431.629013079727
7399.699387212456
7367.975096244233
7336.454383302287
7305.135510263774
7274.016757516165
7243.096423721201
7212.372825582347
7181.844297615686
7151.509191924218
7121.365877975459
7091.412742382337
7061.648188687299
7032.070637149613
7002.678524535696
6973.47030391261
6944.444444444504
6915.599431192011
6886.933764914576
6858.445961875675
6830.134553650768
6801.998086938099
6774.035123372178
6746.244239339945
6718.624025799578
6691.173088101902
6663.890045814304
6636.773532547217
6609.822195782996
6583.034696707312
6556.409710042842
6529.945923885378
6503.642039542203
6477.49677137276
6451.5088466315665
6425.6770053132905
6400.00000000006
6374.476595710834
6349.105569752923
6323.88571157554
6298.815822625407
6273.894716204356
6249.121217328874
6224.494162591629
6200.012400024862
6175.674788965675
6151.480199923161
6127.427514447383
6103.515625000059
6079.7434348270945
6056.109857832866
6032.61381845607
6009.254251547428
5986.030102248921
5962.940325874735
5939.983887790734
5917.159763310555
5894.466937563393
5871.9044053930465
5849.471171246964
5827.16624905313
5804.9886621315645
5782.93744307425
5761.01163364291
5739.210284664869
5717.532455930369
5695.977216091175
5674.543642560535
5653.230821414478
5632.037847294373
5610.963823310788
5590.0078609485945
5569.169079973306
5548.446608338661
5527.8395820953665
5507.347145301069
5486.968449931453
5466.702655792524
5446.548930433994
5426.506449063798
5406.574394463708
5386.751956906025
5367.038334071341
5347.432730967353
5327.934359848726
5308.542440137928
5289.256198347143
5270.07486800113
5250.997689561054
5232.023910349306
5213.152784475271
5194.383572761992
5175.715542673813
5157.1479682449
5138.680130008645
5120.3113149279825
5102.040816326568
5083.867933820785
5065.791973252656
5047.8122466235245
5029.92807202861
5012.138773592332
4994.443681404475
4976.8421314571
4959.333465582263
4941.917031390477
4924.592182209947
4907.358277026549
4890.214680424508
4873.1607625278675
4856.195898942596
4839.319470699469
4822.530864197567
4805.829471148536
4789.214688521481
4772.685918488521
4756.24256837102
4739.884050586446
4723.609782595892
4707.419186852214
4691.311690748764
4675.286726568807
4659.343731435456
4643.482147262264
4627.7014207043685
4612.001003110251
4596.3803504740345
4580.8389233883645
4565.376186997839
4549.991610953
4534.684669364837
4519.454840759863
4504.301608035709
4489.224458417184
4474.222883412969
4459.296378772668
4444.444444444473
4429.666584533298
4414.962307259333
4400.331124917178
4385.772553835392
4371.286114336484
4356.871330697459
4342.527731110713
4328.254847645462
4314.05221620954
4299.919376511716
4285.855872024373
4271.86124994663
4257.935061167926
4244.0768602319695
4230.286205301105
4216.562658121129
4202.905783986431
4189.315151705603
4175.790333567381
4162.330905307002
4148.936446072929
4135.606538393963
4122.3407681467
4109.138724523369
4096.000000000028
4082.924190305125
4069.9108943883875
4056.9597143900646
4044.0702556105457
4031.2421264802488
4018.474938529919
4005.7683063611894
3993.1218476175063
3980.5351829553792
3968.0079360159
3955.539733396651
3943.1302046238425
3930.7789821248093
3918.485701200799
3906.250000000028
3894.0715194910854
3881.9499034365344
3869.8847983669484
3857.8758535550705
3845.922720990364
3834.025055353775
3822.182513992806
3810.394756896854
3798.6614466727656
3786.982248520745
3775.356830210439
3763.78486205732
3752.2660168993043
3740.7999700736345
3729.3863993940113
3718.024985127938
3706.7154099743457
3695.457359041434
3684.2505198247572
3673.0945821855285
3661.9892383291617
3650.9341827840544
3639.9291123805715
3628.9737262302597
3618.0677257052785
3607.2108144180565
3596.40269820116
3585.6430850873467
3574.931685289862
3564.2682111829263
3553.6523772824216
3543.0839002267917
3532.5624987581173
3522.0878937034195
3511.659807956137
3501.277966457791
3490.9420961798514
3480.651926105793
3470.40718721332
3460.2076124567793
3450.052936749781
3439.942896947943
3429.877231831868
3419.8556820902513
3409.8779903031927
3399.9439009256685
3390.0531602711553
3380.2055164954336
3370.4007195805852
3360.638521319084
3350.9186752981072
3341.2409368839894
3331.605063206829
3322.010813145229
3312.4579473112462
3302.946228035439
3293.475419352083
3284.0452869845385
3274.6555983307735
3265.306122449011
3255.99663004352
3246.7268934505705
3237.4966866245177
3228.3057851239987
3219.153966098319
3210.0410082739163
3200.9666919410047
3191.930798940315
3182.9331126500047
3173.97341797266
3165.051501322434
3156.1671506123303
3147.3201552416
3138.5103060832503
3129.737395471697
3121.00121719051
3112.3015664603145
3103.638239926787
3095.0110356487585
3086.419753086454
3077.864193089842
3069.3441578870998
3060.8594510731537
3052.409877598395
3043.9952437574675
3035.615357178127
3027.270026810294
3018.959062915141
3010.6822770543054
3002.4394820792204
2994.2304921205287
2986.055122577596
2977.913190108149
2969.8045126179877
2961.7289092508063
2953.6862003781043
2945.676207589199
2937.6987536813363
2929.7536626498854
2921.84075967863
2913.959871130159
2906.110824536325
2898.2934485888345
2890.507573129874
2882.7530291428666
2875.029648743284
2867.337265169589
2859.6757127742017
2852.044827014597
2844.444444444476
2836.8744027049897
2829.3345405161026
2821.8246976679693
2814.344715012451
2806.8944344546608
2799.473698944628
2792.0823524690168
2784.720240042917
2777.3872077017254
2770.0831024931103
2762.807772468997
2755.561066677721
2748.342835156146
2741.1529289219334
2733.9911999658557
2726.857501244159
2719.7516866710375
2712.6736111111413
2705.623130372185
2698.600101197547
2691.604381259076
2684.63582914982
2677.6943043769015
2670.7796673544376
2663.8917793965047
2657.030502710216
2650.1957003887937
2643.3872364047734
2636.604975603207
2629.84878369498
2623.1185272501452
2616.414073691345
2609.7352912872775
2603.0820491462314
2596.454217209665
2589.851666245858
2583.274267843606
2576.7218944059796
2570.194419144137
2563.6917160711855
2557.2136599961095
2550.7601265177454
2544.330992018794
2537.926133659922
2531.5454293738812
2525.188757859692
2518.855998576887
2512.5470317397926
2506.2617383118554
2500.0000000000427
2493.761699249263
2487.546719236862
2481.3549438671407
2475.1862577659363
2469.0405462752615
2462.917695447953
2456.8175920424083
2450.740123517343
2444.6851780266006
2438.6526444140018
2432.642412208257
2426.654371617892
2420.6884135262435
2414.7444294864854
2408.822311716704
2402.921953095004
2397.0432471546756
2391.1860880793806
2385.350370698396
2379.5359904818974
2373.7428435362635
2367.970826599457
2362.2198370363985
2356.4897728344267
2350.7805325987547
2345.092015547999
2339.424121509729
2333.776750916046
2328.149804799231
2322.5431847873815
2316.9567931001425
2311.3905325444184
2305.844306510158
2300.3180189661607
2294.811574455919
2289.32487809349
2283.8578355594223
2278.410353096684
2272.9823375066635
2267.573696145164
2262.1843369184626
2256.8141682793866
2251.4630992234243
2246.13103928487
2240.8178985330023
2235.523587568292
2230.2480175186356
2224.991100035638
2219.752747290899
2214.5328719723575
2209.331387280642
2204.1482069254716
2198.983245122075
2193.8364165876355
2188.707636537778
2183.5968206830694
2178.50388522556
2173.42874685536
2168.371322747201
2163.331530557095
2158.3092884189555
2153.30451494128
2148.317129203858
2143.347050754496
2138.3941996057706
2133.4584962318168
2128.539861565126
2123.6382169933904
2118.7534843563535
2113.8855859426985
2109.034444486956
2104.199983166436
2099.382125598196
2094.580795836009
2089.795918367384
2085.027418110586
2080.275220411698
2075.539251041698
2070.819436193561
2066.1157024793756
2061.4279769275026
2056.7561869797414
2052.1002604885125
2047.4601257140885
2042.835711321813
2038.2269462965914
2033.6337603540906
2029.0560831101736
2024.4938449060928
2019.9469763919067
2015.4154086066148
2010.8990729755626
2006.3979013078315
2001.9118257936677
1997.4407790019395
1992.9846938775854
1988.5435037391167
1984.1171422761147
1979.7055435467505
1975.3086419753427
1970.9263723499075
1966.5586698197485
1962.205469893056
1957.8667084345236
1953.5423216629856
1949.2322461490817
1944.9364188129175
1940.6547769217664
1936.387258087778
1932.1338002657017
1927.8943417506339
1923.6688211757796
1919.4571775102318
1915.2593500567718
1911.075278449674
1906.9049026525386
1902.7481629561426
1898.6049999762997
1894.4753546517404
1890.3591682419985
1886.256382325339
1882.1669387966692
1878.0907798654898
1874.0278480538543
1869.9780861943354
1865.9414374280182
1861.9178452025094
1857.9072532699502
1853.9096056850453
1849.9248468031283
1845.9529212782154
1841.9937740610746
1838.0473503973367
1834.1135958255886
1830.1924561755009
1826.2838775659598
1822.3878064032185
1818.5041893790572
1814.6329734689618
1810.7741059303162
1806.927534300597
1803.093206395602
1799.2710703076725
1795.4610744039383
1791.6631673245738
1787.8772979810706
1784.103415554513
1780.3414694938801
1776.5914095143435
1772.8531855955985
1769.1267479801859
1765.412047171841
1761.7090339338492
1758.017659287418
1754.3378745100486
1750.6696311339383
1747.0128809443781
1743.3675759781684
1739.7336685220482
1736.1111111111404
1732.4998565273877
1728.899857798018
1725.3110681940304
1721.7334412286607
1718.1669306558897
1714.611490468935
1711.067074898785
1707.533638412709
1704.0111357128042
1700.4995217345418
1696.9987516453257
1693.5087808430596
1690.029564954734
1686.5610598350017
1683.1032215647915
1679.656006449911
1676.2193710196666
1672.793272025491
1669.3776664395937
1665.9725114535925
1662.5777644771867
1659.1933831368183
1655.8193252743529
1652.4555489457634
1649.1020124198303
1645.7586741768423
1642.4254929073181
1639.1024275107243
1635.789437094215
1632.4864809713602
1629.1935186609146
1625.9105098855666
1622.6374145707061
1619.374192843206
1616.1208050302062
1612.8772116579048
1609.6433734503705
1606.4192513283374
1603.2048064080395
1600.0000000000305