1
7.999865116598634e9
1.9999851955348523e9
8.888790194113904e8
4.9999259796963257e8
3.1999407844194543e8
2.2221728764774513e8
1.6326106186854127e8
1.2499628629097554e8
9.876213103623736e7
7.999702905500281e7
6.611300163074628e7
5.555307978748241e7
4.733499279132311e7
4.0814204460868426e7
3.55535715355064e7
3.1248139984984178e7
2.7679910300902635e7
2.468970468489061e7
2.21590985013513e7
1.9998512000528365e7
1.813917242987704e7
1.6527572898929065e7
1.5121579441832775e7
1.3887648900208076e7
1.2798808589811537e7
1.1833173941875538e7
1.0972833746084722e7
1.0203017879076838e7
9.511458066123217e6
8.887896055706892e6
8.3237010060106665e6
7.811569222197292e6
7.345286593570037e6
6.919539201885558e6
6.529761252633508e6
6.172012154079477e6
5.842876529592948e6
5.539382400591045e6
5.2589338619390745e6
4.999255388550315e6
4.758345532104181e6
4.534438241139089e6
4.325970403129972e6
4.131554201862806e6
3.949955130954442e6
3.7800705792379086e6
3.6209142377820346e6
3.4716014570148247e6
3.3313369274354205e6
3.1994040674765925e6
3.0751558534099828e6
2.9580068716184087e6
2.8474264105026815e6
2.7429324394571288e6
2.6440863470813725e6
2.55048833115261e6
2.461773349700639e6
2.377607556471342e6
2.297685155665416e6
2.2217256205229443e6
2.149471228434164e6
2.080684872069238e6
2.015148111759774e6
1.9526594392150287e6
1.8930327267656482e6
1.836095839819766e6
1.78168939319112e6
1.7296656344993564e6
1.6798874400178974e6
1.6322274102113359e6
1.5865670538099757e6
1.5427960506533335e6
1.5008115847303362e6
1.460517739879362e6
1.4218249515095456e6
1.3846495084857042e6
1.3489130999993468e6
1.3145424028417717e6
1.2814687050141154e6
1.2496275620636614e6
1.2189584829343688e6
1.1894046424699607e6
1.1609126180163063e6
1.1334320077319706e6
1.106915770857787e6
1.081319178264804e6
1.0566001903228648e6
1.032719142403068e6
1.0096385856701556e6
987323.1401883495
965739.359264143
944855.6040542942
924641.9275607808
905069.9672181227
886112.845353351
867745.0768660164
849942.4835358692
832682.1144199683
815942.1718496467
799701.9425816042
783941.7336969291
768642.8128774889
753787.3527213819
739358.3787882418
725339.7210915978
711715.9687793603
698472.4277651964
685595.0810932261
673070.5518363682
660886.0683448975
649029.4316766101
637488.9850534652
626253.5852018758
615312.5754450428
604655.7604259927
594273.3823493395
584156.0986383712
574294.9609119238
564681.3951926857
555307.1832651848
546164.4451077629
537245.622328402
528543.4625393747
520051.00461040455
511761.56474432524
503668.72332323773
495766.31247681304
488048.404327788
480509.2998728219
473143.51845976163
465945.7878250405
458911.0346573863
452034.3756563011
445311.1090558906
438736.7065865623
432306.80584893486
426017.20307597576
419863.8462609422
413842.8286301479
407950.3824409244
402182.8730863884
396536.79348979384
391008.75877232535
385595.50117919233
380293.8652498246
375100.80321883986
370013.37063526415
365028.7221882518
360144.1077282529
355356.8684732375
350664.433390211
346064.3157428157
341554.10979637294
337131.48767220636
332794.1963435708
328540.05476594454
324366.95113486453
320272.84026486246
316255.7410834346
312313.73423430166
308444.95978455583
304647.61503057386
300919.9523978639
297260.2774302826
293666.94686429726
290138.36678421
286672.9908544762
283269.3186254562
279925.8939091374
276641.30322153965
273414.1742886953
270243.17461325775
267127.01009893883
264064.42373012635
261054.19430416735
258095.13521392734
255186.09327836125
252325.94761894364
249513.6085799175
246748.01669041207
244028.14166659344
241352.98145208572
238721.56129499886
236132.9328599738
233586.17337373414
231080.38480271032
228614.69306136345
226188.24724991
223800.218920203
221449.80136858948
219136.2089546163
216858.67644450974
214616.4583784054
212408.82846035264
210235.0789701572
208094.52019617907
205986.47988823245
203910.30272977793
201865.34982863622
199850.99822548137
197866.6404194082
195911.68390990092
193985.5507545562
192087.6771419471
190217.5129790333
188374.52149256115
186558.1788439086
184767.97375686045
183003.4071578225
181263.99182799883
179549.25206708154
177858.7233680182
176191.95210244355
174548.49521637708
172927.91993580412
171329.8034817769
169753.7327946852
168199.3042673592
166666.12348668612
165153.80498342644
163661.9719899401
162190.25620553136
160738.2975691463
159305.744039156
157892.25137997535
156497.48295527743
155121.10952757095
153762.80906391604
152422.26654756727
151099.17379533654
149793.22928047826
148504.13796090707
147231.61111256605
145975.3661677683
144735.1265583436
143510.6215634285
142301.58616174216
141107.7608881977
139928.891694705
138764.72981502474
137615.03163353947
136479.55855781355
135358.07689481621
134250.35773068777
133156.17681393534
132075.31444194488
131007.5553507029
129952.68860762482
128910.50750739047
127880.8094706899
126863.39594578755
125858.07231281571
124864.64779071046
123882.93534670737
122912.751608317
121953.91677770257
121006.25454838513
120069.59202420402
119143.75964046469
118228.59108720385
117323.92323450942
116429.5960598324
115545.45257722872
114671.3387684748
113807.10351599837
112952.59853757202
112107.67832271458
111272.20007075129
110446.02363048308
109629.0114414161
108821.02847650746
108021.9421863814
107231.62244497321
106449.94149655933
105676.77390413334
104911.99649908891
104155.4883321721
103407.13062566622
102666.80672677475
101934.4020621669
101209.80409365421
100492.9022749649
99783.58800958595
99081.75460964198
98387.29725578312
97700.11295805206
97020.10051770462
96347.16048995651
95681.19514763055
95022.10844568007
94369.80598656482
93724.1949864545
93085.18424223896
92452.68409932268
91826.60642018166
91206.86455366295
90593.3733050066
89986.04890657055
89384.80898923984
88789.57255450168
88200.2599471689
87616.79282873482
87039.09415134243
86467.08813235212
85900.700229492
85339.8571165762
84784.48665977527
84234.51789442552
83689.88100236277
83150.50728976708
82616.32916550532
82087.28011995871
81563.29470432377
81044.30851037298
80530.25815066583
80021.08123919526
79516.7163724642
79017.10311097515
78522.18196112616
78031.89435750284
77546.1826455549
77064.9900646503
76588.26073149366
76115.93962390476
75647.97256494474
75184.3062073824
74724.88801849353
74269.66626518301
73818.58999942387
73371.6090440043
72928.67397857577
72489.73612599484
72054.74753895162
71623.66098687841
71196.42994313086
70773.00857243621
70353.35171860196
69937.41489247844
69525.15426016971
69116.52663148678
68711.48944863772
68310.00077514847
67912.0192850101
67517.5042520459
67126.4155394944
66738.71358980249
66354.35941462466
65973.31458502245
65595.54122186059
65221.00198639506
64849.660071048325
64481.4791903678
64116.42357216343
63754.45794882034
63395.54754878246
63039.658088203236
62686.75576276021
62336.80723962901
61989.77964961388
61645.64057943084
61304.35806414071
60965.90057972756
60630.23703582056
60297.33676855571
59967.16953357381
59639.70549915248
59314.91523946927
58992.769727991916
58673.24033099473
58356.29880119704
58041.917271521364
57730.06824896937
57420.724608612065
57113.8595876927
56809.44677983945
56507.46012938584
56207.87392579626
55910.66279819462
55615.80170999442
55323.26595362662
55033.03114536533
54745.07322024744
54459.368427085275
54175.8933235701
53894.62477146442
53615.53993188133
53338.61626064942
53063.83150376056
52791.163692900394
52520.591141058256
52252.092438215775
51985.6464471125
51721.232299086834
51458.8293899904
51198.41737617544
50939.97617055233
50683.485938716825
50428.92709514559
50176.28029945794
49925.52645274313
49676.64669395173
49429.62239634979
49184.43516403411
48941.066828508694
48699.4994453191
48459.71529074598
48221.696858554475
47985.42685679977
47750.888204687326
47518.06402948613
47286.9376634953
47057.49264106128
46829.71269564619
46603.58175694532
46379.08394805326
46156.20358267785
45934.92516240059
45715.23337398303
45497.11308671804
45280.54934982512
45065.527389889256
44852.03260834174
44640.05057898301
44429.56704554632
44220.56791930126
44013.039276696654
43806.96735704233
43602.3385602286
43399.139444482586
43197.35672416166
42996.97726758218
42797.988094883476
42600.37637592664
42404.12942822664
42209.234714918035
42015.67984275341
41823.4525601334
41632.54075516853
41442.93245377179
41254.61581778168
41067.57914311471
40881.81085794736
40697.299520926645
40514.033819409065
40332.002567726755
40151.19470548139
39971.599295864384
39793.20552400336
39616.00269533468
39439.98023400067
39265.12768127246
39091.434693996365
38918.891043065196
38747.48661191208
38577.21139502847
38408.05549650401
38240.00912858923
38073.06261028009
37907.206365924045
37742.43092384728
37578.72691500285
37416.08507163914
37254.496225988696
37093.951308976364
36934.44134894753
36775.957470414716
36618.490892823436
36462.03292933635
36306.574985635394
36152.10855874209
35998.62523585505
35846.11669320458
35694.57469492498
35543.99109194241
35394.357820879915
35245.6669029783
35097.91044303271
34951.08062834499
34805.169727691056
34660.17009030364
34516.074144869504
34372.87439854149
34230.563435964665
34089.133918316606
33948.57858236154
33808.890239518114
33670.06177494048
33532.08614661255
33394.95638445535
33258.665589446944
33123.2069327549
32988.5736548812
32854.75906481926
32721.756539222777
32589.559521586307
32458.161521437705
32327.556113541483
32197.736937113612
32068.69769504742
31940.432153149966
31812.93413938949
31686.197543152994
31560.216314514375
31434.984463512632
31310.49605944007
31186.74523014029
31063.726161315975
30941.43309584617
30819.860333112814
30699.00222833669
30578.853191922408
30459.40768881221
30340.660237848908
30222.605411146735
30105.23783347199
29988.55218163092
29872.543183866357
29757.20561926258
29642.534317143083
29528.52415655047
29415.17006558679
29302.467020907916
29190.410047169367
29078.994216411127
28968.214647614874
28858.06650610396
28748.545003032526
28639.64539486505
28531.362982862818
28423.69311257744
28316.63117335066
28210.17259782097
28104.312861436603
27999.047481975045
27894.372019068654
27790.282073736525
27686.77328792248
27583.841344039145
27481.481964517712
27379.690911363738
27278.463985718638
27177.797027426786
27077.685914608228
26978.126563236925
26879.11492672426
26780.64699550814
26682.718796647074
26585.3263934196
26488.4658849288
26392.133405711753
26296.325125354084
26201.03724810927
26106.2660125228
26012.007691061153
25918.25858974532
25825.015047789086
25732.273437241653
25640.030162635016
25548.281660635468
25457.02439969968
25366.254879734905
25275.96963176354
25186.16521759174
25096.838229482284
25007.985289831297
24919.603050849186
24831.68819424531
24744.237430916688
24657.247500640427
24570.715171770007
24484.637240935164
24399.010532745677
24313.831899498462
24229.098220888416
24144.80640372293
24060.95338163941
23977.536114826777
23894.551589749768
23811.9968188772
23729.86884041292
23648.164718030384
23566.881540610193
23486.016421980974
23405.566500663186
23325.52893961613
23245.90092598785
23166.679670868158
23087.86240904445
23009.44639876057
22931.42892147834
22853.80728164217
22776.57880644621
22699.740845604334
22623.290771122913
22547.225977076137
22471.54387938408
22396.24191559321
22321.317544659687
22246.768246734962
22172.591522954113
22098.784895226385
22025.34590602835
21952.272118199464
21879.561114739867
21807.21049861057
21735.217892536122
21663.580938809188
21592.29729909776
21521.364654254314
21450.78070412732
21380.543167374744
21310.649781279928
21241.098301569218
21171.88650223204
21103.012175342817
21034.4731308849
20966.267196576577
20898.392217699024
20830.84605692616
20763.626594156467
20696.731726346676
20630.159367347405
20563.9074477405
20497.97391467828
20432.356731724612
20367.053878697698
20302.06335151467
20237.38316203789
20173.01133792287
20108.945922468138
20045.184974466407
19981.726568057755
19918.568792584112
19855.70975244563
19793.147566958396
19730.880370213854
19668.906310939747
19607.223552362542
19545.83027207141
19484.724661883665
19423.904927711563
19363.36928943103
19303.115980750983
19243.143249084802
19183.44935542295
19124.032574206794
19064.89119320415
19006.02351338585
18947.427848803825
18889.102526470375
18831.045886238837
18773.256280685513
18715.73207499288
18658.471646833892
18601.473386257774
18544.73569557679
18488.25698925444
18432.035693794696
18376.070247632328
18320.359101024726
18264.90071594452
18209.693565973485
18154.736136197593
18100.026923103098
18045.564434473734
17991.347189289067
17937.373717623774
17883.642560548087
17830.15227002925
17776.901408834005
17723.888550432057
17671.112278900542
17618.5711888297
17566.263885229113
17514.18898343528
17462.34510901999
17410.730897699723
17359.344995245803
17308.18605739577
17257.252749765354
17206.54374776159
17156.05773649671
17105.79341070292
17055.74947464811
17005.924642052334
16956.31763600523
16906.927188884205
16857.752042273558
16808.79094688427
16760.04266247475
16711.5059577723
16663.179610395448
16615.06240677689
16567.15314208749
16519.45062016081
16471.953653418506
16424.661062796382
16377.57167767133
16330.684335788894
16283.997883191567
16237.511174147814
16191.223071081877
16145.132444504088
16099.23817294211
16053.539142872705
16008.0342486542
15962.72239245967
15917.602484210734
15872.67344151204
15827.93418958639
15783.383661210413
15739.020796651046
15694.8445436025
15650.853857123886
15607.047699577419
15563.425040567285
15519.984856879128
15476.726132419995
15433.647858158929
15390.749032068261
15348.028659065265
15305.485750954522
15263.119326370805
15220.928410722463
15178.912036135453
15137.069241397843
15095.399071904852
15053.900579604408
15012.572822943264
14971.414866813653
14930.425782500346
14889.604647628348
14848.950546110991
14808.46256809857
14768.139809927487
14727.981374069786
14687.986369083304
14648.153909562185
14608.483116087882
14568.9731151807
14529.62303925167
14490.432026554954
14451.399221140759
14412.523772808538
14373.804837060725
14335.241575056927
14296.8331535685
14258.578744933533
14220.477527012354
14182.528683143295
14144.731402098947
14107.084878042937
14069.588310486874
14032.240904247847
13995.041869406388
13957.990421264534
13921.085780304638
13884.327172148282
13847.713827515738
13811.244982185694
13774.919876955397
13738.73775760119
13702.697874839363
13666.799484287392
13631.041846425436
13595.424226558453
13559.94589477823
13524.60612592625
13489.404199556502
13454.339399898821
13419.411015822527
13384.618340800402
13349.96067287292
13315.437314612922
13281.047573090524
13246.790759838324
13212.66619081706
13178.67318638135
13144.811071245967
13111.079174452312
13077.476829335086
13044.003373489504
13010.658148738617
12977.440501100946
12944.349780758432
12911.385342024707
12878.5465433136
12845.832747107917
12813.243319928522
12780.77763230371
12748.435058738782
12716.214977685948
12684.116771514513
12652.139826481252
12620.283532701103
12588.547284118082
12556.930478476517
12525.432517292418
12494.052805825244
12462.790753049809
12431.64577162845
12400.617277883473
12369.704691769824
12338.907436847981
12308.224940257129
12277.65663268843
12247.201948358797
12216.860324984555
12186.631203755642
12156.514029309777
12126.508249707036
12096.613316404548
12066.828684231496
12037.153811364136
12007.588159301344
11978.131192840054
11948.782380051134
11919.541192255343
11890.40710399955
11861.379593033158
11832.458140284674
11803.642229838537
11774.931348912094
11746.32498783287
11717.822640015893
11689.423801941295
11661.127973132065
11632.93465613208
11604.843356484176
11576.853582708518
11548.964846281095
11521.176661612451
11493.488546026496
11465.900019739618
11438.41060583988
11411.019830266418
11383.727221789037
11356.532311987903
11329.434635233525
11302.43372866675
11275.529132179116
11248.720388393156
11222.007042643025
11195.388642955219
11168.864740029472
11142.434887219799
11116.09864051572
11089.855558523574
11063.705202448115
11037.647136074102
11011.680925748167
10985.806140360724
10960.022351328185
10934.329132575122
10908.726060516723
10883.212714041332
10857.788674493124
10832.453525654983
10807.20685373147
10782.04824733187
10756.977297453497
10731.99359746513
10707.096743090402
10682.28633239157
10657.56196575326
10632.923245866365
10608.369777712116
10583.901168546261
10559.517027883343
10535.216967481163
10511.000601325326
10486.867545613888
10462.817418742165
10438.84984128773
10414.96443599533
10391.160827762145
10367.438643623052
10343.797512735993
10320.237066367497
10296.756937878356
10273.35676270929
10250.0361783669
10226.794824409517
10203.632342433406
10180.548376058878
10157.542570504014
10134.614574634048
10111.764036821933
10088.99060906094
10066.29394488832
10043.673699784867
10021.1295311617
9998.661098347393
9976.268062575105
9953.95008696981
9931.706836535617
9909.53797814321
9887.443180517375
9865.422114224695
9843.474451661168
9821.599867040128
9799.798036380127
9778.068637492881
9756.411349971517
9734.825855178631
9713.311836234629
9691.868978006136
9670.496967094383
9649.195491823855
9627.96424223086
9606.802910052282
9585.711188714424
9564.688773321868
9543.735360646508
9522.850649116572
9502.034338805834
9481.286131422763
9460.605730299972
9439.992840383497
9419.44716822236
9398.968421958081
9378.556311314354
9358.210547586725
9337.930843632443
9317.716913860295
9297.568474220574
9277.485242195085
9257.466936787292
9237.513278512426
9217.62398938782
9197.798792923153
9178.037414110902
9158.339579416783
9138.705016770278
9119.133455555298
9099.624626600807
9080.178262171627
9060.794095959183
9041.47186307247
9022.211300028972
9003.012144745651
8983.874136530118
8964.797016071712
8945.780525432769
8926.824408039876
8907.928408675261
8889.092273468152
8870.315749886318
8851.598586727552
8832.940534111322
8814.341343470387
8795.800767542605
8777.318560362579
8758.89447725369
8740.528274819815
8722.219710937443
8703.96854474762
8685.774536648045
8667.637448285233
8649.557042546669
8631.533083553128
8613.56533665094
8595.653568404334
8577.797546587943
8559.99704017919
8542.251819350891
8524.561655463796
8506.926321059256
8489.345589851895
8471.819236722367
8454.347037710155
8436.928770006409
8419.56421194687
8402.25314300479
8384.995343783961
8367.790596011753
8350.638682532237
8333.539387299308
8316.492495369894
8299.49779289723
8282.55506712411
8265.66410637629
8248.824700055826
8232.03663863454
8215.299713647524
8198.613717686614
8181.97844439403
8165.393688455992
8148.859245596329
8132.374912570262
8115.940487158148
8099.5557681592345
8083.220555385574
8066.934649655866
8050.697852789398
8034.50996760003
8018.370797890215
8002.280148445028
7986.237825026308
7970.243634366769
7954.297384164194
7938.398883075649
7922.5479407117855
7906.74436763107
7890.98797533421
7875.278576258466
7859.615983772119
7844.000012168923
7828.43047666259
7812.907193381327
7797.429979362427
7781.998652546872
7766.613031773975
7751.272936776082
7735.9781881732815
7720.7286074681715
7705.524017040645
7690.364240142742
7675.249100893494
7660.178424273834
7645.152036121535
7630.169763126175
7615.23143282417
7600.336873593761
7585.485914650217
7570.678386040604
7555.914118639396
7541.192944143361
7526.514695066797
7511.879204736824
7497.286307288608
7482.735837660706
7468.227631590389
7453.761525608978
7439.337357037303
7424.954963981052
7410.614185326315
7396.314860735021
7382.056830640473
7367.839936242906
7353.664019505062
7339.528923147795
7325.434490645721
7311.380566222894
7297.366994848477
7283.393622232519
7269.460294821633
7255.566859794868
7241.713165059467
7227.899059246717
7214.124391707803
7200.38901250977
7186.692772431343
7173.035522958967
7159.417116282722
7145.837405292363
7132.2962435733425
7118.793485402857
7105.328985745927
7091.9026002515175
7078.514185248687
7065.16359774267
7051.850695411189
7038.575336600536
7025.337380321882
7012.136686247522
6998.973114707151
6985.846526684178
6972.756783812032
6959.703748370572
6946.687283282419
6933.707252109383
6920.763519048876
6907.855948930373
6894.984407211888
6882.148759976449
6869.34887392865
6856.584616391169
6843.855855301324
6831.162459207706
6818.504297266724
6805.881239239268
6793.293155487389
6780.739916970912
6768.221395244185
6755.737462452749
6743.287991330128
6730.872855194538
6718.491927945696
6706.145084061611
6693.832198595419
6681.553147172183
6669.307805985813
6657.0960517958865
6644.917761924613
6632.772814253686
6620.661087221294
6608.582459819027
6596.536811588869
6584.524022620219
6572.543973546892
6560.596545544151
6548.681620325761
6536.799080141087
6524.948807772159
6513.130686530806
6501.3446002557575
6489.590433309824
6477.86807057703
6466.17739745982
6454.518299876274
6442.8906642572665
6431.294377543764
6419.729327184075
6408.195401131066
6396.692487839496
6385.220476263334
6373.779255853014
6362.368716552876
6350.988748798411
6339.639243513724
6328.3200921088355
6317.031186477174
6305.772418992943
6294.543682508582
6283.34487035217
6272.1758763249745
6261.036594698862
6249.926920213845
6238.8467480755735
6227.795973952865
6216.77449397527
6205.782204730613
6194.819003262577
6183.884787068283
6172.979454095926
6162.102902742356
6151.255031850731
6140.435740708197
6129.644929043488
6118.882497024656
6108.1483452567445
6097.442374779488
6086.764487065069
6076.11458401579
6065.49256796189
6054.898341659258
6044.331808287217
6033.792871446362
6023.281435156272
6012.797403853405
6002.3406823889
5991.911176026431
5981.508790440004
5971.133431711923
5960.785006330603
5950.463421188486
5940.16858357994
5929.900401199193
5919.658782138255
5909.4436348848485
5899.254868320422
5889.092391718032
5878.956114740393
5868.845947437872
5858.761800246426
5848.703583985709
5838.671209857042
5828.664589441467
5818.68363469782
5808.728257960778
5798.79837193891
5788.8938897128455
5779.014724733279
5769.160790819137
5759.332002155695
5749.528273292689
5739.749519142484
5729.995654978201
5720.266596431917
5710.562259492821
5700.882560505388
5691.227416167626
5681.596743529223
5671.990459989818
5662.408483297204
5652.850731545568
5643.317123173769
5633.807576963562
5624.322012037881
5614.860347859152
5605.4225042275475
5596.008401279285
5586.617959484967
5577.251099647909
5567.907742902408
5558.587810712176
5549.291224868592
5540.017907489162
5530.767781015797
5521.540768213257
5512.33679216752
5503.155776284175
5493.997644286828
5484.862320215519
5475.749728425169
5466.659793583996
5457.59244067195
5448.547594979188
5439.525182104542
5430.52512795393
5421.547358738936
5412.591800975201
5403.6583814809965
5394.7470273756735
5385.857666078215
5376.990225305719
5368.144633072005
5359.320817686064
5350.518707750678
5341.738232160909
5332.979320102738
5324.241901051591
5315.525904770933
5306.831261310852
5298.157901006662
5289.5057544775245
5280.8747526250245
5272.264826631817
5263.675907960263
5255.107928351048
5246.560819821847
5238.034514665933
5229.528945450908
5221.044045017312
5212.57974647732
5204.135983213419
5195.712688877114
5187.309797387596
5178.927242930488
5170.564959956507
5162.222883180237
5153.900947578815
5145.5990883906725
5137.317241114304
5129.055341506974
5120.813325583503
5112.591129615015
5104.388690127718
5096.205943901667
5088.042827969542
5079.899279615467
5071.775236373784
5063.67063602784
5055.585416608847
5047.519516394626
5039.472873907573
5031.445427917184
5023.437117433291
5015.447881708627
5007.477660237728
4999.526392751926
4991.594019223985
4983.680479863135
4975.785715114882
4967.909665659895
4960.052272412921
4952.21347652164
4944.393219365578
4936.591442555038
4928.808087929941
4921.043097558844
4913.296413737771
4905.567978989182
4897.857736060912
4890.165627925106
4882.491597777151
4874.835589034652
4867.19754533637
4859.577410541205
4851.975128727096
4844.390644190181
4836.8239014435385
4829.274845216309
4821.743420452678
4814.229572310848
4806.733246162053
4799.254387589564
4791.792942387693
4784.348856560844
4776.922076322488
4769.512548094227
4762.120218504819
4754.745034389215
4747.38694278762
4740.045890944508
4732.721826307719
4725.414696527481
4718.124449455507
4710.8510331440475
4703.594395844975
4696.354486008842
4689.131252283993
4681.924643515658
4674.734608745022
4667.561097208341
4660.404058336035
4653.26344175182
4646.139197271785
4639.031274903571
4631.939624845425
4624.864197485378
4617.8049434003515
4610.761813355313
4603.734758302406
4596.723729380092
4589.728677912339
4582.749555407712
4575.786313558593
4568.83890424032
4561.907279510358
4554.991391607469
4548.091192950899
4541.2066361395555
4534.337673951197
4527.484259341612
4520.64634544384
4513.823885567337
4507.016833197211
4500.225141993403
4493.448765789923
4486.687658594043
4479.941774585548
4473.211068115916
4466.495493707589
4459.795006053175
4453.109560014715
4446.439110622896
4439.783613076295
4433.143022740662
4426.517295148129
4419.906385996483
4413.310251148444
4406.7288466309055
4400.162128634213
4393.610053511409
4387.072577777568
4380.549658109019
4374.041251342655
4367.547314475205
4361.067804662542
4354.6026792189605
4348.151895616487
4341.715411484166
4335.293184607387
4328.885172927174
4322.491334539502
4316.111627694608
4309.746010796325
4303.394442401403
4297.056881218803
4290.733286109073
4284.42361608365
4278.127830304204
4271.845888081995
4265.577748877169
4259.32337229816
4253.082718101019
4246.855746188744
4240.642416610671
4234.442689561809
4228.256525382227
4222.083884556387
4215.924727712551
4209.779015622126
4203.646709199058
4197.527769499182
4191.422157719646
4185.329835198265
4179.250763412931
4173.184903980982
4167.132218658593
4161.092669340225
4155.066218057967
4149.052826980949
4143.052458414802
4137.065074800985
4131.090638716263
4125.129112872104
4119.180460114074
4113.244643421296
4107.32162590585
4101.411370812213
4095.5138415166703
4089.6290015267696
4083.7568144807683
4077.897244147018
4072.0502544234637
4066.215809337059
4060.393873043227
4054.5844098252956
4048.7873840939565
4043.002760386732
4037.2305033674274
4031.47057782556
4025.722948675885
4019.9875809577943
4014.2644398348484
4008.5534905941913
4002.854698646074
3997.168029523291
3991.493448880683
3985.830922494616
3980.180416262452
3974.5418962020462
3968.9153284512595
3963.3006792673987
3957.6979150267534
3952.107002224081
3946.527907472094
3940.9605975009863
3935.4050391579153
3929.8611994065186
3924.3290453264262
3918.808544112762
3913.2996630756697
3907.802369639825
3902.3166313439397
3896.842415840323
3891.379690894343
3885.9284243840234
3880.4885842995127
3875.0601387426395
3869.64305592646
3864.2373041747724
3858.8428519216404
3853.4596677109807
3848.0877201960466
3842.7269781390223
3837.3774104105387
3832.0389859892352
3826.7116739613048
3821.39544352005
3816.0902639654287
3810.796104703629
3805.512935246623
3800.2407252117
3794.9794443210776
3789.729062401435
3784.489549383492
3779.260875301569
3774.043010293173
3768.8359245985757
3763.6395885603515
3758.453972623005
3753.2790473325203
3748.114783335949
3742.9611513810105
3737.818122315657
3732.685667087654
3727.563756744209
3722.4523624315398
3717.351455394446
3712.261006975952
3707.1809886168676
3702.1113718554016
3697.0521283267744
3692.0032297628004
3686.9646479915
3681.9363549367126
3676.9183226177183
3671.9105231488147
3666.9129287389524
3661.925511691359
3656.948244403123
3651.9810993648607
3647.0240491602854
3642.077066465853
3637.1401240504024
3632.2131947747475
3627.296251591326
3622.3892675438237
3617.4922157668157
3612.6050694853684
3607.727802014701
3602.8603867598295
3598.002797215172
3593.155006964203
3588.316989679124
3583.488719120458
3578.6701691367043
3573.861313664016
3569.062126725833
3564.2725824325134
3559.4926549809957
3554.722318654465
3549.961547821986
3545.210316938177
3540.4686005428566
3535.736373260706
3531.0136098009198
3526.3002849568984
3521.596373605884
3516.9018507086257
3512.216691309064
3507.5408705339914
3502.87436359271
3498.217145776728
3493.5691924594184
3488.9304790956867
3484.3009812216706
3479.6806744543765
3475.069534491412
3470.467537110632
3465.87465816982
3461.290873606391
3456.716159437058
3452.15049175754
3447.5938467422093
3443.046200643842
3438.5075297932444
3433.977810599006
3429.457019547132
3424.9451332007975
3420.442128200001
3415.947981261279
3411.462669177409
3406.9861688170995
3402.5184571247
3398.0595111199054
3393.6093078974595
3389.1678246268343
3384.7350385520003
3380.3109269910783
3375.895467336055
3371.4886370525355
3367.090413679405
3362.7007748285832
3358.3196981847123
3353.9471615048833
3349.583142618373
3345.2276194263204
3340.8805699014806
3336.5419720879468
3332.211804100854
3327.890044126113
3323.5766704201483
3319.2716536077405
3314.974995191076
3310.68665053086
3306.4066058646604
3302.1348397973265
3297.8713310025905
3293.6160582228003
3289.3690002686635
3285.1301360189614
3280.8994444202986
3276.6769044868624
3272.4624953001135
3268.256196008595
3264.0579858275914
3259.867844038954
3255.6857499908047
3251.5116830972634
3247.345622838234
3243.1875487591424
3239.037440470669
3234.8952776485094
3230.761040033124
3226.634707429508
3222.5162597069148
3218.4056767986194
3214.3029387016995
3210.2080254767516
3206.1209172476892
3202.0415942014715
3197.9700365878834
3193.906224719271
3189.850138970351
3185.80175977791
3181.7610676406302
3177.7280431188037
3173.702666834152
3169.684919469535
3165.674781768772
3161.67223453636
3157.6772586373063
3153.6898349968424
3149.709944600225
3145.737568492504
3141.772687778311
3137.815283621594
3133.8653372454473
3129.922829931839
3125.9877430214474
3122.0600579133697
3118.139756064961
3114.2268189915903
3110.3212282664153
3106.4229655201907
3102.532012441037
3098.6483507742155
3094.771962321942
3090.9028289431417
3087.0409325532632
3083.18625512406
3079.3387786833673
3075.4984853149153
3071.6653571580964
3067.8393764077755
3064.020525314083
3060.208786182202
3056.4041413721607
3052.6065732986326
3048.8160644307427
3045.0325972918486
3041.256154459359
3037.486718564508
3033.72427229218
3029.9687983807025
3026.2202796216257
3022.4786988595797
3018.744038992015
3015.0162829690526
3011.2954137932743
3007.581414519525
3003.8742682547313
3000.173958157685
2996.4804674388943
2992.79377936035
2989.113877235357
2985.4407444283534
2981.7743643547037
2978.1147204805197
2974.461796322493
2970.8155754476693
2967.17604147329
2963.5431780666195
2959.9169689447326
2956.2973978743585
2952.6844486716823
2949.078105202172
2945.4783513803914
2941.8851711698253
2938.298548582707
2934.718467679845
2931.1449125704175
2927.5778674118255
2924.017316409502
2920.4632438167473
2916.9156339345514
2913.3744711114196
2909.8397397431886
2906.311424272882
2902.7895091905157
2899.273979032935
2895.764818383649
2892.2620118726572
2888.7655441762786
2885.2754000170016
2881.791564163276
2878.314021429409
2874.8427566753508
2871.377754806528
2867.919000773721
2864.466479572872
2861.020176244916
2857.5800758756445
2854.1461635955097
2850.718424579505
2847.2968440469676
2843.881407261453
2840.472099530545
2837.0689062057045
2833.6718126821493
2830.2808043986365
2826.8958668373625
2823.5169855237646
2820.1441460263986
2816.777333956775
2813.416534969179
2810.061734760568
2806.712919070377
2803.3700736803926
2800.0331844145794
2796.702237138962
2793.377217761433
2790.05811223165
2786.7449065408587
2783.437586721744
2780.136138848292
2776.840549035649
2773.5508034399663
2770.2668882582575
2766.988789728248
2763.7164941282454
2760.449987776983
2757.189257033479
2753.9342882969004
2750.6850680064167
2747.441582641064
2744.2038187195876
2740.9717628003336
2737.745401481067
2734.524721398884
2731.3097092300113
2728.1003516897345
2724.8966355322236
2721.6985475503934
2718.506074575778
2715.319203478404
2712.137921166632
2708.962214587045
2705.792070724313
2702.6274766010383
2699.4684192776385
2696.314885852226
2693.1668634604534
2690.0243392753873
2686.887300507401
2683.7557344039997
2680.6296282497515
2677.508969366092
2674.3937451112533
2671.283942880098
2668.17955010401
2665.080554250755
2661.9869428243796
2658.8987033650483
2655.815823448952
2652.738290688161
2649.6660927305147
2646.599217259486
2643.5376519940655
2640.481384688642
2637.4304031328656
2634.3846951515507
2631.344248604515
2628.3090513865113
2625.2790914270554
2622.2543566903487
2619.234835175118
2616.2205149145475
2613.2113839760996
2610.2074304614544
2607.20864250635
2604.2150082804874
2601.226515987417
2598.2431538643978
2595.2649101823063
2592.291773245519
2589.3237313917816
2586.360772992101
2583.402886450661
2580.450060204642
2577.5022827241937
2574.5595425122483
2571.6218281044503
2568.6891280690234
2565.7614310066892
2562.83872555052
2559.9210003658413
2557.0082441501418
2554.100445632939
2551.1975935756827
2548.2996767716413
2545.4066840458
2542.5186042547343
2539.6354262865398
2536.7571390606868
2533.8837315279407
2531.015192670228
2528.1515115005814
2525.2926770629647
2522.4386784322314
2519.5895047139757
2516.745145044467
2513.905588590504
2511.070824549359
2508.240842148628
2505.4156306461637
2502.5951793299655
2499.7794775180596
2496.9685145584117
2494.1622798288527
2491.3607627369183
2488.5639527198036
2485.7718392442407
2482.9844118063993
2480.2016599317844
2477.4235731751614
2474.6501411204204
2471.881353380536
2469.1171995973727
2466.357669441708
2463.602752613052
2460.852438839576
2458.1067178780227
2455.365579513599
2452.629013559895
2449.8970098587906
2447.169558280327
2444.4466487226628
2441.728271111945
2439.0144154022328
2436.3050715754007
2433.600229641034
2430.8998796363603
2428.204011626141
2425.5126157025907
2422.8256819852695
2420.1432006210084
2417.4651617838067
2414.7915556747676
2412.122372521977
2409.4576025804245
2406.79723613192
2404.1412634850094
2401.4896749748746
2398.842460963251
2396.199611838341
2393.561118014726
2390.9269699332785
2388.297158061072
2385.6716728913057
2383.050504943218
2380.4336447619835
2377.821082918632
2375.2128100100017
2372.6088166585964
2370.009093512541
2367.413631245481
2364.822420556507
2362.2354521700654
2359.6527168358916
2357.0742053288877
2354.499908449088
2351.9298170215525
2349.363921896279
2346.802213948143
2344.244684076799
2341.691323206602
2339.1421222865356
2336.5970722901275
2334.0561642153743
2331.519389084635
2328.986737944607
2326.458201866182
2323.9337719444175
2321.413439298437
2318.897195071351
2316.3850304301895
2313.8769365658136
2311.372904692846
2308.8729260495875
2306.3769918979497
2303.885093523368
2301.397222234746
2298.9133693643407
2296.433526267725
2293.957684323703
2291.485834934223
2289.0179695243132
2286.5540795420015
2284.0941564582545
2281.6381917668878
2279.1861769844986
2276.738103650394
2274.29396332652
2271.8537475973853
2269.4174480699808
2266.9850563737346
2264.5565641604094
2262.1319631040374
2259.71124490087
2257.2944012692788
2254.881423949716
2252.4723047046114
2250.067035318312
2247.6656075970313
2245.2680133687527
2242.8742444831855
2240.484292811672
2238.0981502471313
2235.7158087039943
2233.337260118107
2230.9624964467284
2228.5915096683793
2226.224291782828
2223.8608348110165
2221.501130794971
2219.145171797769
2216.79294990343
2214.4444572168945
2212.099685863928
2209.758627991058
2207.421275765525
2205.087621375197
2202.757657028501
2200.43137495441
2198.1087674022965
2195.789826641925
2193.474544963372
2191.162914676977
2188.8549281132337
2186.55057762278
2184.2498555763095
2181.9527543645077
2179.659266397982
2177.369384107225
2175.0830999425307
2172.8004063739327
2170.5212958911548
2168.2457610035385
2165.973794239984
2163.705388148891
2161.4405352980975
2159.1792282748193
2156.9214596855827
2154.6672221561766
2152.416508331583
2150.1693108759137
2147.9256224723695
2145.685435823155
2143.4487436494364
2141.2155386912814
2138.985813707591
2136.7595614760535
2134.536774793071
2132.3174464737167
2130.1015693516674
2127.889136279149
2125.680140126874
2123.474573783995
2121.2724301580374
2119.0737021748437
2116.878382778522
2114.6864649313857
2112.497941613892
2110.312805824606
2108.131050580115
2105.9526689149984
2103.7776538817543
2101.6059985507572
2099.43769601019
2097.272739366008
2095.111121741866
2092.9528362790707
2090.797876136525
2088.646234490679
2086.497904535464
2084.3528794822587
2082.211152559812
2080.0727170142095
2077.937566108806
2075.8056931241854
2073.677091358096
2071.5517541254026
2069.4296747580365
2067.310846604941
2065.195263032021
2063.082917422086
2060.9738031748066
2058.8679137066583
2056.765242450864
2054.665782857356
2052.5695283927134
2050.4764725401246
2048.3866087993174
2046.2999306865295
2044.2164317344418
2042.1361054921376
2040.0589455250501
2037.984945414907
2035.9140987597016
2033.84639917361
2031.7818402869702
2029.7204157462286
2027.6621192138741
2025.6069443684046
2023.5548849042823
2021.5059345318734
2019.4600869773994
2017.417335982902
2015.3776753061893
2013.341098720782
2011.3076000158667
2009.2771729962612
2007.2498114823588
2005.2255093100703
2003.2042603308014
2001.1860584113886
1999.170897434052
1997.1587712963592
1995.1496739111708
1993.1435992065994
1991.1405411259639
1989.140493627739
1987.1434506855117
1985.1494062879406
1983.158354438703
1981.1702891564598
1979.1852044747957
1977.2030944421904
1975.2239531219655
1973.2477745922442
1971.2745529458998
1969.3042822905156
1967.3369567483483
1965.3725704562721
1963.411117565745
1961.4525922427574
1959.4969886677923
1957.5443010357858
1955.5945235560755
1953.6476504523682
1951.7036759626876
1949.7625943393361
1947.8243998488538
1945.8890867719688
1943.9566494035703
1942.0270820526493
1940.1003790422656
1938.1765347095052
1936.2555434054457
1934.3373994950944
1932.4220973573674
1930.5096313850413
1928.5999959847159
1926.6931855767575
1924.789194595287
1922.8880174881092
1920.9896487166884
1919.0940827561112
1917.2013140950396
1915.311337235666
1913.4241466936844
1911.5397369982486
1909.6581026919193
1907.779238330644
1905.9031384837106
1904.0297977336957
1902.159210676446
1900.2913719210264
1898.4262760896836
1896.5639178178085
1894.704291753898
1892.8473925595144
1890.993214909288
1889.1417534907282
1887.2930030044067
1885.4469581637736
1883.6036136951552
1881.7629643377186
1879.9250048434308
1878.0897299770286
1876.2571345159681
1874.427213250401
1872.5999609831315
1870.7753725295802
1868.9534427177418
1867.1341663881635
1865.3175383938883
1863.5035536004416
1861.6922068857734
1859.8834931402384
1858.0774072665417
1856.2739441797287
1854.4730988071237
1852.6748660883127
1850.8792409750981
1849.086218431464
1847.2957934335466
1845.5079609695936
1843.7227160399307
1841.9400536569299
1840.1599688449655
1838.3824566403914
1836.607512091497
1834.8351302584842
1833.0653062134145
1831.298035040194
1829.5333118345234
1827.7711317038825
1826.0114897674737
1824.2543811562116
1822.499801012666
1820.7477444910487
1818.998206757171
1817.251182988408
1815.5066683736686
1813.764658113366
1812.0251474193715
1810.2881315150048
1808.553605634977
1806.82156502537
1805.0920049436077
1803.3649206584162
1801.6403074497857
1799.918160608961
1798.1984754383805
1796.4812472516655
1794.7664713735824
1793.054143140007
1791.3442578978938
1789.6368110052467
1787.9317978310942
1786.2292137554386
1784.529054169247
1782.8313144744056
1781.1359900836942
1779.4430764207523
1777.7525689200506
1776.0644630268666
1774.3787541972374
1772.6954378979442
1771.014509606472
1769.3359648109947
1767.6597990103203
1765.986007713883
1764.314586441702
1762.645530724356
1760.97883610295
1759.3144981290852
1757.6525123648391
1755.9928743827159
1754.3355797656372
1752.6806241069103
1751.0280030101785
1749.3777120894174
1747.7297469688933
1746.08410328314
1744.440776676915
1742.7997628051908
1741.16105733312
1739.5246559359923
1737.8905542992284
1736.2587481183352
1734.6292330988863
1733.0020049564919
1731.3770594167643
1729.7543922152954
1728.1339990976362
1726.5158758192533
1724.9000181455062
1723.286421851632
1721.6750827227054
1720.065996553611
1718.4591591490203
1716.85456632336
1715.2522139007938
1713.6520977151854
1712.0542136100744
1710.4585574386542
1708.8651250637377
1707.273912357738
1705.684915202628
1704.0981294899393
1702.5135511207086
1700.9311760054584
1699.3510000641886
1697.773019226328
1696.1972294307157
1694.623626625581
1693.0522067685067
1691.4829658264111
1689.9158997755217
1688.3510046013457
1686.7882762986465
1685.2277108714145
1683.6693043328514
1682.1130527053338
1680.558952020392
1679.0069983186872
1677.4571876499842
1675.9095160731222
1674.3639796559978
1672.820574475536
1671.2792966176648
1669.7401421772902
1668.2031072582722
1666.668187973402
1665.135380444373
1663.6046808017604
1662.0760851849966
1660.5495897423455
1659.025190630877
1657.5028840164462
1655.9826660736635
1654.4645329858834
1652.9484809451633
1651.4345061522522
1649.922604816557
1648.4127731561355
1646.905007397654
1645.3993037763742
1643.8956585361238
1642.3940679292834
1640.8945282167506
1639.397035667927
1637.9015865606802
1636.4081771813458
1634.916803824683
1633.4274627938526
1631.9401504004102
1630.4548629642672
1628.9715968136716
1627.4903482851882
1626.0111137236854
1624.533889482291
1623.0586719223827
1621.5854574135712
1620.1142423336664
1618.645023068657
1617.1777960127
1615.71255756808
1614.2493041452028
1612.7880321625698
1611.3287380467482
1609.8714182323588
1608.4160691620473
1606.9626872864692
1605.5112690642611
1604.0618109620289
1602.614309454314
1601.1687610235813
1599.7251621601908
1598.2835093623855
1596.8437991362616
1595.4060279957525
1593.9701924626092
1592.5362890663623
1591.1043143443312
1589.6742648415766
1588.2461371108964
1586.8199277127915
1585.3956332154598
1583.9732501947578
1582.5527752341995
1581.1342049249201
1579.7175358656727
1578.3027646627788
1576.8898879301446
1575.4789022892078
1574.069804368942
1572.6625908058259
1571.257258243823
1569.8538033343566
1568.4522227363082
1567.0525131159707
1565.6546711470587
1564.2586935106592
1562.8645768952388
1561.4723179966031
1560.0819135178895
1558.6933601695405
1557.3066546692887
1555.9217937421436
1554.5387741203488
1553.157592543397
1551.7782457579751
1550.4007305179805
1549.0250435844691
1547.6511817256574
1546.279141716902
1544.9089203406675
1543.5405143865241
1542.1739206511147
1540.8091359381478
1539.4461570583708
1538.0849808295548
1536.7256040764737
1535.368023630895
1534.0122363315409
1532.6582390240944
1531.3060285611637
1529.9556018022722
1528.6069556138332
1527.2600868691447
1525.9149924483563
1524.5716692384576
1523.2301141332632
1521.8903240333925
1520.5522958462489
1519.2160264860054
1517.8815128735878
1516.5487519366475
1515.217740609562
1513.8884758333975
1512.5609545559062
1511.2351737315014
1509.9111303212426
1508.5888212928144
1507.268243620515
1505.9493942852346
1504.632270274437
1503.316868582153
1502.0031862089436
1500.6912201619048
1499.3809674546349
1498.072425107224
1496.7655901462358
1495.4604596046954
1494.157030522056
1492.8552999442134
1491.5552649234492
1490.2569225184457
1488.960269794257
1487.6653038222998
1486.3720216803194
1485.0804204523956
1483.7904972289114
1482.5022491065383
1481.2156731882246
1479.9307665831807
1478.6475264068538
1477.3659497809172
1476.08603383326
1474.8077756979606
1473.5311725152771
1472.2562214316258
1470.9829195995749
1469.7112641778174
1468.4412523311644
1467.1728812305244
1465.906148052888
1464.641049981311
1463.3775842049033
1462.1157479188143
1460.8555383242062
1459.5969526282495
1458.3399880441066
1457.0846417909038
1455.8309110937453
1454.5787931836571
1453.3282852976085
1452.0793846784718
1450.8320885750263
1449.5863942419217
1448.34229893969
1447.0997999347005
1445.8588944991743
1444.6195799111424
1443.3818534544494
1442.1457124187339
1440.9111540994077
1439.678175797652
1438.4467748203888
1437.2169484802787
1435.988694095702
1434.7620089907389
1433.536890495166
1432.313335944426
1431.0913426796337
1429.870908047541
1428.65202940054
1427.4347040966297
1426.2189294994225
1425.0047029781192
1423.7920219074886
1422.5808836678677
1421.371285645134
1420.1632252307056
1418.956699821511
1417.7517068199854
1416.5482436340603
1415.346307677135
1414.1458963680807
1412.9470071312085
1411.7496373962717
1410.5537845984436
1409.3594461783005
1408.166619581818
1406.9753022603509
1405.7854916706224
1404.5971852747039
1403.4103805400114
1402.2250749392852
1401.0412659505787
1399.8589510572415
1398.678127747917
1397.498793516514
1396.3209458622048
1395.1445822894075
1393.9697003077724
1392.7962974321683
1391.6243711826714
1390.4539190845549
1389.2849386682701
1388.1174274694354
1386.9513830288229
1385.7868028923515
1384.6236846110646
1383.4620257411218
1382.3018238437849
1381.143076485413
1379.9857812374303
1378.8299356763382
1377.6755373836852
1376.52258394606
1375.3710729550753
1374.2210020073658
1373.0723687045556
1371.9251706532737
1370.7794054651158
1369.635070756643
1368.492164149376
1367.3506832697633
1366.2106257491942
1365.071989223963
1363.934771335271
1362.7989697292096
1361.6645820567517
1360.5316059737338
1359.400039140852
1358.2698792236347
1357.141123892448
1356.013770822476
1354.8878176937103
1353.7632621909333
1352.6401020037124
1351.5183348263877
1350.397958358053
1349.2789703025533
1348.1613683684718
1347.0451502691064
1345.930313722477
1344.8168564513003
1343.7047761829758
1342.5940706495921
1341.4847375878953
1340.3767747392844
1339.2701798498038
1338.1649506701383
1337.0610849555756
1335.9585804660264
1334.8574349659864
1333.7576462245509
1332.6592120153723
1331.5621301166848
1330.4663983112614
1329.3720143864216
1328.2789761340143
1327.1872813504053
1326.0969278364682
1325.0079133975767
1323.9202358435864
1322.8338929888266
1321.7488826520912
1320.66520265663
1319.5828508301288
1318.5018250047074
1317.4221230169055
1316.3437427076733
1315.2666819223532
1314.1909385106846
1313.1165103267758
1312.0433952291064
1310.9715910805085
1309.9010957481573
1308.831907103569
1307.7640230225784
1306.697441385335
1305.6321600762915
1304.5681769841922
1303.5054900020627
1302.444097027203
1301.3839959611691
1300.3251847097686
1299.2676611830575
1298.211423295311
1297.1564689650286
1296.1027961149239
1295.0504026718977
1293.999286567055
1292.9494457356705
1291.9008781171856
1290.853581655209
1289.807554297491
1288.762793995927
1287.7192987065337
1286.6770663894504
1285.6360950089256
1284.596382533305
1283.557926935026
1282.5207261906007
1281.484778280615
1280.450081189711
1279.4166329065818
1278.3844314239564
1277.3534747386038
1276.323760851301
1275.2952877668426
1274.268053494025
1273.2420560456367
1272.2172934384412
1271.1937636931802
1270.1714648345592
1269.1503948912314
1268.130551895798
1267.1119338847932
1266.0945388986756
1265.0783649818193
1264.0634101825085
1263.0496725529174
1262.03715014911
1261.0258410310303
1260.0157432624906
1259.006854911162
1257.9991740485623
1256.9926987500567
1255.987427094839
1254.983357165927
1253.9804870501503
1252.9788148381463
1251.9783386243428
1250.9790565069588
1249.9809665879875
1248.984066973193
1247.9883557721005
1246.9938310979737
1246.0004910678358
1245.0083338024333
1244.0173574262321
1243.0275600674204
1242.0389398578936
1241.0514949332328
1240.0652234327245
1239.0801234993223
1238.0961932796527
1237.1134309240106
1236.1318345863351
1235.1514024242242
1234.1721325988942
1233.1940232752077
1232.2170726216302
1231.2412788102502
1230.2666400167518
1229.2931544204134
1228.3208202040987
1227.3496355542497
1226.3795986608784
1225.4107077175495
1224.4429609213848
1223.4763564730465
1222.510892576733
1221.546567440169
1220.583379274598
1219.6213262947676
1218.6604067189342
1217.7006187688442
1216.74196066973
1215.784430650297
1214.8280269427241
1213.872747782649
1212.9185914091624
1211.9655560647966
1211.0136399955218
1210.0628414507398
1209.1131586832666
1208.164589949315
1207.2171335085573
1206.2707876240045
1205.325550562078
1204.3814205925764
1203.4383959886713
1202.4964750268991
1201.5556559871497
1200.6159371526694
1199.6773168100403
1198.7397932491783
1197.8033647633179
1196.8680296490247
1195.933786206167
1195.000632737914
1194.068567550728
1193.137588954366
1192.207695261857
1191.2788847895058
1190.3511558568748
1189.424506786789
1188.498935905322
1187.5744415417826
1186.651022028723
1185.7286757019124
1184.807400900343
1183.8871959662165
1182.9680592449417
1182.0499890851193
1181.1329838385418
1180.217041860184
1179.3021615081907
1178.3883411438774
1177.4755791317184
1176.5638738393436
1175.653223637516
1174.743626900151
1173.8350820042874
1172.9275873300815
1172.0211412608205
1171.1157421828839
1170.2113884857636
1169.3080785620455
1168.4058108073955
1167.5045836205659
1166.6043954033835
1165.705244560735
1164.8071295005702
1163.9100486338907
1163.0140003747438
1162.1189831402098
1161.224995350406
1160.33203542847
1159.4401018005606
1158.5491928958418
1157.6593071464831
1156.770442987652
1155.8825988575009
1154.995773197169
1154.1099644507713
1153.2251710653877
1152.341391491068
1151.4586241808072
1150.5768675905556
1149.6961201792064
1148.8163804085848
1147.9376467434433
1147.0599176514625
1146.183191603232
1145.3074670722467
1144.4327425349193
1143.5590164705395
1142.6862873612918
1141.8145536922525
1140.943813951355
1140.0740666294187
1139.2053102201169
1138.3375432199787
1137.470764128383
1136.6049714475553
1135.740163682557
1134.8763393412746
1134.013496934424
1133.1516349755332
1132.2907519809428
1131.4308464698006
1130.5719169640483
1129.713961988423
1128.8569800704486
1128.0009697404168
1127.145929531409
1126.2918579792602
1125.4387536225709
1124.5866150026948
1123.7354406637342
1122.8852291525309
1122.035979018664
1121.187688814442
1120.340357094897
1119.4939824177739
1118.6485633435348
1117.8040984353397
1116.9605862590518
1116.118025383227
1115.276414379103
1114.4357518206057
1113.5960362843289
1112.7572663495353
1111.9194405981548
1111.0825576147663
1110.246615986609
1109.4116143035515
1108.5775511581178
1107.7444251454563
1106.912234863341
1106.0809789121665
1105.2506558949467
1104.421264417304
1103.592803087461
1102.7652705162345
1101.9386653170436
1101.112986105884
1100.288231501333
1099.4644001245458
1098.6414905992442
1097.8195015517108
1096.998431610787
1096.1782794078636
1095.3590435768836
1094.5407227543205
1093.723315579186
1092.9068206930265
1092.0912367398994
1091.276562366392
1090.4627962215925
1089.6499369571034
1088.8379832270234
1088.0269336879492
1087.2167869989619
1086.407541821634
1085.5991968200067
1084.7917506606063
1083.9852020124144
1083.1795495468855
1082.3747919379205
1081.570927861882
1080.767955997568
1079.9658750262208
1079.1646836315201
1078.3643804995731
1077.56496431891
1076.7664337804792
1075.968787577647
1075.1720244061796
1074.376142964256
1073.5811419524416
1072.7870200737023
1071.9937760333905
1071.2014085392343
1070.4099163013411
1069.6192980321891
1068.8295524466243
1068.0406782618543
1067.2526741974343
1066.4655389752788
1065.679271319641
1064.893869957119
1064.10933361664
1063.3256610294643
1062.5428509291764
1061.7609020516818
1060.979813135197
1060.1995829202478
1059.4202101496658
1058.641693568583
1057.864031924421
1057.0872239668947
1056.3112684480013
1055.5361641220159
1054.7619097454876
1053.9885040772383
1053.2159458783472
1052.444233912162
1051.6733669442715
1050.9033437425283
1050.134163077018
1049.3658237200684
1048.598324446247
1047.831664032345
1047.0658412573805
1046.300854902593
1045.5367037514307
1044.7733865895623
1044.0109022048532
1043.249249387372
1042.4884269293875
1041.728433625352
1040.9692682719083
1040.2109296678796
1039.453416614268
1038.6967279142445
1037.9408623731535
1037.185818798489
1036.4315959999208
1035.6781927892548
1034.9256079804604
1034.173840389638
1033.4228888350337
1032.67275213703
1031.9234291181347
1031.1749186029851
1030.4272194183359
1029.6803303930587
1028.9342503581388
1028.1889781466705
1027.4445125938387
1026.700852536942
1025.9579968153619
1025.215944270576
1024.4746937461377
1023.7342440876886
1022.9945941429391
1022.2557427616748
1021.5176887957473
1020.7804310990689
1020.0439685276108
1019.3082999393935
1018.5734241944941
1017.839340155024
1017.1060466851427
1016.3735426510414
1015.6418269209446
1014.9108983650985
1014.1807558557796
1013.4513982672775
1012.7228244758933
1011.9950333599443
1011.2680237997491
1010.5417946776241
1009.8163448778876
1009.09167328685
1008.367778792803
1007.6446602860311
1006.9223166587933
1006.200746805321
1005.4799496218253
1004.7599240064744
1004.0406688594048
1003.3221830827133
1002.6044655804463
1001.8875152585997
1001.1713310251193
1000.4559117898947
999.7412564647427
999.0273639634215
998.3142332016205
997.6018630969497
996.8902525689441
996.1794005390515
995.4693059306317
994.7599676689617
994.0513846812147
993.3435558964716
992.6364802456999
991.9301566617739
991.2245840794443
990.5197614353528
989.8156876680227
989.1123617178476
988.4097825271022
987.7079490399236
987.0068602023159
986.3065149621418
985.6069122691287
984.9080510748468
984.2099303327228
983.5125489980232
982.8159060278608
982.1200003811844
981.4248310187702
980.7303969032353
980.0366969990134
979.3437302723624
978.6514956913556
977.9599922258914
977.2692188476656
976.5791745301865
975.889858248768
975.201268980516
974.5134057043356
973.8262674009242
973.1398530527655
972.4541616441256
971.7691921610531
971.0849435913738
970.40141492468
969.7186051523415
969.0365132674876
968.3551382650112
967.6744791415636
966.9945348955448
966.3153045271132
965.6367870381704
964.9589814323615
964.2818867150661
963.6055018934094
962.9298259762414
962.2548579741406
961.5805968994194
960.9070417660978
960.2341915899274
959.5620453883582
958.8906021805656
958.2198609874233
957.5498208315157
956.8804807371182
956.2118397302098
955.5438968384572
954.8766510912196
954.2101015195407
953.5442471561455
952.8790870354424
952.2146201935079
951.550845668096
950.8877624986287
950.2253697261874
949.5636663935211
948.9026515450316
948.2423242267804
947.5826834864761
946.9237283734766
946.2654579387819
945.607871235035
944.9509673165173
944.2947452391395
943.6392040604492
942.984342839615
942.3301606374346
941.6766565163222
941.0238295403092
940.3716787750452
939.720203287785
939.069402147396
938.4192744243448
937.7698191906966
937.1210355201185
936.4729224878738
935.8254791708096
935.1787046473619
934.5325979975561
933.8871583029904
933.2423846468456
932.5982761138757
931.9548317904091
931.3120507643321
930.6699321251062
930.02847496375
929.3876783728404
928.747541446507
928.1080632804333
927.4692429718538
926.8310796195412
926.1935723238212
925.5567201865483
924.9205223111177
924.284977802457
923.6500857670194
923.015845312792
922.3822555492796
921.7493155875111
921.1170245400235
920.4853815208833
919.854385645649
919.2240360314065
918.5943317967308
917.9652720617054
917.3368559479136
916.7090825784296
916.0819510778244
915.4554605721546
914.8296101889641
914.2043990572827
913.5798263076201
912.9558910719621
912.3325924837632
911.7099296779592
911.0879017909497
910.4665079605979
909.8457473262315
909.2256190286369
908.6061222100537
907.9872560141861
907.3690195861723
906.751412072609
906.1344326215344
905.5180803824329
904.9023545062175
904.2872541452448
903.6727784533057
903.058926585614
902.4456976988162
901.8330909509783
901.2211055015918
900.609740511568
899.9989951432246
899.3888685603057
898.7793599279528
898.170468412724
897.5621931825694
896.9545334068536
896.3474882563314
895.7410569031574
895.1352385208762
894.5300322844244
893.9254373701251
893.3214529556844
892.718078220194
892.1153123441163
891.5131545092997
890.911603898961
890.3106596976863
889.7103210914322
889.1105872675167
888.5114574146246
887.9129307227995
887.3150063834378
886.7176835892924
886.1209615344687
885.5248394144203
884.9293164259437
884.3343917671828
883.7400646376223
883.1463342380795
882.5531997707106
881.9606604390043
881.368715447778
880.7773640031785
880.1866053126726
879.5964385850532
879.006863030432