7.999989492715747e8
2.0000000101582566e8
8.888888956729752e7
5.000000050964462e7
3.200000040838705e7
2.222222256310483e7
1.6326530904910475e7
1.2500000256503083e7
9.876543438253386e6
8.0000002058759015e6
6.6115703409784185e6
5.555555640916455e6
4.733727889510268e6
4.081632689524418e6
3.5555555896018688e6
3.125000031931545e6
2.768166120030974e6
2.4691358308760743e6
2.2160665089173573e6
2.0000000255872612e6
1.8140589812949302e6
1.65289258526373e6
1.5122873456842275e6
1.3888888995196205e6
1.280000010207603e6
1.1834319624797436e6
1.097393699441655e6
1.0204081723848608e6
951248.5224810948
888888.8974039728
832466.1893034916
781250.0079861725
734618.9241828565
692041.530010836
653061.2317959408
617283.9577219394
584368.1588497772
554016.6272321063
525969.7633011729
500000.0063994446
475907.20434101357
453514.7422651274
432666.3090772122
413223.14339456195
395061.731229632
378071.8364216277
362154.8239005658
347222.22488045203
333194.5048949602
320000.00255242555
307574.0124987907
295857.99062044057
284798.86321324826
274348.42486089986
264462.8122389353
255102.04309668412
246229.61135107718
237812.13062072653
229819.0196887747
222222.22435143104
214995.97092010357
208116.54732629677
201562.1083524541
195312.50199695383
189349.11439246888
183654.7310461125
178213.41246727045
173010.38250309575
168031.92791915106
163265.3079493609
158698.6726999969
154320.9894308502
150121.97585633263
146092.03971279974
142222.22392821568
138504.15680837273
134930.00672189833
131492.44082563047
128184.58742383629
125000.0000000002
121932.63222069829
118976.79952409303
116127.1592393673
113378.68480725643
110726.64359861604
108166.57652785307
105694.27929713324
103305.78512396711
100997.34881959364
98765.43209876561
96606.69001328359
94517.95841209848
92496.2423401551
90538.70529651444
88642.65927977857
86805.55555555571
85024.97608672568
83298.62557267825
81624.32404856665
80000.00000000019
78423.68395255384
76893.50249903902
75407.67273070053
73964.49704142031
72562.3582766442
71199.71520113938
69875.09826185711
68587.10562414285
67334.39946132497
66115.702479339
64929.79465952457
63775.5102040818
62651.734669903824
61557.40227762402
60491.49338374305
59453.032104637474
58441.08408210986
57454.75438092513
56493.18550949803
55555.555555555664
54641.07642920577
53748.99220639626
52878.577566263564
52029.13631633725
51200.000000000095
50390.526581002865
49600.09920019848
48828.1250000001
48074.03401237914
47337.27810650896
46617.32999242477
45913.682277318716
45225.84657131558
44553.35263978621
43895.74759945137
43252.59515570941
42623.474878789544
42007.98151648817
41405.72434139026
40816.3265306123
40239.4245762286
39674.667724657855
39121.71744339581
38580.2469135803
38049.94054696796
37530.49352598992
37021.611365634744
36523.009495982515
36034.41286428545
35555.5555555556
35086.18043068293
34626.03878116348
34174.889999572864
33732.501264968836
33298.647242455816
32873.10979618676
32455.677715120324
32046.146450889337
31644.317867173017
31250.00000000004
30863.006828440313
30483.158055174546
30110.278896458316
29744.199881023218
29384.756657483973
29031.789809841815
28685.14468069853
28344.671201814104
28010.223731662085
27681.660899654016
27358.845456721774
27041.644131963254
26729.927495071708
26423.569824283306
26122.448979591874
25826.44628099177
25535.446391522262
25249.337204898402
24968.009737523822
24691.358024691377
24419.27902078694
24151.672503320882
23888.440980620526
23629.489603024602
23374.726077428808
23124.060585038776
22877.4057021934
22634.67632412861
22395.789591556822
22160.664819944635
21929.223431375274
21701.388888888923
21477.08663319826
21256.244021681414
21038.790269559555
20824.65639316957
20613.775155247553
20406.081012141673
20201.510062877245
20000.000000000062
19801.49006212723
19605.920988138463
19413.234972942853
19223.375624759763
19036.287923854896
18851.918182675145
18670.214007328108
18491.12426035508
18314.59902474765
18140.58956916104
17969.0483142787
17799.92880028485
17633.18565540352
17468.774565464286
17306.652244456505
17146.776406035715
16989.10573594687
16833.5998653313
16680.21934488448
16528.9256198348
16379.68100571251
16232.448664881194
16087.19258380431
15943.8775510205
15802.469135802561
15662.933667476009
15525.238215373956
15389.350569406055
15255.239221220128
15122.873345935815
14992.222784430664
14863.258026159418
14735.950192488432
14610.27102052751
14486.192847442368
14363.688595231335
14242.731755950868
14123.29637737456
14005.357049071346
13888.888888888969
13773.867529829111
13660.269107301494
13548.07024674431
13437.248051599112
13327.780091628563
13219.644391565946
13112.819420085634
13007.284079084366
12903.017693263087
12800.000000000076
12698.211139505791
12597.631645250764
12498.242434657699
12400.02480004967
12302.960399846284
12207.031250000076
12112.2197156657
12018.508503094825
11925.880651749438
11834.319526627283
11743.808810792625
11654.332498106232
11565.874886148476
11478.420569329719
11391.954432182325
11306.461642828934
11221.927646621552
11138.338159946585
11055.679164190706
10973.936899862878
10893.09786086796
10813.14878892739
10734.076668142654
10655.868719697428
10578.512396694265
10501.99537912208
10426.305568950516
10351.431085347596
10277.36026001726
10204.08163265311
10131.58394650528
10059.856144057185
9988.887362808924
9918.666931164493
9849.184364419867
9780.429360848984
9712.391797885166
9645.061728395107
9578.429377042949
9512.485136742018
9447.219565191765
9382.623381497513
9318.687462870848
9255.402841408662
9192.76070094799
9130.7523739956
9069.369338729593
9008.603216071333
8948.445766825856
8888.888888888876
8829.924614518588
8771.545107670698
8713.74266139483
8656.509695290835
8599.838753023361
8543.722499893176
8488.153720463852
8433.125316242173
8378.630303411113
8324.661810613918
8271.213076787843
8218.27744904665
8165.848380610161
8113.919428780043
8062.484252960481
8011.536612722355
7961.070365910736
7911.079466793278
7861.557964249596
7812.500000000034
7763.899806873034
7715.751707110104
7668.050110707511
7620.789513793665
7573.9644970414565
7527.569724114609
7481.599940147237
7436.049970255836
7390.914718082835
7346.18916437102
7301.868365568074
7257.94745246048
7214.421628836078
7171.286170174656
7128.536422365823
7086.167800453545
7044.175787406806
7002.555932915547
6961.303852211551
6920.415224913525
6879.885793895851
6839.711364180461
6799.887801851302
6760.411032990836
6721.277042638135
6682.481873767952
6644.021626290426
6605.8924560708465
6568.090573969048
6530.612244897991
6493.453786901116
6456.611570247967
6420.082016547795
6383.861597880593
6347.9468359452785
6312.334301224623
6277.020612166468
6242.002434380984
6207.276479853544
6172.839506172871
6138.68831577416
6104.8197551967605
6071.230714356212
6037.918125830251
6004.87896415841
5972.110245155157
5939.609025235946
5907.372400756176
5875.397507362637
5843.681519357219
5812.2216490726205
5781.015146259717
5750.059297486532
5719.351425548372
5688.88888888892
5658.669081032172
5628.689430024866
5598.9473978892265
5569.4404800857965
5540.166204986178
5511.1221333554095
5482.30585784384
5453.715002488288
5425.347222222252
5397.200202395045
5369.271658299592
5341.5593347088225
5314.061005420379
5286.774472809496
5259.697567389912
5232.828147382644
5206.1640982924155
5179.703332491668
5153.44378881191
5127.383432142322
5101.520253035442
5075.852267319796
5050.377515719338
5025.094063479538
5000.000000000036
4975.0934384736765
4950.37251553183
4925.835390895861
4901.48024703464
4877.305288827958
4853.308743235736
4829.488858972924
4805.843906189965
4782.372176158713
4759.0719809637485
4735.941653198867
4712.97954566881
4690.184031095952
4667.553501832051
4645.086369574719
4622.781065088792
4600.636037932278
4578.649756186935
4556.820706193325
4535.147392290282
4513.628336558733
4492.262078569698
4471.047175136539
4449.982200071234
4429.065743944672
4408.296413850901
4387.672833175227
4367.193641366092
4346.857493710677
4326.663061114149
4306.6090298825175
4286.694101508951
4266.916992463591
4247.276433986741
4227.771171885353
4208.399966332833
4189.161591671981
4170.05483622113
4151.078502083356
4132.231404958709
4113.512373959443
4094.9202514281365
4076.453892758721
4058.112166220309
4039.8939527837715
4021.7981459510856
4003.823651587298
3985.9693877551354
3968.2342845521925
3950.617283950649
3933.1173396394656
3915.73341686901
3898.464492298128
3881.309553843498
3864.2676005313683
3847.3376423515224
3830.5187001135087
3813.809805305039
3797.209999952566
3780.7183364839634
3764.3338775933034
3748.0556961076745
3731.882874856004
3715.8145065398653
3699.8496936062265
3683.9875481221184
3668.2271916511427
3652.5677551318877
3637.008378758081
3621.5482118605996
3606.1864127911736
3590.9221488078406
3575.754595962108
3560.6829389877266
3545.706371191165
3530.8240943436476
3516.0353185748036
3501.339262267844
3486.7351519563044
3472.2222222222513
3457.7997155960034
3443.466882457289
3429.2229809378373
3415.0672768253835
3400.99904346905
3387.017561686089
3373.12211966997
3359.3120128997884
3345.58654405095
3331.9450229071504
3318.3867662736066
3304.9110978914964
3291.517348353654
3278.204855021419
3264.972961942688
3251.8210197711005
3238.7483856863796
3225.7544233157823
3212.8385026566425
3200.0000000000286
3187.238297855416
3174.55278487646
3161.9428557877663
3149.407911312703
3136.9473581021757
3124.560608664435
3112.2470812958118
3100.0062000124276
3087.8373944828336
3075.7400999615807
3063.713757223689
3051.757812500028
3039.8717174135472
3028.0549289164305
3016.306909228034
3004.627125773712
2993.0150511244588
2981.470162937364
2969.991943895367
2958.5798816552756
2947.233468781696
2935.9522026965224
2924.7355856234817
2913.583124526562
2902.49433106578
2891.4687215371237
2880.5058168214523
2869.6051423324343
2858.7662279651854
2847.9886080455867
2837.2718212802665
2826.615410707239
2816.018923647186
2805.481911655393
2795.003930474297
2784.584539986655
2774.2233041693307
2763.919791047682
2753.6735726505335
2743.484224965724
2733.35132789626
2723.2744652169968
2713.253224531896
2703.2871972318526
2693.3759784530116
2683.5191670356694
2673.716365483678
2663.967179924363
2654.271220068963
2644.628099173572
2635.0374340005656
2625.498844780527
2616.011955174653
2606.576392237635
2597.1917863809945
2587.857771336907
2578.573984122449
2569.340065004321
2560.1556574639917
2551.0204081632833
2541.9339669103933
2532.895986626327
2523.906123311761
2514.9640360143035
2506.069386796164
2497.221840702235
2488.42106572855
2479.6667327911296
2470.9585156952376
2462.2960911049736
2453.6791385132733
2445.107340212253
2436.580381263932
2428.097949471298
2419.6597353497345
2411.2654320987804
2402.9147355742666
2394.6073442607417
2386.34295924426
2378.1212841855076
2369.9420252932223
2361.8048912979443
2353.709593426104
2345.65584537438
2337.643363284404
2329.671865717728
2321.7410736311317
2313.8507103521833
2306.000501555125
2298.1901752370163
2290.4194616941804
2282.6880934989185
2274.9958054765
2267.3423346824175
2259.7274203799325
2252.150804017854
2244.6122292085934
2237.1114417064837
2229.648189386332
2222.222222222237
2214.8332922666477
2207.481153629667
2200.16556245859
2192.886276917694
2185.6430571682413
2178.4356653487284
2171.2638655553565
2164.1274238227306
2157.02610810477
2149.9596882558585
2142.9279360121845
2135.9306249733145
2128.967530583963
2122.038430115983
2115.1431026505516
2108.2813290605645
2101.452891993215
2094.6575758528
2087.89516678369
2081.1654526535003
2074.468223036464
2067.803269196983
2061.1703840733503
2054.5693622616836
2048.0000000000136
2041.4620951525612
2034.9554471941915
2028.4798571950319
2022.03512780527
2015.6210632401242
2009.2374692649582
2002.8841531805915
1996.5609238087522
1990.2675914776876
1984.003968007948
1977.7698666983242
1971.5651023119176
1965.3894910624072
1959.2428506003976
1953.125000000014
1947.0357597455404
1940.9749517182663
1934.942399183472
1928.9379267775325
1922.9613604951815
1917.012527676885
1911.0912569964044
1905.1973784484248
1899.330723336383
1893.491124260372
1887.6784151052186
1881.8924310286593
1876.1330084496508
1870.3999850368161
1864.6931996970038
1859.012492563967
1853.3577049871703
1847.7286795207167
1842.1252599123773
1836.5472910927629
1830.9946191645806
1825.4670913920263
1819.9645561902844
1814.4868631151267
1809.033862852638
1803.6054072090276
1798.2013491005796
1792.8215425436715
1787.4658426449298
1782.1341055914613
1776.8261886412097
1771.5419501133945
1766.2812493790573
1761.043946851708
1755.829903978069
1750.638983228895
1745.4710480899253
1740.3259630528948
1735.2035936066577
1730.10380622839
1725.02646837489
1719.9714484739716
1714.9386159159326
1709.927841045123
1704.938995151594
1699.971950462832
1695.026580135575
1690.1027582477168
1685.2003597902908
1680.3192606595399
1675.4593376490516
1670.6204684419936
1665.8025316034118
1661.005406572613
1656.2289736556227
1651.4731140177191
1646.7377096760397
1642.0226434922681
1637.3277991653872
1632.6530612245028
1627.9983150217574
1623.3634467252855
1618.7483433122584
1614.1528925619987
1609.5769830491572
1605.020504136956
1600.4833459704982
1595.9653994701553
1591.4665563250016
1586.9867089863296
1582.5257506612156
1578.0835753061647
1573.6600776208004
1569.2551530416238
1564.8686977358466
1560.5006085952532
1556.1507832301581
1551.819119963391
1547.5055178243774
1543.2098765432258
1538.9320965449226
1534.6720789435474
1530.4297255365748
1526.204938799197
1521.9976218787313
1517.807678589062
1513.6350134051456
1509.4795314575692
1505.341138527151
1501.2197410396109
1497.1152460602636
1493.0275612887963
1488.9565950540727
1484.9022563089934
1480.8644546254027
1476.8431001890515
1472.8381037945985
1468.8493768406681
1464.8768313249411
1460.9203798393137
1456.9799355650762
1453.055412268162
1449.1467242944173
1445.2537865649363
1441.376514571431
1437.5148243716394
1433.6686325847948
1429.8378563871001
1426.0224135073013
1422.2222222222363
1418.437201352494
1414.66727025805
1410.9123488339853
1407.172357506224
1403.4472172273304
1399.736849472314
1396.0411762345075
1392.3601200214573
1388.6936038508634
1385.0415512465515
1381.4038862344973
1377.7805333388592
1374.171417578071
1370.5764644609667
1366.9955999829272
1363.4287506220799
1359.875843335518
1356.3368055555695
1352.8115651860917
1349.3000505987734
1345.802190629536
1342.3179145749086
1338.8471521884499
1335.389833677216
1331.945889698251
1328.5152513551052
1325.0978501943955
1321.6936182023846
1318.3024878016022
1314.9243918474888
1311.5592636250715
1308.2070368456712
1304.8676456436378
1301.5410245731136
1298.2271086048313
1294.9258331229275
1291.6371339218017
1288.3609472029882
1285.0972095720667
1281.8458580355914
1278.6068299980543
1275.3800632588711
1272.1654960093958
1268.96306682996
1265.7727146869377
1262.5943789298447
1259.4279992884424
1256.273515869894
1253.1308691559261
1250.0000000000196
1246.8808496246302
1243.7733596184298
1240.6774719335685
1237.593128882968
1234.5202731376294
1231.4588477239752
1228.408796021203
1225.3700617586696
1222.3425890132976
1219.3263222069995
1216.321206104127
1213.3271858089445
1210.3442067631195
1207.3722147432413
1204.4111558583504
1201.4609765475002
1198.5216235773366
1195.5930440396883
1192.6751853491965
1189.7679952409467
1186.8714217681304
1183.9854132997266
1181.1099185181984
1178.244886417212
1175.3902662993753
1172.5460077739986
1169.7120607548636
1166.8883754580224
1164.0749023996136
1161.271592393689
1158.47839655007
1155.6952662722078
1152.9221532550782
1150.159009483079
1147.405787227958
1144.6624390467432
1141.9289177797086
1139.2051765483411
1136.4911687533304
1133.7868480725808
1131.0921684592297
1128.4070841396924
1125.7315496117114
1123.065519642434
1120.4089492664996
1117.7617937841442
1115.1240087593167
1112.495550017818
1109.8763736454484
1107.2664359861774
1104.6656936403206
1102.074103462735
1099.4916225610364
1096.9182082938169
1094.3538182688867
1091.7984103415329
1089.2519426127792
1086.7143734276779
1084.1856613735995
1081.6657652785466
1079.154644209476
1076.6522574706382
1074.1585646019278
1071.6735253772467
1069.1970998028837
1066.7292481159068
1064.2699307825624
1061.8191084966943
1059.3767421781752
1056.942792971348
1054.5172222434765
1052.0999915832172
1049.6910627990972
1047.2903979180041
1044.897959183691
1042.5137090552912
1040.1376102058466
1037.7696255208477
1035.4097180967788
1033.057851239687
1030.7139884637509
1028.3780934898696
1026.0501302442551
1023.7300628570435
1021.4178556609061
1019.1134731482939
1016.8168801770448
1014.5280415550858
1012.2469224530455
1009.9734881959519
1007.7077043033062
1005.4495364877803
1003.1989506539144
1000.9559128968327
998.7203895009682
996.4923469387923
994.2717518695579
992.0585711380559
989.8527717733741
987.65432098767
985.4631861749526
983.2793349098738
981.1027349465272
978.9333542172603
976.7711608314922
974.61612307454
972.4682094064577
970.3273884608825
968.1936290438887
966.0669001328502
963.9471708753159
961.8344105878887
959.7285887551155
957.629675028385
955.5376392248353
953.4524513262683
951.3740814780705
949.3024999881496
947.237677325869
945.1795841209988
943.128191162669
941.0834693983336
939.0453899327447
937.013924026926
934.9890430971666
932.9707187140089
930.9589226012542
928.9536266349735
926.9548028425219
924.9624234015638
922.9764606391063
920.9968870305365
919.0236751986674
917.0567979127933
915.0962280877505
913.1419387829792
911.1939032016084
909.2520946895276
907.3164867344801
905.3870529651576
903.4637671502975
901.5466031978002
899.6355351538352
897.7305372019672
895.8315836622855
893.9386489905341
892.0517077772562
890.1707347469386
888.2957047571713
886.4265927977979
884.5633739900921
882.7060235859194
880.8545169669242
879.0088296437078
877.1689372550236
875.334815566968
873.5064404721875
871.6837879890827
869.866834261024
868.0555555555684
866.2499282636933
864.449928899009
862.6555340970149
860.8667206143298
859.0834653279437
857.3057452344668
855.5335374493918
853.7668192063538
852.0055678564011
850.2497608672707
848.4993758226617
846.7543904215295
845.0147824773662
843.2805299175002
841.551610782395
839.8280032249545
838.1096855098322
836.3966360127449
834.6888332197964
832.9862557267953
831.2888822385921
829.5966915684096
827.9096626371763
826.2277744728815
824.5510062099149
822.8793370884199
821.2127464536585
819.5512137553626
817.8947185471063
816.2432404856795
814.5967593304567
812.9552549427824
811.3187072853523
809.6870964216017
808.060402515102
806.438605828953
804.8216867251851
803.2096256641685
801.6024032040189
800.000000000014
798.4023968040096
796.8095744638615
795.2215139228522
793.6381962191222
792.0596024851011
790.4857139469492
788.9165119239944
787.351977828182
785.7920931635249
784.2368395255507
782.6861986007668
781.1401521661154
779.5986820884417
778.0617703239595
776.5293989177264
775.0015500031143
773.4782058012942
771.9593486207151
770.4449608565951
768.9350249904022
767.429523589359
765.928439305929
764.4317548773274
762.9394531250141
761.4515169542019
759.9679293533895
758.4886733938372
757.0137322291108
755.5430890945936
754.0767273070121
752.6146302639595
751.1567814434313
749.703164403352
748.2537627811173
746.8085602931302
745.3675407343437
743.9306879778093
742.4979859742211
741.0694187514725
739.6449704142093
738.2246251433846
736.8083671958254
735.3961809037917
733.988050674543
732.5839609899124
731.1838964058733
729.7878415521197
728.3957811316434
727.0076999203095
725.6235827664475
724.2434145904344
722.8671803842835
721.4948652112389
720.1264542053661
718.7619325711537
717.401285583112
716.0444985853719
714.6915569912987
713.3424462830911
711.9971520113996
710.6556597949298
709.3179553200691
707.9840243404981
706.6538526768115
705.3274262161459
704.0047309117988
702.6857527828624
701.3704779138509
700.0588924543347
698.7509826185765
697.4467346851668
696.1461349966661
694.8491699592461
693.5558260423343
692.2660897782658
690.9799477619232
689.6973866503973
688.4183931626358
687.1429540791029
685.8710562414335
684.6026865521
683.3378319740675
682.0764795304658
680.8186163042515
679.56422943788
678.313306132977
677.0658336500103
675.8217993079652
674.5811904840273
673.3439946132555
672.1101991882658
670.8797917589196
669.6527599320041
668.4290913709217
667.2087737953823
665.9917949810928
664.7781427594521
663.5678050172442
662.3607696963397
661.1570247933952
659.9565583595529
658.7593585001435
657.5654133743944
656.3747111951338
655.1872402285032
654.0029887936657
652.8219452625193
651.6440980594109
650.4694356608559
649.2979465952512
648.1296194425993
646.9644428342287
645.8024054525162
644.6434960306151
643.487703352175
642.3350162510831
641.1854236111794
640.0389143660001
638.8954774985077
637.755102040823
636.6177770739683
635.4834917276007
634.352235179754
633.2239966565837
632.098765432105
630.9765308279425
629.8572822130727
628.7410090035778
627.6277006623884
626.5173466990432
625.4099366694327
624.3054601755613
623.2039068652987
622.1052664321393
621.0095286149606
619.9166831977848
618.8267200095363
617.7396289238111
616.6553998586372
615.5740227762451
614.4954876828281
613.41978462832
612.3469037061593
611.2768350530648
610.2095688488076
609.1450953159851
608.0834047197974
607.0244873678269
605.9683336098125
604.9149338374355
603.8642784840956
602.8163580246978
601.7711629754331
600.7286838935686
599.6889113772287
598.6518360651871
597.6174486366538
596.585739811067
595.556700347885
594.530321046379
593.5065927454261
592.4855063233069
591.4670526975021
590.451222824488
589.43800769954
588.4273983565284
587.4193858677237
586.4139613435975
585.4111159326278
584.4108408211027
583.413127232928
582.417966429434
581.4253497091838
580.4352684077846
579.4477138976972
578.4626775880477
577.4801509244435
576.5001253887833
575.5225924990758
574.5475438092553
573.5749709090003
572.6048654235476
571.6372190135173
570.6720233747324
569.7092702380372
568.7489513691264
567.791058568363
566.835583670606
565.8825185450373
564.9318550949846
563.9835852577573
563.0377010044646
562.0941943398575
561.1530573021499
560.2142819628565
559.2778604266226
558.3437848310612
557.4120473465848
556.4826401762432
555.5555555555613
554.6307857523732
553.708323066664
552.7881598304103
551.8702884074183
550.9547011931668
550.0413906146493
549.1303491302175
548.2215692294249
547.315043432875
546.4107642920619
545.5087243892233
544.6089163371839
543.7113327792065
542.8159663888412
541.9228098697746
541.0318559556838
540.1430974100865
539.2565270261941
538.3721376267665
537.4899220639664
536.6098732192145
535.7319840030482
534.8562473549739
533.9826562433306
533.1112036651448
532.2418826459925
531.3746862398584
530.509607528998
529.6466396237977
528.7857756626395
527.9270088117665
527.070332265142
526.2157392443198
525.3632229983059
524.5127768034271
523.6643939632022
522.818067808201
521.9737916959241
521.1315590106626
520.2913631633763
519.453197591561
518.6170557591179
517.782931156234
516.9508172992474
516.1207077305255
515.292596018339
514.4664757567368
513.6423405654223
512.8201840896304
512.0000000000048
511.1817819924767
510.3655237881427
509.55121913314343
508.7388617985491
507.92844558023353
507.1199642987599
506.3134117991682
505.50878195122823
504.7060686487713
503.9052658099412
503.1063673770781
502.3093673162419
501.5142596176381
500.7210382951499
499.92969738631007
499.14023095218965
498.3526330772887
497.5668978694233
496.783019459617
496.0009920019888
495.22080967364786
494.44246667458276
493.6659572275517
492.8912755779811
492.1184159938535
491.34737276560287
490.57814020601063
489.81071265010087
489.0450844550347
488.2812500000048
487.5192036861398
486.75893993638795
486.0004531954295
485.2437379295692
484.48878862663264
483.7355997958708
482.984165967856
482.2344816943861
481.4865415483831
480.74034012379747
479.9958720355078
479.2531319192242
478.5121144313935
477.7728142491035
477.03522606998206
476.29934461210826
475.5651646139162
474.83268083409774
474.1018880515133
473.37278106509564
472.6453546937586
471.9196037763072
471.19552317134105
470.47310775716755
469.7523524317096
469.03325211241565
468.31580173617056
467.5999962592063
466.88583065701437
466.1732999242533
465.4623990746676
464.7531231409944
464.04546717488074
463.33942624679565
462.6349954459438
461.93216988018173
461.2309446759317
460.53131497809727
459.83327594997934
459.13682277319333
458.44195064758486
457.7486547911475
457.05693043994154
456.3667728480094
455.6781772872977
454.99113904757377
454.30565343634646
453.6217157787851
452.9393214176391
452.25846571316185
451.5791440430287
450.90135180225985
450.22508440314095
449.5503372751476
448.8771058648664
448.20538563592106
447.53517206888944
446.86646066123524
446.1992469272277
445.5335263978684
444.8692946208141
444.20654716030526
443.54527959709003
442.88548752835095
442.2271665676328
441.5703123447672
440.9149205058022
440.2609867129297
439.6085066444141
438.9574759945195
438.3078904734391
437.6597458072264
437.01303773772116
436.3677620224834
435.7239144347226
435.0814907632265
434.44048681229395
433.800898401667
433.1627213664617
432.5259515570991
431.8905848392436
431.2566170937247
430.62404421648347
429.99286211849505
429.36306672571004
428.73465397898553
428.10761983401835
427.48196026128323
426.8576712459671
426.234748787901
425.61318890150403
424.9929876157106
424.3741409739132
423.7566450338967
423.1404958677745
422.5256895619324
421.91222221695443
421.30008994757577
420.6892888826088
420.07981516488735
419.4716649512088
418.8648344122652
418.2593197325923
417.6551171105009
417.0522227580245
416.45063290085534
415.85034377828686
415.25135164315566
414.6536527617805
414.0572434139083
413.46211989265043
412.868278504432
412.2757155689284
411.68442741901197
411.0944104006947
410.50566087307004
409.91817520825737
409.33194979134925
408.74698102035103
408.16326530612844
407.58079907235236
406.99957875544175
406.4196008045135
405.8408616813232
405.26335786021605
404.68708582806676
404.1120420842341
403.5382231405017
402.96562552102887
402.394245762293
401.82408041304234
401.2551260342422
400.6873791990233
400.120836492628
399.55549451236186
398.9913498675421
398.42839917944355
397.8666390812534
397.3060662180158
396.7466772465846
396.18846883557404
395.63143766530646
395.07558042776554
394.52089382654447
393.96737457679956
393.4150194052029
392.86382504988876
392.3137882604094
391.76490579768677
391.21717443396386
390.6705909527597
390.125152148816
389.58085482805836
389.03769580754226
388.4956719154118
387.95477999085074
387.41501688403764
386.87637945609737
386.33886457905913
385.80246913580936
385.2671900200453
384.73302413623264
384.1999683995592
383.6680197358894
383.1371750817227
382.60743138414625
382.0787856007946
381.5512346998021
381.02477565976335
380.49940546968566
379.975121128951
379.45191964726837
378.9297980446345
378.4087533512892
377.88878260767535
377.36988286439475
376.8520511821687
376.3352846317909
375.81958029409486
375.30493525990494
374.7913466299999
374.2788115150687
373.76732703567205
373.2568903222019
372.7474985148406
372.2391487635215
371.7318382278868
371.22556407725057
370.72032349056076
370.21611365635374
369.71293177271986
369.2107750472657
368.70964069707094
368.20952594865247
367.71042803792636
367.2123442101695
366.71527171997934
366.2192078312377
365.7241498170756
365.2300949598314
364.7370405510147
364.244983891272
363.7539222903464
363.26385306704276
362.7747735491903
362.2866810736066
361.7995729860605
361.31344664123634
360.82829940270017
360.34412864286037
359.86093174293364
359.3787060929129
358.8974490915245
358.41715814620113
357.93783067304145
357.45946409677765
356.98205585074146
356.50560337682714
356.03010412546075
355.55555555556157
355.0819551345135
354.60930033812633
354.1375886506049
353.6668175645149
353.19698458075027
352.7280872084986
352.2601229652089
351.7930893765588
351.32698397642116
350.86180430683476
350.3975479179654
349.9342123680808
349.4717952235135
349.01029405862954
348.5497064558001
348.0900300053663
347.6312623056099
347.17340096271823
346.7164435907582
346.2603878116401
345.80523125509313
345.3509715586273
344.8976063675052
344.4451333347174
343.99355012094094
343.5428543945203
343.09304383142927
342.64411611524395
342.19606893711534
341.74889999573406
341.30260699730684
340.8571876555223
340.41263969152385
339.96896083388185
339.5261488185614
339.08420138889505
338.6431162955587
338.20289129652724
337.76352415706776
337.3250126496971
336.88735455415804
336.4505476573883
336.0145897534966
335.57947864373153
335.1452121364556
334.7117880471169
334.27920419822203
333.8474576446815
333.4165485469176
332.9864724245673
332.5572279027249
332.12881283878085
331.70122509702173
331.2744625486032
330.848523071524
330.4234045506006
329.9991048774374
329.57562195040475
329.1529536746111
328.73109796187623
328.3100527307075
327.8898159062719
327.4703854203729
327.0517592114219
326.63393522441675
326.2169114109133
325.80068572900257
325.3852561432826
324.9706206248384
324.5567771512121
324.1437237063818
323.7314582807364
323.31997887104853
322.90928348045475
322.4993701184269
322.09023680075126
321.6818815495026
321.2743023930209
320.86749736588763
320.4614645089021
320.05620186905725
319.6517074995178
319.2479794595939
318.845015814722
318.4428146364369
318.0413740023529
317.64069199613846
317.24076670749434
316.841596232129
316.4431786717388
316.04551213398383
315.64859473246526
315.25242458670334
314.85699982211446
314.4623185699916
314.06837896747777
313.675179157548
313.2827172889856
312.89099151636094
312.500000000009
312.10974090600865
311.7202124061615
311.33141267796856
310.9433399046112
310.5559922749283
310.1693679833958
309.7834652301063
309.39828222074567
309.0138171665759
308.6300682844111
308.24703379659877
307.8647119309977
307.4831009209589
307.1021990053045
306.72200442830734
306.3425154396713
305.9637302945101
305.58564725332855
305.20826458200094
304.83158055175375
304.4555934391426
304.0803015260356
303.70570309959095
303.3317964522399
302.95857988166523
302.5860516907837
302.21421018772503
301.8430536858141
301.4725805035503
301.1027889645911
300.7336773977296
300.3652441368789
299.9974875210505
299.63040589433785
299.26399760589663
298.8982610099257
298.5331944656506
298.16879633730264
297.8050649941024
297.44199881024025
297.0795961648592
296.71785544203635
296.3567750307643
295.9963533249352
295.63658872331996
295.27747962955317
294.9190244521131
294.56122160430624
294.20406950424854
293.84756657484763
293.49171124378574
293.13650194350316
292.78193711117996
292.42801518871914
292.0747346227297
291.72209386450913
291.3700913700266
291.0187255999068
290.667995019412
290.31789809842587
289.9684333114369
289.6195991375208
289.2713940603262
288.92381656805554
288.5768651534499
288.23053831377297
287.8848345507945
287.53975237077356
287.19529028444276
286.85144680699284
286.50822045805586
286.1656097616893
285.8236132463609
285.48222944493057
285.1414568946394
284.8012941370888
284.4617397182274
284.122792188336
283.78445010201074
283.4467120181486
283.1095764999317
282.77304211481123
282.437107434494
282.10177103492623
281.7670314962788
281.4328874029311
281.0993373434576
280.7663799106119
280.43401370131267
280.10223731662836
279.7710493617628
279.4404484460395
279.11043318288887
278.78100218983263
278.45215408846855
278.1238875044578
277.79620106750934
277.46909341136563
277.1425631737892
276.81660899654764
276.49122952540034
276.1664234100833
275.84218930429586
275.51852586568714
275.19543175584073
274.87290564026273
274.5509461883657
274.2295520734576
273.9087219727257
273.588454567225
273.2687485418629
272.9496025853864
272.6310153903694
272.312985653198
271.9955120740583
271.67859335692276
271.3622282095362
271.04641534340345
270.73115347377615
270.4164413196402
270.1022776037008
269.78866105237216
269.4755903957629
269.16306436766286
268.85108170553167
268.5396411504853
268.2287414472827
267.91838134431487
267.6085595935905
267.2992749507239
266.99052617492447
266.68231202898
266.37463127924843
266.06748269564366
265.760865051623
265.45477712417653
265.1492176938125
264.84418554454703
264.5396794638914
264.23569824283993
263.9322406758587
263.6293055608723
263.32689169925254
263.0249978958075
262.72362295876815
262.4227656997774
262.12242493387885
261.8225994795039
261.5232881584619
261.2244897959258
260.926203220424
260.628427263826
260.33116076133274
260.0344025514646
259.7381514760507
259.44240638021495
259.14716611236906
258.8524295241979
258.55819547064937
258.26446280992445
257.97123040346463
257.67849711594044
257.3862618152429
257.0945233724705
256.8032806619176
256.51253256106685
256.22227795057495
255.9325157142638
255.64324473910887
255.35446391522953
255.06617213587703
254.77836829742546
254.49105129935907
254.2042200442641
253.91787343781706
253.6320103887743
253.34662980896155
253.0617306132644
252.7773117196162
252.49337204899072
252.20991052538875
251.92692607582973
251.64441763034068
251.36238412194785
251.08082448666454
250.79973766348166
250.51912259435795
250.2389782242113
249.95930350090583
249.6800973752452
249.40135880096017
249.12308673470085
248.84528013602534
248.5679379673919
248.2910591941469
248.01464278451635
247.73868770959717
247.46319294334603
247.18815746257042
246.91358024691982
246.6394602788754
246.36579654374054
246.09258802963248
245.81983372747064
245.54753263097132
245.27568373663445
245.00428604373542
244.73333855431773
244.46284027318126
244.19279020787548
243.92318736868793
243.65403076863743
243.3853194234629
243.1170523516168
242.84922857425343
242.58184711522313
242.31490700105945
242.04840726097444
241.7823469268469
241.51672503321504
241.25154061726636
240.98679271883137
240.7224803803718
240.45860264697458
240.1951585663412
239.9321471887813
239.66956756720123
239.40741875709864
239.1456998165516
238.8844098062113
238.62354778929324
238.36311283156908
238.10310400135864
237.84352036951975
237.58436100944272
237.3256249970396
237.0673114107371
236.80941933146943
236.55194784266723
236.29489603025166
236.03826298262692
235.78204779066928
235.5262495477222
235.27086734958598
235.01590029451035
234.76134748318827
234.50720801874579
234.2534810067337
234.00016555512326
233.74726077429386
233.49476577702848
233.2426796785045
232.99100159628568
232.7397306503157
232.48886596290944
232.2384066587455
231.98835186485886
231.73870071063266
231.4894523277914
231.24060585039305
230.99216041482183
230.74411515977863
230.49646922627812
230.24922175763652
230.00237189946606
229.75591879966908
229.5098616084281
229.26419947820045
229.01893156370994
228.77405702193948
228.5295750121249
228.2854846957469
228.04178523652365
227.79847580040425
227.55555555556134
227.31302367238402
227.07087932347076
226.82912168362242
226.5877499298341
226.34676324129134
226.10616079935872
225.86594178757645
225.62610539165166
225.38665079945247
225.14757720099897
224.90888378846097
224.6705697561455
224.4326343004939
224.19507662007447
223.95789591557343
223.72109138979192
223.48466224763567
223.24860769611053
223.01292694431578
222.7776192034364
222.54268368673678
222.30811960955498
222.07392618929498
221.8401026454212
221.6066481994517
221.37356207495122
221.14084349752494
220.90849169481302
220.67650589648184
220.44488533422066
220.2136292417328
219.98273685473072
219.75220741092897
219.52204015003787
219.2922343137579
219.06278914577274
218.83370389174405
218.6049777993037
218.37661011804911
218.14860009953566
217.92094699727272
217.6936500667149
217.46670856525793
217.24012175223157
217.01388888889417
216.78800923842707
216.56248206592534
216.3373066383973
216.11248222475427
215.88800809580633
215.66388352425577
215.4401077846919
215.21668015358443
214.9935999092788
214.77086633198817
214.54847870378978
214.32643630861855
214.1047384322615
213.88338436234994
213.66237338835748
213.44170480159062
213.2213778951856
213.00139196410234
212.78174630511757
212.56244021681957
212.34347299960442
212.1248439556678
211.9065523890005
211.68859760538442
211.4709789123842
211.25369561934363
211.03674703737983
210.82013247937715
210.603851259983
210.38790269560113
210.17228610438642
209.95700080624079
209.74204612280607
209.52742137746
209.31312589531007
209.09915900318828
208.88552002964673
208.67220830495089
208.45922316107607
208.24656393170096
208.03422995220217
207.82222055965028
207.61053509280367
207.3991728921044
207.18813329967094
206.9774156592962
206.7670193164389
206.55694361822216
206.34718791342533
206.13775155248072
205.92863388746707
205.7198342721072
205.5113520617598
205.30318661341647
205.09533728569704
204.88780343884238
204.68058443471242
204.47367963677846
204.2670884101208
204.0608101214218
203.85484413896216
203.64918983261634
203.44384657384592
203.23881373569742
203.03409069279581
202.82967682133955
202.62557149909765
202.42177410540222
202.2182840211463
202.0151006287773
201.81222331229378
201.6096514572397
201.40738445070065
201.20542168129793
201.00376253918554
200.802406416044
200.60135270507692
200.4006008010063
200.20015010006767
200.0000000000053
199.800149900068
199.60059920100406
199.40134730505872
199.20239361596703
199.003737538951
198.80537848071472
198.6073158494402
198.40954905478225
198.2120775078651
198.0149006212768
197.81801780906676
197.62142848673886
197.4251320712491
197.22912798100037
197.03341563583814
196.83799445704722
196.64286386734594
196.44802329088276
196.25347215323188
196.05920988138922
195.86523590376765
195.67154965019324
195.47815055190074
195.2850380415306
195.09221155312184
194.89967052211205
194.70741438532977
194.51544258099142
194.32375454869907
194.1323497294331
193.94122756555055
193.75038750077996
193.5598289802181
193.36955145032505
193.1795543589207
192.9898371551803
192.8003992896319
192.61124021415043
192.42235938195415
192.23375624760192
192.0454302669889
191.85738089734122
191.6696075972131
191.4821098264839
191.29488704635202
191.10793871933328
190.92126430925524
190.73486328125477
190.54873510177083
190.36287923855082
190.17729516063224
189.9919823383474
189.80694024332058
189.62216834845952
189.43766612795548
189.25343305727787
189.06946861317073
188.8857722736489
188.70234351799417
188.51918182675314
188.3362866817311
188.1536575659901
187.97129396384463
187.78919536085817
187.60736124383914
187.42579110083807
187.24448442114408
187.06344069527944
186.88265941499884
186.70214007328272
186.52188216433683
186.34188518358616
186.16214862767328
185.98267199445257
185.8034547829896
185.62449649355537
185.44579662762402
185.26735468786833
185.08917017815745
184.91124260355252
184.7335714703037
184.5561562858466
184.37899655879875
184.20209179895676
184.02544151729205
183.84904522594832
183.67290243823723
183.49701266863627
183.3213754327838
183.14599024747824
182.9708566306719
182.79597410146874
182.62134218012193
182.44696038803036
182.27282824773397
182.09894528291122
181.9253110183767
181.75192498007766
181.57878669508898
181.40589569161244
181.23325149897107
181.06085364760918
180.8887016690848
180.71679509607134
180.54513346235035
180.37371630281004
180.2025431534433
180.0316135513419
179.86092703469592
179.6904831427888
179.5202814159955
179.3503213957784
179.1806026246842
179.01112464634332
178.84188700546252
178.67288924782503
178.50413092028697
178.33561157077327
178.16733074827607
177.99928800285025
177.83148288561136
177.663914948733
177.49658374544194
177.3294888300179
177.16262975778776
176.99600608512492
176.82961736944475
176.66346316920345
176.49754304389214
176.33185655403702
176.1664032611946
176.00118272795015
175.83619451791327
175.6714381957159
175.50691332700998
175.34261947846332
175.17855621775698
175.01472311358407
174.85111973564477
174.6877456546444
174.52460044229088
174.36168367129187
174.19899491535136
174.03653374916684
173.8742997484276
173.71229248981192
173.5505115509819
173.38895651058405
173.22762694824445
173.0665224445669
172.90564258112894
172.74498694048123
172.58455510614252
172.42434666259942
172.26436119530155
172.10459829065925
171.9450575360425
171.78573851977606
171.62664083113856
171.46776406035877
171.3091077986137
171.15067163802536
170.99245517165804
170.8344579935174
170.67667969854455
170.5191198826168
170.36177814254359
170.20465407606315
170.04774728184213
169.8910573594702
169.73458390946075
169.5783265332443
169.42228483317103
169.26645841250303
169.110846875415
168.95544982699175
168.80026687322416
168.64529762100693
168.4905416781384
168.3359986533141
168.18166815612773
168.02754979706694
167.87364318751133
167.71994793973022
167.56646366687994
167.41318998300147
167.26012650301715
167.10727284273065
166.95462861882208
166.80219344884614
166.64996695123068
166.49794874527362
166.34613845114083
166.19453568986307
166.04314008333506
165.89195125431115
165.74096882640504
165.59019242408533
165.43962167267517
165.28925619834942
165.13909562813024
164.98913958988862
164.83938771233846
164.68983962503614
164.54049495837833
164.39135334359892
164.24241441276664
164.09367779878392
163.9451431353834
163.79681005712604
163.64867819940022
163.50074719841666
163.35301669120912
163.20548631563005
163.05815571034952
162.91102451485295
162.7640923694382
162.6173589152142
162.47082379409778
162.32448664881315
162.17834712288737
162.03240486065
161.88665950723137
161.74111070855753
161.5957581113517
161.45060136312946
161.30564011219803
161.160874007654
161.01630269937993
160.87192583804426
160.72774307509744
160.5837540627711
160.4399584540747
160.29635590279497
160.15294606349258
160.00972859150022
159.86670314292144
159.7238693746271
159.5812269442551
159.4387755102062
159.29651473164392
159.15444426849217
159.01256378143182
158.87087293190018
158.72937138208823
158.58805879493883
158.44693483414449
158.305999164146
158.16525145013003
158.02469135802667
157.8843185545075
157.7441327069858
157.60413348361087
157.46432055326838
157.3246935855793
157.18525225089473
157.04599622029724
156.9069251655976
156.7680387593316
156.62933667476096
156.49081858586874
156.3524841673583
156.21433309465294
156.07636504389052
155.93857969192567
155.80097671632475
155.66355579536588
155.52631660803485
155.38925883402683
155.2523821537405
155.1156862482788
154.97917079944634
154.84283548974724
154.7066800023843
154.5707040212552
154.4349072309531
154.29928931676267
154.16384996465965
154.02858886130886
153.89350569406156
153.75860015095424
153.6238719207072
153.48932069272212
153.35494615708015
153.22074800454084
153.08672592654034
152.95287961518773
152.81920876326663
152.6857130642302
152.55239221220214
152.41924590197243
152.28627382899654
152.15347568939498
152.02085117994963
151.88839999810307
151.756121841957
151.62401641026926
151.4920834024534
151.36032251857688
151.2287334593591
151.09731592616893
150.96606962102425
150.8349942465895
150.70408950617465
150.57335510373298
150.44279074385906
150.31239613178775
150.1821709733929
150.05211497518468
149.92222784430794
149.79250928854225
149.66295901629746
149.53357673661492
149.4043621591641
149.27531499424128
149.1464349527676
149.0177217462886
148.88917508697216
148.76079468760554
148.63258026159548
148.50453152296626
148.37664818635733
148.2489299670225
148.1213765808276
147.99398774425012
147.86676317437644
147.7397025889003
147.61280570612277
147.4860722449486
147.3595019248857
147.23309446604384
147.10684958913276
146.9807670154602
146.85484646693172
146.7290876660469
146.60349033590026
146.478054200178
146.35277898315798
146.22766440970577
146.10271020527637
145.97791609591042
145.85328180823277
145.72880706945256
145.6044916073593
145.48033515032438
145.35633742729655
145.23249816780344
145.1088171019469
144.98529396040416
144.8619284744249
144.73872037583067
144.61566939701262
144.4927752709305
144.37003773111147
144.24745651164778
144.1250313471965
144.00276197297683
143.88064812476983
143.75868953891597
143.63688595231463
143.5152371024225
143.3937427272509
143.27240256536624
143.15121635588758
143.0301838384854
142.90930475338016
142.78857884134067
142.66800584368372
142.5475855022712
142.42731755951013
142.30720175835
142.18723784228246
142.0674255553392
141.94776464209133
141.8282548476477
141.7088959176524
141.5896875982852
141.47062963626
141.35172177882168
141.2329637737468
141.1143553693417
140.99589631443985
140.8775863584027
140.75942525111688
140.641412742993
140.5235485849649
140.4058325284882
140.28826432553817
140.17084372860973
140.05357049071483
139.9364443653827
139.81946510665628
139.70263246909423
139.58594620776574
139.46940607825303
139.35301183664686
139.23676323954714
139.12066004406165
139.00470200780344
138.88888888889107
138.7732204459464
138.65769643809386
138.5423166249588
138.4270807666667
138.31198862384088
138.1970399576034
138.08223452957066
137.96757210185532
137.85305243706318
137.73867529829226
137.6244404491323
137.51034765366302
137.39639667645173
137.28258728255517
137.16891923751413
137.055392307357
136.94200625859395
136.8287608582194
136.7156558737083
136.60269107301616
136.48986622457812
136.37718109730656
136.2646354605912
136.1522290842965
136.0399617387627
135.9278331948023
135.81584322369955
135.70399159721097
135.59227808756128
135.48070246744447
135.369264510022
135.25796398892166
135.14680067823576
135.03577435252203
134.9248847867994
134.81413175654882
134.7035150377129
134.59303440669208
134.4826896403461
134.3724805159922
134.262406811402
134.15246830480436
134.0426647748796
133.93299600076233
133.8234617620383
133.7140618387441
133.60479601136382
133.49566406083306
133.38666576853112
133.27780091628642
133.1690692863703
133.06047066149853
132.95200482483
132.843671559965
132.73547065094465
132.62740188224979
132.51946503879947
132.41165990594965
132.30398626949378
132.1964439156604
132.08903263111102
131.98175220294218
131.8746024186807
131.76758306628605
131.66069393414654
131.5539348110802
131.44730548633305
131.34080574957665
131.2344353909105
131.12819420085717
131.02208197036416
130.91609849080098
130.8102435539589
130.70451695205062
130.59891847770788
130.49344792398148
130.38810508433912
130.28288975266614
130.17780172326286
130.07284079084448
129.96800675053987
129.8632993978905
129.7587185288492
129.65426393977984
129.5499354274557
129.4457327890588
129.3416558221789
129.23770432481223
129.13387809536067
129.03017693263172
128.92660063583546
128.82314900458516
128.71982183889614
128.6166189391845
128.51354010626625
128.41058514135602
128.30775384606684
128.20504602240783
128.10246147278602
128.00000000000142
127.8976614072499
127.79544549811959
127.69335207659071
127.59138094703594
127.48953191421718
127.38780478328621
127.28619935978386
127.1847154496379
127.08335285916266
126.98211139505892
126.88099086441181
126.77999107469024
126.67911183374662
126.57835294981535
126.47771423151119
126.37719548783008
126.27679652814726
126.17651716221614
126.07635720016714
125.97631645250877
125.87639473012345
125.77659184427013
125.67690760658067
125.57734182906066
125.47789432408754
125.37856490440973
125.27935338314698
125.18025957378785
125.0812832901896
124.98242434657752
124.88368255754438
124.78505773804783
124.68654970341117
124.58815826932236
124.4898832518328
124.39172446735623
124.29368173266799
124.19575486490466
124.09794368156238
124.00024800049769
123.90266763992369
123.80520241841228
123.70785215489178
123.6106166686461
123.51349577931376
123.41648930688834
123.31959707171612
123.2228188944957
123.12615459627786
123.02960399846356
122.93316692280456
122.83684319140082
122.74063262670157
122.6445350515029
122.54855028894806
122.45267816252549
122.35691849606977
122.26127111375894
122.16573584011476
122.07031250000175
121.97500091862628
121.87980092153529
121.78471233461653
121.68973498409714
121.59486869654299
121.50011329885783
121.40546861828196
121.3109344823927
121.21651071910237
121.12219715665861
121.02799362364226
120.93389994896802
120.83991596188258
120.7460414919642
120.65227636912273
120.55862042359679
120.46507348595551
120.37163538709588
120.2783059582435
120.18508503094968
120.0919724370928
119.99896800887709
119.9060715788307
119.81328297980627
119.72060204497959
119.62802860784888
119.53556250223397
119.4432035622761
119.35095162243661
119.25880651749586
119.16676808255357
119.0748361530275
118.98301056465229
118.89129115347933
118.79967775587613
118.7081702085249
118.61676834842206
118.5254720128784
118.43428103951754
118.34319526627408
118.25221453139574
118.16133867344
118.07056753127475
117.97990094407697
117.88933875133282
117.79888079283533
117.70852690868628
117.61827693929222
117.52813072536625
117.43808810792734
117.34814892829785
117.25831302810388
117.16858024927504
117.07895043404275
116.98942342494028
116.89999906480165
116.81067719676153
116.72145766425355
116.63234031101044
116.5433249810635
116.45441151874061
116.36559976866693
116.27688957576416
116.18828078524868
116.09977324263241
116.01136679372033
115.92306128461192
115.834856561699
115.7467524716651
115.65874886148605
115.57084557842762
115.48304247004562
115.39533938418595
115.30773616898313
115.2202326728592
115.13282874452469
115.0455242329754
114.95831898749489
114.87121285765164
114.78420569329862
114.69729734457289
114.6104876618964
114.5237764959723
114.43716369778708
114.35064911860847
114.26423260998546
114.17791402374726
114.09169321200255
114.0055700271393
113.9195443218247
113.83361594900214
113.74778476189361
113.66205061399722
113.5764133590869
113.49087285121189
113.40542894469652
113.32008149413858
113.23483035441008
113.14967538065522
113.06461642829068
112.97965335300503
112.89478601075737
112.81001425777757
112.72533795056518
112.64075694588871
112.55627110078538
112.47188027256071
112.38758431878698
112.30338309730378
112.21927646621693
112.13526428389721
112.05134640898038
111.96752270036743
111.88379301722236
111.80015721897294
111.71661516530898
111.63316671618239
111.54981173180708
111.46655007265701
111.3833815994673
111.30030617323155
111.21732365520374
111.13443390689528
111.0516367900766
110.96893216677421
110.88631989927283
110.80379985011206
110.72137188208787
110.63903585825156
110.55679164190859
110.47463909661786
110.39257808619206
110.31060847469715
110.22873012645084
110.14694290602269
110.06524667823304
109.9836413081529
109.90212666110381
109.82070260265637
109.73936899863031
109.65812571509292
109.57697261836014
109.49590957499476
109.41493645180662
109.33405311585165
109.25325943443062
109.1725552750901
109.09194050562118
109.01141499405875
108.93097860868099
108.85063121800937
108.77037269080722
108.69020289607963
108.61012170307373
108.53012898127724
108.45022460041707
108.37040843046105
108.29068034161578
108.21104020432628
108.13148788927543
108.05202326738441
107.97264620981113
107.89335658795011
107.81415427343167
107.7350391381217
107.65601105412094
107.57706989376555
107.49821552962402
107.4194478344997
107.34076668142798
107.2621719436768
107.1836634947467
107.10524120836862
107.02690495850493
106.94865461934836
106.87049006532106
106.79241117107539
106.71441781149196
106.6365098616797
106.55868719697565
106.48094969294434
106.40329722537629
106.32572967028963
106.2482469039281
106.17084880275962
106.0935352434787
106.01630610300279
105.9391612584744
105.86210058725872
105.78512396694396
105.70823127534123
105.63142239048317
105.55469719062393
105.47805555423884
105.40149736002348
105.32502248689423
105.24863081398547
105.17232222065202
105.09609658646738
105.01995379122214
104.94389371492505
104.86791623780236
104.79202124029659
104.7162086030666
104.64047820698715
104.56482993314827
104.4892636628547
104.41377927762561
104.33837665919361
104.26305568950656
104.1878162507224
104.11265822521395
104.03758149556523
103.96258594457206
103.88767145524085
103.81283791078918
103.7380851946449
103.66341319044531
103.5888217820376
103.51431085347735
103.43988028902831
103.3655299731629
103.29125979056073
103.21706962610821
103.1429593648991
103.0689288922321
102.99497809361361
102.92110685475339
102.84731506156677
102.77360260017375
102.6999693568983
102.62641521826751
102.55294007101205
102.47954380206451
102.40622629856077
102.33298744783738
102.25982713743355
102.18674525508797
102.11374168874099
102.04081632653238
101.9679690568018
101.89519976808836
101.82250834912907
101.74989468886075
101.67735867641649
101.60490020112852
101.532519152525
101.46021542033102
101.38798889446832
101.31583946505404
101.24376702240085
101.17177145701689
101.09985265960393
101.02801052105865
100.95624493247131
100.88455578512571
100.81294297049851
100.74140638025769
100.66994590626533
100.59856144057375
100.52725287542725
100.45602010326144
100.38486301670055
100.3137815085612
100.24277547184803
100.17184479975637
100.10098938566884
100.0302091231578
99.95950390598244
99.88887362809096
99.8183181836182
99.74783746688608
99.6774313724022
99.60709979486148
99.53684262914358
99.46665977031367
99.39655111362248
99.3265165545044
99.25655598857847
99.1866693116468
99.11685641969572
99.0471172088942
98.97745157559325
98.90785941632728
98.83834062781078
98.76889510694177
98.69952275079729
98.63022345663668
98.56099712189808
98.4918436442005
98.42276292134247
98.35375485130109
98.28481933223308
98.21595626247282
98.1471655405326
98.07844706510289
98.00980073505121
97.9412264494224
97.87272410743662
97.8042936084918
97.73593485216037
97.66764773819054
97.59943216650606
97.53128803720456
97.46321525055865
97.39521370701512
97.32728330719314
97.259423951886
97.19163554206004
97.12391797885348
97.05627116357712
96.98869499771354
96.9211893829158
96.85375422100992
96.78638941399092
96.719094864025
96.65187047344791
96.58471614476528
96.5176317806524
96.45061728395294
96.383672557679
96.31679750501173
96.24999202929976
96.18325603405879
96.11658942297208
96.0499920998904
95.98346396882974
95.91700493397286
95.850614899669
95.78429377043116
95.71804145093942
95.65185784603725
95.58574286073284
95.51969640019911
95.45371836977218
95.38780867495113
95.32196722139923
95.25619391494152
95.1904886615655
95.12485136742202
95.05928193882193
94.99378028223833
94.92834630430525
94.86297991181767
94.79768101173042
94.7324495111591
94.6672853173784
94.60218833782272
94.53715848008576
94.47219565191938
94.40729976123417
94.3424707160992
94.27770842474064
94.21301279554254
94.14838373704589
94.08382115794812
94.01932496710435
93.95489507352426
93.8905313863745
93.82623381497696
93.76200226880843
93.69783665750052
93.63373689084014
93.56970287876766
93.50573453137768
93.44183175891857
93.37799447179152
93.3142225805508
93.25051599590432
93.1868746287108
93.12329838998188
93.05978719088083
92.9963409427223
92.93295955697207
92.8696429452468
92.80639101931348
92.74320369108868
92.68008087264064
92.61702247618548
92.5540284140888
92.49109859886619
92.4282329431804
92.36543135984411
92.30269376181698
92.24002006220653
92.17741017426802
92.11486401140405
92.0523814871635
91.98996251524204
91.92760700948226
91.8653148838711
91.80308605254278
91.74092042977605
91.67881792999508
91.61677846776864
91.55480195780989
91.49288831497631
91.43103745426932
91.36924929083392
91.30752373995801
91.24586071707353
91.18426013775422
91.12272191771615
91.0612459728184
90.99983221906164
90.93848057258717
90.87719094967895
90.81596326676126
90.7547974403993
90.69369338729811
90.63265102430384
90.57167026840212
90.51075103671774
90.4498932465157
90.3890968151988
90.32836166030964
90.26768769952886
90.20707485067537
90.14652303170644
90.08603216071546
90.02560215593523
89.96523293573422
89.90492441861767
89.84467652322871
89.7844891683452
89.72436227288169
89.66429575588825
89.60428953655057
89.54434353418972
89.48445766826069
89.42463185835442
89.36486602419484
89.3051600856412
89.24551396268583
89.18592757545463
89.12640084420737
89.06693368933574
89.00752603136564
88.94817779095403
88.88888888889093
88.829659246098
88.77048878362879
88.71137742266806
88.65232508453194
88.5933316906673
88.53439716265163
88.47552142219294
88.41670439112917
88.35794599142842
88.29924614518808
88.24060477463513
88.18202180212523
88.12349715014332
88.06503074130265
88.00662249834514
87.94827234414024
87.88998020168538
87.8317459941059
87.77356964465427
87.71545107670921
87.65739021377775
87.59938697949215
87.5414412976113
87.48355309202086
87.4257222867311
87.36794880587883
87.31023257372556
87.25257351465802
87.1949715531876
87.13742661395071
87.07993862170727
87.02250750134263
86.96513317786354
86.90781557640317
86.85055462221572
86.79335024068016
86.7362023572968
86.67911089769008
86.62207578760516
86.56509695291096
86.50817431959629
86.45130781377387
86.39449736167607
86.33774288965711
86.28104432419234
86.2244015918769
86.16781461942739
86.1112833336798
86.05480766159062
85.99838753023602
85.94202286681092
85.88571359863059
85.82945965312871
85.77326095785777
85.71711744048895
85.66102902881163
85.60499565073333
85.5490172342792
85.49309370759278
85.43722499893414
85.38141103668073
85.3256517493273
85.26994706548479
85.214296913881
85.15870122336005
85.10315992288152
85.04767294152147
84.99224020847109
84.9368616530369
84.88153720464086
84.8262667928195
84.77105034722426
84.7158877976221
84.66077907389058
84.60572410602481
84.55072282413266
84.49577515843548
84.44088103926785
84.3860403970775
84.33125316242533
84.27651926598433
84.22183863854042
84.16721121099155
84.11263691434803
84.05811567973132
84.003647438375
83.94923212162391
83.89486966093368
83.8405599878715
83.78630303411481
83.73209873145149
83.67794701178006
83.62384780710892
83.56980104955633
83.51580667135018
83.46186460482795
83.40797478243613
83.35413713673022
83.30035160037471
83.24661810614259
83.19293658691528
83.13930697568202
83.08572920554055
83.03220320969601
82.97872892146125
82.92530627425616
82.8719352016084
82.81861563715162
82.76534751462708
82.71213076788197
82.65896533086992
82.60585113765087
82.55278812239054
82.49977621936016
82.44681536293666
82.39390548760204
82.3410465279436
82.28823841865358
82.23548109452864
82.18277449046985
82.13011854148311
82.07751318267778
82.02495834926725
81.97245397656891
81.92000000000309
81.86759635509395
81.81524297746843
81.7629398028564
81.71068676709021
81.65848380610504
81.60633085593825
81.55422785272927
81.50217473271928
81.45017143225138
81.39821788777024
81.34631403582154
81.29445981305241
81.24265515621053
81.19090000214453
81.13919428780395
81.08753795023789
81.0359309265964
80.98437315412895
80.9328645701849
80.88140511221354
80.82999471776299
80.77863332448102
80.72732087011455
80.67605729250864
80.6248425296076
80.57367651945403
80.52255920018861
80.47149051005056
80.42047038737647
80.36949877060108
80.31857559825609
80.26770080897116
80.21687434147283
80.16609613458431
80.11536612722634
80.0646842584155
80.01405046726524
79.96346469298487
79.91292687488024
79.86243695235268
79.81199486489932
79.76160055211295
79.71125395368131
79.66095500938766
79.61070365911007
79.56049984282146
79.51034350058907
79.4602345725751
79.41017299903547
79.3601587203205
79.31019167687435
79.26027180923475
79.21039905803303
79.16057336399402
79.11079466793561
79.06106291076858
79.01137803349684
78.96173997721667
78.91214868311712
78.86260409247924
78.8131061466767
78.76365478717439
78.71424995552955
78.66489159339093
78.61557964249872
78.5663140446844
78.51709474187032
78.46792167607
78.41879478938787
78.36971402401858
78.32067932224729
78.27169062644967
78.22274787909105
78.17385102272712
78.12500000000304
78.0761947536534
78.02743522650286
77.97872136146455
77.93005310154103
77.88143038982372
77.83285316949284
77.784321383817
77.73583497615336
77.68739388994753
77.63899806873272
77.5906474561304
77.54234199584965
77.49408163168717
77.44586630752707
77.39769596734105
77.34957055518713
77.3014900152109
77.2534542916446
77.20546332880713
77.15751707110343
77.10961546302534
77.06175844915035
77.01394597414216
76.96617798275008
76.91845441980935
76.8707752302404
76.82314035904918
76.7755497513268
76.72800335224932
76.68050110707748
76.63304296115724
76.5856288599185
76.53825874887602
76.49093257362819
76.44365027985825
76.39641181333278
76.3492171199023
76.30206614550093
76.25495883614619
76.20789513793916
76.16087499706346
76.11389835978639
76.06696517245757
76.02007538150951
75.97322893345738
75.92642577489846
75.87966585251215
75.83294911306061
75.78627550338709
75.73964497041698
75.69305746115731
75.64651292269652
75.60001130220448
75.55355254693185
75.50713660421081
75.4607634214541
75.4144329461552
75.36814512588823
75.32189990830773
75.2756972411484
75.22953707222516
75.18341934943311
75.13734402074655
75.09131103422037
75.04532033798816
74.99937188026325
74.95346560933827
74.90760147358509
74.86177942145403
74.81599940147473
74.77026136225527
74.72456525248211
74.67891102092037
74.63329861641328
74.58772798788222
74.54219908432634
74.49671185482275
74.45126624852615
74.40586221466901
74.36049970256073
74.31517866158816
74.26989904121541
74.22466079098325
74.17946386050964
74.13430819948886
74.08919375769173
74.0441204849656
73.99908833123445
73.95409724649741
73.90914718083067
73.86423808438536
73.8193699073889
73.77454260014399
73.72975611302888
73.68501039649712
73.64030540107714
73.59564107737287
73.55101737606287
73.50643424789996
73.4618916437125
73.41738951440256
73.3729278109469
73.32850648439661
73.28412548587639
73.23978476658519
73.19548427779567
73.15122397085403
73.10700379718041
73.0628237082679
73.01868365568306
72.97458359106551
72.93052346612791
72.88650323265566
72.84252284250732
72.79858224761338
72.75468139997727
72.71082025167473
72.66699875485364
72.62321686173375
72.57947452460704
72.53577169583727
72.4921083278598
72.44848437318154
72.40489978438086
72.36135451410738
72.31784851508209
72.27438174009693
72.23095414201444
72.18756567376852
72.14421628836315
72.10090593887324
72.05763457844405
72.01440216029073
71.97120863769933
71.9280539640252
71.88493809269411
71.84186097720101
71.79882257111134
71.7558228280594
71.71286170174888
71.66993914595318
71.62705511451466
71.58420956134447
71.54140244042304
71.4986337057992
71.45590331159086
71.4132112119839
71.3705573612333
71.32794171366183
71.28536422366042
71.24282484568846
71.20032353427277
71.15786024400829
71.1154349295575
71.07304754565047
71.03069804708463
70.98838638872483
70.94611252550334
70.90387641241895
70.86167800453775
70.81951725699275
70.77739412498343
70.73530856377619
70.69326052870338
70.65124997516426
70.60927685862416
70.56734113461437
70.52544275873224
70.48358168664129
70.44175787407042
70.39997127681436
70.35822185073339
70.31650955175328
70.274834335865
70.23319615912479
70.19159497765361
70.15003074763794
70.10850342532879
70.06701296704196
70.02555932915772
69.98414246812104
69.94276234044119
69.90141890269193
69.86011211151056
69.81884192359891
69.77760829572284
69.73641118471176
69.69525054745881
69.65412634092058
69.61303852211776
69.57198704813356
69.53097187611506
69.48999296327217
69.44905026687789
69.40814374426817
69.36727335284192
69.32643905006053
69.28564079344787
69.24487854059062
69.20415224913748
69.16346187679987
69.12280738135074
69.08218872062548
69.04160585252146
69.00105873499756
68.96054732607467
68.9200715838349
68.87963146642252
68.83922693204217
68.79885793896068
68.75852444550594
68.7182264100662
68.67796379109144
68.63773654709203
68.59754463663921
68.55738801836506
68.51726665096163
68.47718049318203
68.43712950383942
68.39711364180687
68.35713286601808
68.3171871354663
68.277276409205
68.2374006463472
68.19755980606564
68.15775384759289
68.1179827302206
68.07824641330008
68.03854485624174
67.99887801851517
67.95924585964923
67.91964833923134
67.88008541690789
67.84055705238458
67.80106320542482
67.76160383585139
67.72217890354486
67.68278836844456
67.64343219054794
67.60411032991041
67.56482274664592
67.52556940092566
67.48635025297935
67.44716526309352
67.40801439161356
67.36889759894117
67.32981484553639
67.29076609191631
67.25175129865474
67.21277042638349
67.17382343579072
67.13491028762178
67.096030942679
67.05718536182114
67.01837350596395
66.97959533607931
66.94085081319574
66.9021398983981
66.86346255282777
66.82481873768165
66.78620841421306
66.7476315437316
66.7090880876021
66.67057800724552
66.6321012641383
66.5936578198126
66.55524763585593
66.51687067391148
66.4785268956771
66.44021626290632
66.40193873740768
66.36369428104467
66.32548285573557
66.28730442345363
66.2491589462267
66.21104638613724
66.17296670532237
66.13491986597327
66.096905830336
66.05892456071045
66.02097601945084
65.98306016896524
65.94517697171574
65.90732639021851
65.86950838704334
65.8317229248136
65.79396996620653
65.75624947395238
65.71856141083532
65.6809057396925
65.64328242341449
65.60569142494487
65.56813270728027
65.5306062334702
65.49311196661728
65.45564986987654
65.41821990645593
65.38082203961599
65.34345623266947
65.30612244898198
65.268820651971
65.23155080510648
65.19431287191048
65.15710681595696
65.11993260087209
65.0827901903337
65.04567954807142
65.00860063786666
64.97155342355242
64.93453786901306
64.89755393818461
64.8606015950542
64.82368080366037
64.7867915280927
64.74993373249207
64.71310738104992
64.67631243800909
64.63954886766288
64.60281663435549
64.56611570248165
64.52944603648675
64.49280760086663
64.45620036016743
64.41962427898564
64.38307932196804
64.34656545381125
64.31008263926242
64.2736308431181
64.23721003022516
64.20082016547993
64.16446121382869
64.12813314026712
64.09183590984082
64.0555694876442
64.01933383882161
63.98312892856638
63.94695472212114
63.91081118477765
63.87469828187668
63.838615978807866
63.80256424100976
63.766543033969825
63.73055232322385
63.69459207435685
63.658662253001694
63.622762824840194
63.58689375560244
63.55105501106655
63.5152465570591
63.4794683594548
63.443720384176174
63.40800259719411
63.372314964526836
63.33665745224088
63.3010300264502
63.26543265331656
63.22986529904907
63.194327929904546
63.15882051218711
63.123343012248135
63.08789539648642
63.05247763134767
63.01708968332473
62.981731518957844
62.94640310483356
62.91110440758564
62.87583539389455
62.84059603048752
62.805386284138066
62.770206121666575
62.73505550993981
62.69993441587089
62.66484280641905
62.62978064858997
62.59474790943548
62.55974455605329
62.524770555587196
62.489825875226906
62.454910482208064
62.42002434381171
62.38516742736496
62.35033970024047
62.315541129856186
62.28077168367567
62.24603132920756
62.2113200340066
62.176637765672
62.14198449184828
62.107360180225044
62.072764798537
62.03819831456363
62.003660696129444
61.96915191110345
61.93467192739959
61.90022071297639
61.86579823583676
61.83140446402835
61.79703936564286
61.76270290881676
61.72839506173031
61.69411579260819
61.6598650697192
61.625642861376015
61.59144913593549
61.557283861798126
61.52314700740836
61.4890385412544
61.454958431867986
61.42090664782468
61.3868831577431
61.35288793028599
61.31892093415883
61.28498213811075
61.251071510934096
61.217189021464236
61.183334638579645
61.14950833120193
61.115710068295584
61.081939818867895
61.04819755196914
61.014483236692115
60.98079684217228
60.947138337587944
60.91350769215958
60.8799048751504
60.846329855866045
60.812782603653986
60.77926308790458
60.74577127804961
60.712307143563706
60.67887065396314
60.64546177880601
60.612080487692744
60.57872675026513
60.545400536207026
60.51210181524394
60.47883055714266
60.445586731711984
60.41237030880197
60.37918125830396
60.34601955015094
60.31288515431689
60.27977804081715
60.246698179708105
60.21364554108734
60.180620095093275
60.14762181190534
60.11465066174398
60.081706614870015
60.0487896415856
60.015899712233036
59.98303679719551
59.95020086689665
59.91739189180055
59.88460984241165
59.85185468927491
59.819126402975265
59.786424954138056
59.75375031342887
59.721102451552994
59.68848133925614
59.65588694732348
59.623319246580635
59.59077820789247
59.55826380216415
59.52577600033984
59.4933147734039
59.460880092380194
59.42847192833156
59.39609025236091
59.36373503560997
59.331406249260084
59.2991038645317
59.266827852684564
59.23457818501724
59.20235483286759
59.17015776761219
59.13798696066702
59.10584238348611
59.07372400756311
59.041631804429755
59.009565745656985
58.97752580285355
58.945511947667505
58.913524151785104
58.88156238693069
58.849626624867504
58.81771683739663
58.7858329963575
58.7539750736278
58.72214304112316
58.69033687079727
58.65855653464196
58.62680200468655
58.59507325299876
58.56337025168362
58.531692972884294
58.50004138878098
58.468415471592195
58.436815193573665
58.405240527018556
58.37369144425732
58.34216791765809
58.31066991962631
58.27919742260423
58.24775039907158
58.21632882154522
58.1849326625791
58.153561894763946
58.12221649072758
58.0908964231347
58.05960166468653
58.02833218812171
57.99708796621495
57.96586897177774
57.93467517765843
57.90350655674142
57.87236308194812
57.84124472623583
57.81015146259857
57.779083264066344
57.74804010370562
57.717021954618886
57.68602878994499
57.655060582858304
57.624117306569815
57.59319893432594
57.56230543940927
57.53143679513825
57.50059297486668
57.46977395198457
57.43897969991738
57.40821019212605
57.37746540210719
57.3467453033928
57.316049869550355
57.285379074182615
57.25473289092761
57.22411129345894
57.19351425548507
57.16294175074966
57.13239375303142
57.10187023614431
57.071371173936924
57.04089654029305
57.01044630913117
56.980020454404524
56.949618950101254
56.919241770244156
56.88888888889058
56.85856028013248
56.82825591809619
56.79797577694303
56.767719830867975
56.737488054100915
56.70728042090578
56.67709690558088
56.64693748245882
56.61680212590596
56.586690810323006
56.556603510144825
56.52654019983987
56.49650085391097
56.4664854468944
56.436493953360376
56.40652634791316
56.37658260519028
56.34666269986323
56.31676660663695
56.28689430024999
56.25704575547435
56.22722094711541
56.19741985001201
56.16764243903653
56.137888689094225
56.10815857512368
56.07845207209697
56.04876915501876
56.0191097989273
55.98947397889364
55.95986167002161
55.93027284744813
55.900707486343194
55.871165561909045
55.84164704938132
55.81215192402786
55.78268016114941
55.75323173607924
55.723806624183055
55.69440480085927
55.66502624153868
55.635670921684344
55.60633881679183
55.57702990238897
55.5477441540355
55.518481547324
55.48924205787837
55.46002566135549
55.43083233344359
55.4016620498631
55.372514786366494
55.34339051873799
55.31428922279368
55.28521087438139
55.25615544938104
55.22712292370339
55.198113273291845
55.16912647412063
55.14016250219604
55.11122133355545
55.08230294426767
55.05340731043348
55.024534408184174
54.99568421368285
54.96685670312392
54.9380518527324
54.90926963876514
54.88051003750966
54.85177302528458
54.82305857843964
54.79436667335543
54.76569728644338
54.737050394145996
54.708425972936155
54.67982399931802
54.65124444982614
54.62268730102562
54.59415252951244
54.565640111912955
54.53715002488411
54.50868224511337
54.48023674931845
54.45181351424742
54.423412516678916
54.39503373342177
54.36667714131472
54.33834271722709
54.31003043805812
54.28174028073724
54.25347222222381
54.22522623950738
54.19700230960698
54.16880040957207
54.14062051648158
54.11246260744457
54.08432665959963
54.05621265011503
54.028120556188874
54.00005035504875
53.97200202395187
53.94397554018492
53.91597088106421
53.887988023935364
53.86002694617328
53.83208762518241
53.804170038396464
53.77627416327813
53.748399977319956
53.7205474580428
53.692716582997235
53.66490732976273
53.63711967594767
53.60935359918969
53.58160907715494
53.553886087538885
53.526184608065606
53.49850461648795
53.4708460905878
53.44320900817526
53.41559334708954
53.387999085198416
53.36042620039791
53.332874670612995
53.30534447379669
53.27783558793095
53.25034799102592
53.22288166111987
53.195436576279654
53.16801271460031
53.140610054205155
53.113228573245735
53.08586824990125
53.05852906237995
53.031210988917195
53.00391400777677
52.976638097250394
52.949383235657805
52.922149401346445
52.89493657269152
52.8677447280963
52.840573845991685
52.8134239048362
52.78629488311607
52.75918675934524
52.73209951206498
52.7050331198446
52.67798756128021
52.650962814996014
52.623958859643146
52.596975673900474
52.5700132364739
52.543071526096796
52.51615052152968
52.489250201560544
52.462370545003736
52.43551153070167
52.40867313752348
52.381855344365256
52.35505813014994
52.328281473827715
52.30152535437554
52.274789750797325
52.24807464212358
52.221380007411845
52.19470582574645
52.16805207623794
52.141418738024235
52.1148057902693
52.08821321216392
52.06164098292537
52.035089081797636
52.008557488050755
51.98204618098144
51.95555513991277
51.929084344194095
51.90263377320113
51.87620340633585
51.849793223026275
51.823403202726794
51.797033324917926
51.770683569106154
51.74435391482427
51.718044341630616
51.69175482910998
51.66548535687295
51.63923590455576
51.613006451820986
51.58679697835652
51.56060746387648
51.53443788812035
51.50828823085346
51.48215847186701
51.45604859097739
51.42995856802696
51.40388838288358
51.377838015440254
51.35180744561568
51.32579665335435
51.29980561862568
51.27383432142446
51.247882741771065
51.22195085971084
51.1960386553147
51.17014610867831
51.144273199923006
51.11841990919487
51.09258621666524
51.0667721025305
51.040977547011735
51.01520253035564
50.989447032833205
50.963711034740825
50.937994516399215
50.91229745815427
50.886619840376724
50.86096164346176
50.83532284782942
50.80970343392454
50.78410338221646
50.758522673199096
50.73296128739101
50.707419205335086
50.68189640759889
50.65639287477451
50.630908587478245
50.60544352635071
50.57999767205711
50.55457100528679
50.52916350675326
50.50377515719447
50.47840593737256
50.45305582807363
50.42772481010802
50.40241286431022
50.37711997153837
50.35184611267543
50.32659126862724
50.3013554203246
50.276138548721796
50.25094063479648
50.22576165955104
50.200601604011055
50.175460449226165
50.15033817626937
50.125234766237725
50.100150200251846
50.07508445945569
50.05003752501713
50.025009378127464
50.00000000000145
49.975009371877476
49.950037475017176
49.92508429070549
49.90014980025124
49.87523398498598
49.85033682626488
49.82545830546637
49.80059840399191
49.77575710326644
49.75093438473796
49.72613022987733
49.70134462017883
49.67657753715972
49.651828962360185
49.62709887734353
49.602387263695704
49.57769410302605
49.553019376966446
49.528363067171696
49.503725155319415
49.47910562311009
49.45450445226679
49.429921624535694
49.40535712168489
49.380810925505955
49.356283017812466
49.331773380440886
49.307281995250136
49.28280884412186
49.258353908959776
49.23391717169015
49.20949861426202
49.18509821864633
49.16071596683661
49.136351840848796
49.112005822720775
49.08767789451315
49.06336803830814
49.03907623621066
49.014802470347426
48.99054672286756
48.96630897594205
48.94208921176407
48.917887412548446
48.89370356053257
48.869537637975384
48.845389627157815
48.82125951038276
48.79714726997487
48.77305288828067
48.748976347668375
48.724917630528154
48.70087671927172
48.67685359633255
48.652848244165725
48.62886064524797
48.60489078207784
48.580938637174924
48.55700419308079
48.533087432358386
48.50918833759219
48.48530689138779
48.46144307637255
48.437596875195155
48.41376827052537
48.38995724505478
48.366163781495395
48.34238786258138
48.318629471067645
48.294888589730306
48.27116520136672
48.24745928879517
48.22377083485556
48.200099822408205
48.17644623433459
48.152810053537664
48.129191262940765
48.105589845488666
48.082005784146446
48.05843906190059
48.03488966175826
48.0113575667473
47.98784275991656
47.96434522433542
47.94086494309403
47.91740189930342
47.89395607609496
47.870527456621105
47.847116024054316
47.823721761588146
47.80034465243639
47.776984679833475
47.75364182703418
47.73031607731395
47.707007413968405
47.68371582031394
47.66044127968586
47.63718377544271
47.613943290960925
47.590719809637775
47.56751331489088
47.544323790158046
47.52115121889735
47.49799558458701
47.47485687072515
47.4517350608302
47.42863013844058
47.40554208711487
47.382470890431534
47.35941653198889
47.336378995405454
47.31335826431957
47.290354322389305
47.26736715329268
47.24439674072778
47.2214430684122
47.19850612008341
47.1755858794986
47.15268233043473
47.129795456688356
47.10692524207583
47.08407167043282
47.06123472561512
47.03841439149759
47.015610651974825
46.992823490961186
46.970052892390086
46.94729884021454
46.9245613184071
46.90184031095972
46.8791358018837
46.85644777520956
46.83377621498721
46.811121105286055
46.78848243019437
46.7658601738199
46.74325432028968
46.72066485374971
46.69809175836518
46.67553501832078
46.65299461781949
46.630470541084215
46.607962772356366
46.585471295896625
46.562996095984396
46.540537156918305
46.51809446301573
46.49566799861313
46.47325774806562
46.45086369574743
46.428485826051244
46.406124123388864
46.383778572190664
46.36144915690596
46.33913586200259
46.316838671967076
46.29455757130464
46.27229254453937
46.25004357621348
46.22781065088812
46.20559375314293
46.18339286757595
46.16120797880387
46.13903907146171
46.116886130203056
46.09474913969978
46.07262808464236
46.05052294973925
46.02843371971771
46.00636037932313
45.98430291331886
45.96226130648709
45.940235543627736
45.91822560955933
45.89623148911822
45.87425316715907
45.85229062855464
45.830343858195995
45.808412840992
45.786497561869545
45.76459800577395
45.74271415766799
45.72084600253276
45.698993525367214
45.67715671118823
45.6553355450306
45.63353001194697
45.61174009700768
45.58996578530122
45.56820706193345
45.5464639120285
45.52473632072784
45.503024273190704
45.48132775459423
45.45964675013308
45.437981245019486
45.41633122448333
45.39469667377226
45.37307757815128
45.35147392290306
45.32988569332768
45.30831287474282
45.28675545248343
45.265213411902224
45.24368673836898
45.22217541727129
45.20067943401344
45.179198774017806
45.15773342272366
45.136283365587595
45.11484858808343
45.09342907570253
45.07202481395314
45.050635788360786
45.02926198446832
45.00790338783549
44.98655998403929
44.965231758673966
44.94391869735058
44.92262078569719
44.901338009359236
44.880070353998775
44.85881780529525
44.83758034894459
44.816357970659894
44.79515065617119
44.7739583912252
44.752781161585986
44.7316189530337
44.710471751365716
44.689339542396255
44.66822231195631
44.64712004589336
44.6260327300718
44.604960350372565
44.583902892693445
44.562860342948575
44.5418326870691
44.52081991100239
44.49982200071264
44.478838942180396
44.45787072140288
44.43691732439382
44.41597873718321
44.39505494581783
44.374145936360506
44.35325169489086
44.33237220750446
44.311507460313734
44.29065743944706
44.269822131049054
44.24900152128126
44.228195596320845
44.20740434236129
44.18662774561257
44.16586579230097
44.14511846866825
44.12438576097304
44.103667655489886
44.08296413850927
44.06227519633801
44.04160081529874
44.020940981730284
44.000295681987595
43.9796649024413
43.959048629478325
43.938446849501446
43.91785954892907
43.897286714195985
43.87672833175252
43.85618438806509
43.83565486961584
43.815139762902675
43.79463905443927
43.77415273075539
43.75368077839609
43.73322318392245
43.71277993391121
43.69235101495467
43.67193641366121
43.65153611665414
43.63115011057281
43.610778382072326
43.59042091782306
43.57007770451115
43.54974872883791
43.52943397752053
43.50913343729164
43.488847094899384
43.46857493710692
43.44831695069342
43.428073122452986
43.407843439195275
43.38762788774555
43.367426454943896
43.34723912764607
43.32706589272313
43.30690673706118
43.28676164756177
43.26663061114172
43.246513614732905
43.226410645282286
43.206321689752244
43.18624673512032
43.166185768378924
43.1461387765358
43.12610574661343
43.106086665650025
43.08608152069815
43.06609029882552
43.04611298711511
43.02614957266489
43.006200042587466
42.98626438401066
42.96634258407698
42.94643462994409
42.92654050878426
42.90666020778478
42.8867937141476
42.866941015089736
42.84710209784288
42.82727694965351
42.80746555778263
42.78766790950638
42.76788399211526
42.748113792914694
42.72835729922447
42.70861449837933
42.688885377728624
42.669169924636165
42.649468126480286
42.62977997065427
42.610105444565384
42.590444535635925
42.570797231302336
42.55116351901579
42.53154338624193
42.51193682046052
42.49234380916619
42.472764339867695
42.45319840008804
42.433645977365146
42.414107059250824
42.39458163331126
42.375069687126945
42.355571208292886
42.33608618441793
42.31661460312581
42.29715645205371
42.27771171885381
42.258280391191775
42.23886245674798
42.21945790321652
42.20006671830596
42.18068888973889
42.161324405251804
42.14197325259545
42.122635419534575
42.10331089384804
42.0839996633285
42.064701715782846
42.0454170390319
42.02614562091033
42.00688744926665
41.987642511963614
41.96841079687782
41.94919229189931
41.92998698493264
41.91079486389545
41.89161591672
41.872450131351755
41.85329749575021
41.834157997888745
41.81503162575435
41.795918367347426
41.776818210682706
41.75773114378799
41.73865715470545
41.7195962314902
41.70054836221148
41.681513534951804
41.662491737807585
41.643482958888654
41.624487186318234
41.60550440823371
41.586534612785094
41.56757778813664
41.54863392246579
41.52970300396332
41.51078502083375
41.49187996129481
41.47298781357779
41.454108565927264
41.435242206601224
41.41638872387089
41.39754810602132
41.378720341350096
41.359905418168786
41.341103324801864
41.322314049587305