ck/CT; eta=1; a=0.001, sigma=0.01, w=0,0.2,0.4,0.6,0.8,1
0.46425935316280187	0.47773788740896905	0.5106757411260057	0.5482111129194183	0.5811567623503687	0.6076914611577378
0.19382827994700977	0.18955190384938567	0.18078694442012339	0.17129304273301219	0.1616554031190802	0.15216594813608933
0.10779006012697931	0.10150953929913792	0.0897832338703393	0.0798223067937437	0.0726386663957573	0.0676263257287142
0.06741370010499542	0.06191786537199872	0.05242614477251139	0.04535569397220095	0.04089808418561844	0.03803809527890739
0.0449649379704341	0.04076780441635584	0.03386648173292011	0.029060051869951857	0.02617064887086149	0.024343284462872844
0.031238141629194145	0.028275012931395203	0.02346750541146701	0.020158176765983225	0.018168957606737732	0.016904297067834095
0.022320395959550602	0.02038097972078442	0.01712135090890958	0.014785412848468576	0.013344689304387152	0.012418923958914937
0.01627993880315909	0.015140230561815677	0.012990561531255076	0.011299646305894534	0.010214001672980828	0.00950781017060531
0.012062228731872012	0.011524891626789794	0.010162855611053567	0.008911686010630172	0.008067930346886017	0.007512005254508903
0.00904868192045532	0.008952263369081824	0.008147611263335202	0.007205117814461045	0.006533086306492035	0.006084449985093799
0.00685643307343822	0.007073754362121974	0.006663527663346237	0.005943617709568613	0.005397644116363181	0.005028244379387596
0.005238505324640131	0.005671698075586046	0.0055405899574469996	0.004985039188716958	0.00453417558027059	0.004224931528153378
0.004030291083785944	0.00460530616246935	0.004671404745380651	0.0042397383749229875	0.0038622938984854893	0.0035997793441521547
0.0031191574209530164	0.0037807676489176965	0.00398554722268148	0.0036489196400237554	0.0033292555883712343	0.0031037514153296002
0.0024263579004844605	0.003133952678389712	0.003435331399205176	0.0031727247054558405	0.00289929139628212	0.0027035904219264916
0.0018958448553920229	0.002620028416030618	0.002987562423944889	0.0027833602402122072	0.0025474495171359268	0.0023760953589020074
0.001487123008645872	0.0022070243067096613	0.0026185699427264193	0.0024609679639276214	0.002255894923448232	0.00210468158600437
0.0011705585830246654	0.0018717337928736166	0.0023111153248924986	0.0021910543861285324	0.0020116056617671334	0.0018772393347634708
0.0009242278777147721	0.001597040442533323	0.002052407982834047	0.0019628417210841315	0.001804894409103527	0.0016847593082905039
0.0007317574221908731	0.0013701355651433065	0.0018327992579228174	0.0017681811569463482	0.001628433938287915	0.0015204266898100078
0.0005808179348758252	0.0011813069318864409	0.0016449021037241178	0.0016008195591452	0.0014765993556754126	0.0013790096177527344
0.00046205826774395	0.0010231010566338415	0.001482985205678781	0.0014558941102729706	0.001345014677270997	0.0012564376175063054
0.00036834079735703954	0.0008897344890931054	0.0013425480530404616	0.001329577378876527	0.0012302342903723474	0.0011495054297082704
0.00029418663267139053	0.0007766739670839922	0.0012200178009376254	0.0012188237442802585	0.0011295153189035572	0.0010556613503663983
0.00023536891858296432	0.0006803329064247684	0.0011125296453789808	0.0011211854046328186	0.0010406524102721814	0.0009728536054541826
0.0001886119776443938	0.0005978492155092362	0.0010177654438776745	0.0010346769754979621	0.0009618561215194037	0.0008994172620633953
0.0001513669334194243	0.0005269207342216772	0.0009338335937864557	0.0009576745508296412	0.000891662234824217	0.0008339898972444795
0.0001216431528648565	0.00046568202045941295	0.0008591785535624353	0.000888839556487296	0.0008288633288674037	0.0007754479607870585
0.00009788079214308681	0.0004126111554441263	0.0007925119424068924	0.0008270606747886725	0.0007724565759255317	0.0007228582255512807
0.00007885385371619009	0.00036645858363898	0.0007327595386077777	0.0007714091010051379	0.0007216035122241788	0.0006754403715774749
0.00006359605696867724	0.0003261922940011028	0.0006790201236141758	0.0007211037461905524	0.0006755987429868371	0.0006325378787532617
0.00005134387911922671	0.0002909552379866234	0.0006305332442200809	0.0006754839379984733	0.0006338453843712986	0.0005935951844771411
0.000041492596454634376	0.0002600319943152574	0.0005866537540289812	0.0006339878287593299	0.0005958356344920568	0.0005581396113089994
0.00003356222226032659	0.00023282248107633723	0.000546831555055165	0.0005961351871679176	0.0005611352848585951	0.0005257669592911589
0.00002717101622183907	0.00020882108235243838	0.0005105953619882507	0.0005615135854809628	0.0005293712847162936	0.0004961299376361416
0.000022014812727202364	0.00018759996655589984	0.0004775396030028183	0.0005297672377654916	0.00050022168948362	0.0004689288138345877
0.000017850839815772094	0.00016879567319880075	0.00044731378445260196	0.0005005879234207129	0.0004734074849032138	0.000443903807405697
0.00001448501699290287	0.0001520982655011845	0.0004196138046484784	0.00047370756247279124	0.0004486858973056569	0.00042082886596342
0.00001176195760203965	0.00013724251022942705	0.00039417481969696955	0.00044889210793284116	0.00042584488911211866	0.0003995167623376367
9.557080633420922e-6	0.00012400066896708751	0.000370765352982138	0.0004259364949067364	0.00040469860553327206	0.0003797637651660947
7.770372754189227e-6	0.00011217657769051648	0.00034918240705924153	0.0004046604426154232	0.0003850835891572875	0.0003614483022032213
6.321444914167555e-6	0.00010160076194936058	0.00032924738805145665	0.00038490494866612817	0.0003668556179229972	0.00034442583237968594
5.145607156794632e-6	0.00009212638884168774	0.0003108026921232812	0.00036652934816825474	0.0003498870518612081	0.0003285774695641541
4.190746192449582e-6	0.00008362589847643018	0.00029370883418094394	0.0003494088360670221	0.0003340645971606396	0.00031379768323236185
3.414837295634702e-6	0.00007598818977731938	0.00027784202278058405	0.00033343237118004556	0.00031928741419731053	0.00029999253771528073
2.7839584779280288e-6	0.00006911626055226896	0.00026309210191687103	0.0003185008962077664	0.00030546551036127374	0.0002870781964294567
2.2707031543365833e-6	0.00006292522140417396	0.00024936081104336307	0.00030452582044997395	0.00029251836972220524	0.0002749796464757573
1.8529095427536842e-6	0.00005734061854707616	0.00023656027055585742	0.00029142772185169856	0.00028037378047284184	0.000263629607268561
1.5126422427442538e-6	0.00005229701286070845	0.00022461172088962024	0.00027913523289379595	0.0002689668281897879	0.00025296759346202425
1.235374919678809e-6	0.00004773677228339005	0.00021344441133255306	0.000267584081172117	0.000258239028646074	0.00024293910773730298
1.0093336067856097e-6	0.00004360904245496286	0.00020299465226790135	0.0002567162606082695	0.0002481375784991605	0.00023349494328364157
8.249684713869623e-7	0.00003986886679754333	0.00019320499361174672	0.0002464793133623625	0.00023861470589348237	0.00022459057926240358
6.745284661970881e-7	0.00003647643228595794	0.00018402351209744226	0.0002368257058735766	0.0002296271060376609	0.0002161856553534854
5.517184840475567e-7	0.00003339642126283002	0.000175403191281944	0.00022771228519383153	0.00022113544928336425	0.00020824351377842474
4.5142275115604737e-7	0.00003059745299097136	0.0001673013807822496	0.00021909980402535736	0.00021310395125523696	0.00020073079907601254
3.694814607102532e-7	0.000028051601361155872	0.00015967932341478364	0.0002109525047207937	0.00020549999624586994	0.000193617107454817
3.0251024507659763e-7	0.000025733977406998794	0.00015250174069661066	0.00020323775403069896	0.00019829380646488174	0.0001868746788263692
2.477541521596989e-7	0.000023622367115727356	0.00014573646864633142	0.0001959257216485098	0.00019145815087125872	0.0001804781256834744
2.0296943974511318e-7	0.000021696916539656752	0.0001393541370514412	0.00018898909665536451	0.00018496808826659212	0.00017440419387060638
1.6632781783566384e-7	0.00001993985746836653	0.00013332788639349837	0.00018240283684549212	0.0001788007401185746	0.00016863155102999508
1.3633882139413973e-7	0.000018335267964067632	0.00012763311747938314	0.00017614394664823576	0.00017293508924713026	0.00016314059912392732
1.1178683848007666e-7	0.000016868862931123773	0.0001222472695458781	0.00017019127998038134	0.00016735180106248047	0.00015791330795200375
9.167999417510166e-8	0.000015527810616316197	0.00011714962320979663	0.00016452536488272557	0.00016203306451368694	0.0001529330670187237
7.52086327237629e-8	0.000014300571544419643	0.00011232112514645915	0.00015912824723434438	0.0001569624503026938	0.00014818455347572325
6.171157579135364e-8	0.000013176756904467433	0.00010774423181141047	0.00015398335121038714	0.00015212478425486174	0.00014365361417562669
5.0648684971048e-8	0.000012147003832373493	0.0001034027698869378	0.0001490753544655303	0.00014750603402240904	0.0001393271601400962
4.157853862634437e-8	0.000011202865398975297	0.0000992818114469127	0.00014439007629464017	0.00014309320754035218	0.00013519307197095928
3.414026035693307e-8	0.000010336713420215396	0.00009536756209956904	0.00013991437725222362	0.00013887426186217502	0.00013124011492654134
2.803871962394262e-8	9.541652467264332e-6	0.00009164726059535274	0.000135636068909156	0.0001348380211802483	0.00012745786255079228
2.3032472994648885e-8	8.811443676464536e-6	0.00008810908858198721	0.0001315438325941161	0.00013097410298857802	0.00012383662788478282
1.8923933974428386e-8	8.14043714829376e-6	0.00008474208935642396	0.0001276271461124518	0.00012727285147668733	0.00012036740141228276
1.5551356019610946e-8	7.5235118862899e-6	0.00008153609460758479	0.000123876217560426	0.00012372527735656088	0.00011704179499642239
1.2782291508669166e-8	6.956022365353208e-6	0.00007848165826826373	0.00012028192546096391	0.00012032300342231474	0.00011385199115540979
1.0508252756144959e-8	6.4337509376360586e-6	0.0000755699967021715	0.000116835764540657	0.00011705821522686555	0.00011079069710403194
8.640352449837079e-9	5.952865386343019e-6	0.00007279293454535434	0.00011352979654899543	0.00011392361633328355	0.0001078511030559999
7.105742483155828e-9	5.5098810257055035e-6	0.00007014285560217339	0.00011035660559138972	0.00011091238766232035	0.00010502684434159445
5.8447038985129785e-9	5.101626821273658e-6	0.00006761265828167003	0.00010730925750900933	0.00010801815051318016	0.00010231196694680526
4.808268051370427e-9	4.725215070255957e-6	0.00006519571501482709	0.00010438126289209544	0.00010523493288310005	0.00009970089612530071
3.956271356071738e-9	4.3780142384300035e-6	0.00006288583546737832	0.00010156654336027734	0.000102557138753698	0.00009718840777403395
3.2557640591977897e-9	4.057624599408801e-6	0.00006067723287459523	0.00009885940078446548	0.00009997952004917735	0.00009476960229785546
2.679708192107706e-9	3.7618563648456095e-6	0.00005856449340147393	0.00009625448916089418	0.00009749715100404812	0.0000924398807188267
2.205911818949397e-9	3.488710031404717e-6	0.00005654254814572574	0.00009374678887951792	0.00009510607238250634	0.00009019492281257969
1.8161564355804105e-9	3.23635870278709e-6	0.00005460664754018235	0.00009133158315680289	0.0000927999316099579	0.00008803066707752359
1.4954823062635183e-9	3.003132173435827e-6	0.000052752337923742766	0.00008900443642749143	0.00009057663982335838	0.00008594329236338441
1.231602987208051e-9	2.787502585318104e-6	0.00005097544007459516	0.00008676117451158471	0.00008843167701871463	0.00008392920100382346
1.0144255535118356e-9	2.5880714908672804e-6	0.000049272029521177215	0.0000845978663919405	0.00008636141380136589	0.0000819850033140372
8.356573415353406e-10	2.4035581741818595e-6	0.00004763841846556513	0.00008251080745485039	0.0000843624284120874	0.00008010750332854271
6.884835230200681e-10	2.232789099269792e-6	0.00004607113917101049	0.00008049650406100109	0.00008243149263965618	0.00007829368566704756
5.673026872195714e-10	2.0746883688000196e-6	0.00004456692868045183	0.00007855165932758735	0.0000805655588357768	0.0000765407034275716
4.675099423129478e-10	1.9282690897389776e-6	0.000043122714746249665	0.00007667316001422277	0.00007876174793488719	0.00007484586701601732
3.853189544838127e-10	1.7926255536331705e-6	0.00004173560286333181	0.00007485806441587951	0.00007701733839095528	0.00007320663383031521
3.176159012433542e-10	1.6669261493438983e-6	0.00004040286430857071	0.00007310359117551916	0.00007532975595193095	0.000071620598725237
2.618395891335979e-10	1.5504069349149614e-6	0.00003912192509869885	0.00007140710893750432	0.00007369656420015629	0.00007008548519108302
2.1588302721226093e-10	1.4423658031041758e-6	0.000037890355787538365	0.00006976612677041148	0.00007211545579386643	0.00006859913718581041
1.7801259934032627e-10	1.3421571820611775e-6	0.00003670586203089453	0.0000681782852946058	0.00007058424435102924	0.0000671595115658656
1.4680167502772473e-10	1.249187218796866e-6	0.00003556627585424159	0.00006664134845598268	0.000069100856922252	0.00006576467106608711
1.2107606878496404e-10	1.1629093985594933e-6	0.000034469547564406636	0.00006515319589269824	0.00006766332700440185	0.00006441277778362801
9.98692247002396e-11	1.0828205580920694e-6	0.000033413738251908465	0.00006371181584658797	0.00006626978805100866	0.00006310208712496194
8.238538518069917e-11	1.0084572550676536e-6	0.00003239701283550713	0.0000623152985753396	0.00006491846743948875	0.00006183094217874104
6.796931586658994e-11	9.39392459847144e-7	0.00003141763360492399	0.00006096183022544375	0.0000636076808588126	0.00006059776848060643
5.608141522746705e-11	8.752325391332331e-7	0.00003047395422165804	0.000059649687129488065	0.00006233582708446349	0.00005940106913905844
4.627724755750343e-11	8.156145041531859e-7	0.000029564414141397425	0.00005837723049457342	0.000061101383110447	0.00005823942029420706
3.819071040094555e-11	7.602034987343856e-7	0.000028687533424750878	0.000057142901451523314	0.00005990289961074011	0.000057111466883671605
3.152018872502546e-11	7.086905050776384e-7	0.000027841907905934176	0.000055945216437178435	0.00005873899670494993	0.00005601591869211653
2.6017164031100633e-11	6.607902472167692e-7	0.00002702620469168016	0.000054782762884435425	0.00005760836000510257	0.000054951546662914395
2.1476841648663742e-11	6.162392741080365e-7	0.00002623915796502301	0.00005365419519683827	0.000056509736922435445	0.00005391717945224634
1.7730437449683893e-11	5.747942060447814e-7	0.000025479565070764297	0.00005255823098647485	0.000055441933214834544	0.00005291170020759738
1.4638829228959697e-11	5.362301296638727e-7	0.000024746282861385736	0.00005149364755570051	0.000054403809757165374	0.00005193404355410132
1.2087330538647173e-11	5.003391282208251e-7	0.00002403822428394753	0.000050459278604812946	0.000053394279518204803	0.00005098319277354917
9.981387904784185e-12	4.6692893507735466e-7	0.00002335435519012459	0.00004945401114926525	0.00005241230472920984	0.00005005817716211339
8.243037780410524e-12	4.3582169948416225e-7	0.000022693691352998045	0.00004847678263132988	0.000051456894230366096	0.00004915806955396375
6.807988688556142e-12	4.068528547665254e-7	0.000022055295675553643	0.000047526578212338075	0.0000505271009824611	0.00004828198399897868
5.623217913937561e-12	3.7987007994306117e-7	0.000021438275577052708	0.000046602428232721356	0.0000496220197321303	0.000047429073583690305
4.644991745172084e-12	3.5473234663951786e-7	0.000020841780544549163	0.000045703405828090296	0.000048740784819940885	0.00004659852838545484
3.837234412733759e-12	3.3130904390926196e-7	0.000020264999837834922	0.000044828624690501826	0.000047882568121414205	0.000045789573550621213
3.1701841375968477e-12	3.094791742487631e-7	0.00001970716033701885	0.00004397723696491058	0.0000470465771118538	0.00004500146748818189
2.619285615003751e-12	2.891306147073733e-7	0.000019167524522786107	0.00004314843127156505	0.00004623205304654484	0.00004423350017104353
2.1642772283965556e-12	2.701594375428629e-7	0.00001864538858015519	0.00004234143084581523	0.00004543826924853239	0.000043484991537651754
1.7884386660871057e-12	2.5246928537341276e-7	0.000018140080617254696	0.00004155549178744145	0.00004466452949677221	0.00004275528998725118
1.4779706816094376e-12	2.3597079622856267e-7	0.000017650958991287126	0.00004078990141220597	0.00004391016650798726	0.00004204377096256454
1.2214837310119793e-12	2.2058107431062761e-7	0.000017177410734439053	0.00004004397669887103	0.00004317454050605637	0.00004134983561413407
1.00957632805326e-12	2.0622320264870299e-7	0.000016718850073038448	0.00003931706282542417	0.00004245703787321525	0.00004067290954099261
8.344873386253376e-13	1.9282579416332802e-7	0.000016274717033758913	0.00003860853178871035	0.00004175706987776755	0.00004001244160271899
6.898092179474667e-13	1.8032257796464037e-7	0.000015844476131127397	0.00003791778110209009	0.00004107407147338707	0.00003936790279829128
5.702514843207205e-13	1.6865201798345928e-7	0.000015427615131011642	0.00003724423256612962	0.000040407500165444226	0.00003873878520747923
4.714456087736185e-13	1.5775696128594442e-7	0.000015023643885151316	0.00003658733110768671	0.00003975683494011624	0.0000381246009908208
3.897840524910783e-13	1.4758431365075421e-7	0.000014632093232151247	0.000035946543683082744	0.00003912157525233917	0.00003752488144450675
3.222874624801046e-13	1.380847401951701e-7	0.000014252513960683708	0.00003532135824135507	0.00003850124006893591	0.000036939176106754586
2.664950889822503e-13	1.292123890254622e-7	0.00001388447583094795	0.00003471128274386355	0.00003789536696351134	0.000036367051912491496
2.2037435558094918e-13	1.2092463605861916e-7	0.000013527566650713608	0.00003411584423678035	0.00003730351125993503	0.000035808092393383255
1.8224622758075032e-13	1.1318184931906876e-7	0.000013181391402532013	0.00003353458797323492	0.00003672524522145948	0.000035261896920452073
1.5072361304771221e-13	1.0594717115660361e-7	0.00001284557141893545	0.000032967076582101396	0.00003616015728271222	0.0000347280799867103
1.2466051610620858e-13	9.918631696172282e-8	0.000012519743602664797	0.000032412889280622374	0.000035607851321993294	0.00003420627052741289
1.0311006196529319e-13	9.286738907315521e-8	0.000012203559689167098	0.000031871621128250186	0.000035067945971478384	0.000033696111275690286
8.528984274194743e-14	8.696070468051864e-8	0.000011896685548793085	0.000031342882319261895	0.00003454007396308873	0.000033197258151473296
7.055330484346892e-14	8.143863662384028e-8	0.000011598800526297183	0.00003082629751186524	0.00003402388150793534	0.00003270937968175797
5.836612266319617e-14	7.627546608187574e-8	0.000011309596815427326	0.000030321505191663547	0.00003351902770738379	0.00003223215645038789
4.828668802855796e-14	7.144724622360343e-8	0.000011028778866372871	0.000029828157067485628	0.00003302518399391121	0.000031765280575647546
3.994999713233978e-14	6.693167597263963e-8	0.000010756062824480132	0.000029345917497716868	0.00003254203360004614	0.000031308455214073114
3.305434227195854e-14	6.270798310324944e-8	0.000010491175997933209	0.000028874462945386397	0.00003206927105379111	0.00003086139408898677
2.7350319308569173e-14	5.875681594970803e-8	0.000010233856353056866	0.000028413481460377636	0.00003160660169902965	0.000030423821042356925
2.2631747202802004e-14	5.506014306850578e-8	9.983852035503642e-6	0.000027962672187232014	0.00003115374123951422	0.000029995469608675077
1.872816647126374e-14	5.1601160245772146e-8	9.740920915858286e-6	0.00002752174489711309	0.000030710415305119385	0.000029576082609621203
1.5498641561757445e-14	4.836420429074212e-8	9.504830158263427e-6	0.00002709041954258669	0.00003027635903912696	0.000029165882658070063
1.2826640128162653e-14	4.5334673100494894e-8	9.275355810758966e-6	0.000026668425833956817	0.000029851316705385573	0.000028763217342438513
1.0615801780638614e-14	4.2498951521913594e-8	9.052282416110213e-6	0.000026255502835975086	0.000029435041314259023	0.000028369267774119486
8.786441562721204e-15	3.984434257416407e-8	8.835402641975905e-6	0.000025851398583812616	0.0000290272942663432	0.00002798333935745283
7.272660375429377e-15	3.7359003629267865e-8	8.624516929339177e-6	0.000025455868433600645	0.000028627845012994163	0.000027605215920937
6.019956828554743e-15	3.5031887179806995e-8	8.419433158190662e-6	0.00002506867985596507	0.000028236470732766476	0.000027234688525082825
4.98325337455382e-15	3.285268585169524e-8	8.219966329515132e-6	0.000024689605648048125	0.00002785295602291619	0.000026871555174038937
4.125264750181479e-15	3.081178134649528e-8	8.025938262690658e-6	0.000024318423691656958	0.00002747709260517186	0.000026515620540543086
3.4151492754550193e-15	2.8900197022158356e-8	7.837177307463541e-6	0.000023954922994425323	0.00002710867904502479	0.000026166695703500214
2.8273939008603736e-15	2.7109553843490704e-8	7.653518069712372e-6	0.0000235988983043943	0.000026747520483833245	0.000025824597897529326
2.3408924331428156e-15	2.5432029454277923e-8	7.474801150261662e-6	0.00002325015111103739	0.000026393428383077034	0.000025489150273859097
1.9381834220973556e-15	2.3860320141974987e-8	7.300872896049569e-6	0.0000229084893825979	0.00002604622028013621	0.000025160181671988427
1.6048200150093037e-15	2.2387605483333307e-8	7.13158516299521e-6	0.000022573727315256116	0.00002570571955500499	0.0000248375264015617
1.3288488959469446e-15	2.100751547541271e-8	6.9667950899494556e-6	0.000022245685093522112	0.00002537175520738466	0.00002452102403393981
1.1003794007065814e-15	1.97140999712327e-8	6.8063648831491265e-6	0.00002192418866128462	0.000025044161643631293	0.000024210519202977324
9.112271807176133e-16	1.85018002529551e-8	6.650161610628125e-6	0.0000216090695029787	0.00002472277847306374	0.00002390586141454436
7.546195010273078e-16	1.7365422588058744e-8	6.498057006070513e-6	0.000021300164434365378	0.000024407450313164696	0.000023606904864356974
6.249514979851418e-16	1.6300113625551805e-8	6.3499272816200266e-6	0.00002099731540244448	0.0000240980266032343	0.000023313508263704506
5.175845734813228e-16	1.530133749994813e-8	6.2056529491883565e-6	0.000020700369294048322	0.00002379436142607943	0.000023025534672685338
4.2867963230208107e-16	1.4364854520588193e-8	6.065118649830129e-6	0.000020409177752690104	0.0000234963133373457	0.000022742851340583025
3.550591332765852e-16	1.3486701332973348e-8	5.92821299077713e-6	0.00002012359700326241	0.000023203745202119628	0.000022465329553036413
2.940929695921858e-16	1.2663172447171736e-8	5.794828389746933e-6	0.00001984348768420489	0.00002291652403844956	0.000022192844485674366
2.436040570867867e-16	1.1890803036098095e-8	5.66486092616268e-6	0.000019568714686780154	0.00002263452086745279	0.000021925275063905068
2.0179022298935133e-16	1.116635291362098e-8	5.538210198940636e-6	0.000019299147001116425	0.00002235761056969367	0.00002166250382856589
1.6715957748908691e-16	1.048679160905531e-8	5.414779190521237e-6	0.00001903465756869404	0.000022085671747534997	0.000021404416807155048
1.3847703816128151e-16	9.849284460701446e-9	5.294474136836963e-6	0.00001877512314096982	0.000021818586593180507	0.000021150903390382313
1.1472008041582989e-16	9.251179656731066e-9	5.177204402927065e-6	0.00001852042414384993	0.000021556240762140996	0.000020901856213788555
9.504212042936358e-17	8.689996156934232e-9	5.062882363924961e-6	0.000018270444547736482	0.00002129852325187123	0.000020657171044197945
7.874221259065922e-17	8.163412433661758e-9	4.951423291158665e-6	0.00001802507174288844	0.00002104532628533728	0.00002041674667077857
6.523997134343988e-17	7.669255974756651e-9	4.842745243118692e-6	0.000017784196419849902	0.00002079654519928699	0.00002018048480049918
5.405481572363271e-17	7.205493495391953e-9	4.7367689610608395e-6	0.000017547712454712444	0.00002055207833700755	0.000019948289957779947
4.4788790696002934e-17	6.770221809550111e-9	4.63341776902357e-6	0.000017315516798989758	0.000020311826945365756	0.000019720069388146797
3.711234824762667e-17	6.361659315411096e-9	4.532617478051312e-6	0.000017087509373894163	0.000020075695075936393	0.000019495732965707065
3.075257776229606e-17	5.978138052187596e-9	4.43429629442596e-6	0.00001686359296881596	0.000019843589490034426	0.000019275193104274918
2.548346334009592e-17	5.618096288974104e-9	4.3383847317190205e-6	0.000016643673143815258	0.000019615419567475937	0.00001905836467198239
2.1117818630202064e-17	5.280071608982294e-9	4.244815526486743e-6	0.000016427658135947396	0.00001939109721890146	0.000018845164909220936
1.7500610049526557e-17	4.96269445513396e-9	4.153523557439542e-6	0.00001621545876925032	0.000019170536801503514	0.000018635513349765952
1.4503429145247935e-17	4.664682105391406e-9	4.064445767925792e-6	0.000016006988368231753	0.000018953655038008504	0.00001842933174494366
1.2019916127868688e-17	4.3848330484374275e-9	3.977521091578159e-6	0.000015802162674701948	0.00001874037093876978	0.00001822654399070737
9.961970743414011e-18	4.122021732386809e-9	3.892690380978343e-6	0.00001560089976780506	0.00001853060572683641	0.000018027076057495787
8.256614900866516e-18	3.8751936611301515e-9	3.8098963392033668e-6	0.00001540311998710975	0.000018324282765868384	0.000017830855922753172
6.843394842765663e-18	3.643360814691036e-9	3.729083454123445e-6	0.000015208745858626198	0.000018121327490775493	0.000017637813505996308
5.672229985613964e-18	3.4255973716285837e-9	3.650197935327925e-6	0.000015017702023623258	0.000017921667340962692	0.000017447880606318955
4.701631559080249e-18	3.221035713049766e-9	3.5731876535618924e-6	0.00001482991517012556	0.000017725231696070913	0.000017260990842230025
3.8972274152155025e-18	3.0288626892176956e-9	3.498002082561949e-6	0.000014645313966975961	0.000017531951814107154	0.00001707707959372618
3.2305403375962673e-18	2.8483161310620638e-9	3.424592243184989e-6	0.00001446382900035461	0.000017341760771863037	0.000016896083946504633
2.6779762496907095e-18	2.678681590123424e-9	3.3529106497291506e-6	0.000014285392712650544	0.00001715459340752531	0.00001671794263822624
2.21998622787884e-18	2.5192892916009943e-9	3.2829112583508977e-6	0.000014109939343587169	0.00001697038626538712	0.000016542596006743235
1.840372437185489e-18	2.3695112862307044e-9	3.2145494174869494e-6	0.000013937404873507147	0.00001678907754257229	0.000016369985940209905
1.5257132500422726e-18	2.228758787702018e-9	3.1477818201940848e-6	0.000013767726968726643	0.000016610607037689096	0.000016200055828998397
1.2648870648876408e-18	2.0964796832348317e-9	3.0825664583240706e-6	0.000013600844928874428	0.00001643491610133525	0.000016032750519345346
1.0486778648720834e-18	1.9721562057850286e-9	3.018862578454851e-6	0.000013436699636132016	0.000016261947588376566	0.000015868016268658612
8.694484737271844e-19	1.8553027571360624e-9	2.9566306395030224e-6	0.000013275233506298955	0.00001609164581192832	0.000015705800702416293
7.208698805410557e-19	1.7454638718662398e-9	2.895832271945959e-6	0.000013116390441607632	0.00001592395649896976	0.000015546052772593803
5.976970042792717e-19	1.642212312862865e-9	2.8364302385855122e-6	0.000012960115785217158	0.00001575882674752595	0.000015388722717557182
4.955829239950394e-19	1.545147289687979e-9	2.778388396788248e-6	0.000012806356277318273	0.000015596204985354047	0.000015233762023363946
4.10924971033971e-19	1.4538927916898149e-9	2.7216716621403043e-6	0.000012655060012784759	0.000015436040930073942	0.000015081123386415299
3.407372141908814e-19	1.3680960283024132e-9	2.6662459734578313e-6	0.000012506176400309387	0.000015278285550685783	0.000014930760677406065
2.825448082999394e-19	1.2874259694860539e-9	2.612078259096598e-6	0.00001235965612296551	0.00001512289103041968	0.000014782628906520931
2.3429645472283054e-19	1.2115719797359484e-9	2.55913640450706e-6	0.000012215451100137703	0.00001496981073086499	0.000014636684189828248
1.9429186644290985e-19	1.140242539528622e-9	2.5073892209835727e-6	0.000012073514450767677	0.000014818999157329184	0.0000144928837168243
1.6112166398814332e-19	1.0731640484868448e-9	2.456806415558793e-6	0.000011933800457863816	0.000014670411925378407	0.000014351185719083311
1.3361757024031428e-19	1.0100797049270583e-9	2.4073585619965096e-6	0.0000117962645342251	0.000014524005728513792	0.000014211549439970507
1.1081113811088845e-19	9.507484568100063e-10	2.3590170728382737e-6	0.000011660863189332215	0.000014379738306939772	0.000014073935105376968
9.189954812895572e-20	8.949440194475394e-10	2.3117541724611995e-6	0.000011527553997360774	0.000014237568417382462	0.000013938303895437297
7.621726400075671e-20	8.424539556281218e-10	2.265542871106192e-6	0.000011396295566273586	0.000014097455803917883	0.000013804617917192371
6.321254211078213e-20	7.930788141118969e-10	2.220356939837703e-6	0.000011267047507950494	0.000013959361169771712	0.00001367284017816151
5.2427963149204924e-20	7.466313227149374e-10	2.1761708863978163e-6	0.000011139770409316379	0.000013823246150053707	0.000013542934560789372
4.3484296703108295e-20	7.029356324527209e-10	2.1329599319190995e-6	0.000011014425804429496	0.000013689073285391577	0.000013414865797734812
3.606712781836444e-20	6.618266094462798e-10	2.0906999884622446e-6	0.000010890976147493834	0.000013556805996430597	0.000013288599447970104
2.991577243057303e-20	6.231491715121198e-10	2.049367637345981e-6	0.000010769384786760837	0.00001342640855916663	0.000013164101873660352
2.4814089659662282e-20	5.867576665598578e-10	2.008940108238182e-6	0.000010649615939287161	0.00001329784608108155	0.000013041340217793988
2.058286614749091e-20	5.52515290110742e-10	1.969395258978401e-6	0.000010531634666516728	0.000013171084478051453	0.000012920282382536782
1.7073503279355846e-20	5.202935394266682e-10	1.930711556103399e-6	0.000010415406850656376	0.000013046090451999066	0.000012800897008282574
1.4162784246647386e-20	4.899717019038594e-10	1.8928680560484023e-6	0.000010300899171816012	0.000012922831469263365	0.00001268315345337469
1.1748536117144108e-20	4.61436375538951e-10	1.8558443869980339e-6	0.000010188079085885015	0.000012801275739659792	0.00001256702177447738
9.746033738387091e-21	4.3458101941844137e-10	1.8196207313619495e-6	0.000010076914803118133	0.000012681392196206405	0.000012452472707564163
8.08501853199919e-21	4.0930553231614345e-10	1.7841778088512628e-6	9.967375267404954e-6	0.00001256315047549163	0.000012339477649513456
6.7072269735514456e-21	3.8551585760803556e-10	1.7494968601328876e-6	9.859430136198237e-6	0.000012446520898660639	0.00001222800864028018
5.564341564663238e-21	3.631236128303267e-10	1.7155596310398403e-6	9.753049761077338e-6	0.000012331474452998112	0.000012118038345626504
4.6162920301514475e-21	3.420457423152533e-10	1.6823483573164995e-6	9.64820516892396e-6	0.000012217982774086185	0.000012009540040391173
3.829846842307634e-21	3.222041914406012e-10	1.6498457498786977e-6	9.544868043688094e-6	0.000012106018128517068	0.000011902487592278308
3.1774454250888157e-21	3.03525601123688e-10	1.6180349805693064e-6	9.44301070872371e-6	0.00001199555339714074	0.000011796855446147328
2.636229886271964e-21	2.859410212790404e-10	1.5868996683908598e-6	9.342606109673327e-6	0.000011886562058829013	0.000011692618608786367
2.1872421662768334e-21	2.6938564204161674e-10	1.5564238661974322e-6	9.243627797882539e-6	0.000011779018174737655	0.000011589752634152227
1.8147583276460886e-21	2.5379854163464915e-10	1.5265920478287808e-6	9.14604991432577e-6	0.000011672896373049297	0.000011488233609060694
1.5057365455887453e-21	2.3912244983322845e-10	1.4973890956704348e-6	9.049847174025334e-6	0.000011568171834180482	0.000011388038139311452
1.2493593686424557e-21	2.2530352604221407e-10	1.4688002886240592e-6	8.954994850946638e-6	0.000011464820276436655	0.000011289143336232692
1.0366541411622217e-21	2.1229115106991785e-10	1.4408112904730862e-6	8.861468763353077e-6	0.000011362817942099823	0.000011191526803630897
8.601782334704809e-22	2.0003773173788887e-10	1.4134081386292061e-6	8.769245259604614e-6	0.000011262141583933822	0.000011095166625131937
7.13758008447934e-22	1.8849851752209276e-10	1.386577233245867e-6	8.678301204384944e-6	0.000011162768452093219	0.000011000041351900177
5.9227234576997025e-22	1.7763142847217148e-10	1.3603053266855067e-6	8.588613965342444e-6	0.00001106467628142184	0.000010906129990722647
4.914731137450432e-22	1.6739689370351473e-10	1.3345795133277838e-6	8.500161400130853e-6	0.000010967843279127925	0.000010813411992445996
4.0783627918447384e-22	1.5775769980178715e-10	1.3093872197065346e-6	8.412921843836107e-6	0.000010872248112823124	0.000010721867240754393
3.3843842383630944e-22	1.4867884852155517e-10	1.2847161949637209e-6	8.326874096776278e-6	0.000010777869898913072	0.000010631476041276809
2.808543296962771e-22	1.4012742319993062e-10	1.2605545016090542e-6	8.241997412661987e-6	0.000010684688191327926	0.000010542219111012728
2.3307203649974966e-22	1.3207246334287479e-10	1.2368905065744536e-6	8.158271487105306e-6	0.00001059268297058139	0.000010454077568065794
1.9342238903497045e-22	1.244848468761616e-10	1.2137128725529253e-6	8.075676446465453e-6	0.000010501834633147448	0.000010367032921675029
1.6052060126138196e-22	1.1733717958513434e-10	1.1910105496117767e-6	7.99419283702006e-6	0.00001041212398114417	0.000010281067062533892
1.33217786522243e-22	1.1060369129744936e-10	1.168772767070635e-6	7.913801614451234e-6	0.000010323532212314693	0.000010196162253387745
1.1056075329011781e-22	1.0426013839113062e-10	1.1469890256349154e-6	7.834484133636097e-6	0.000010236040910295496	0.000010112301119900533
9.17586562132472e-23	9.828371223657433e-11	1.1256490897758883e-6	7.756222138731676e-6	0.000010149632035162504	0.000010029466641781971
7.615533296600596e-23	9.265295320577337e-11	1.104742980348759e-6	7.678997753544661e-6	0.000010064287914246445	9.947642144166782e-6
6.320635702423122e-23	8.734766990507832e-11	1.0842609674405485e-6	7.602793472176561e-6	9.979991233207935e-6	9.866811289237735e-6
5.246000201311602e-23	8.234886330938774e-11	1.0641935634398263e-6	7.527592149935501e-6	9.896725027364817e-6	9.786958068084808e-6
4.35414505369186e-23	7.763865549585325e-11	1.0445315163206942e-6	7.453376994505902e-6	9.814472673263044e-6	9.708066792792779e-6
3.613969422525388e-23	7.320022269409028e-11	1.0252658031336843e-6	7.380131557367819e-6	9.733217880483578e-6	9.63012208874991e-6
2.99966661239162e-23	6.901773238758554e-11	1.0063876236965115e-6	7.30783972545788e-6	9.652944683677689e-6	9.553108887170866e-6
2.4898224838367857e-23	6.50762842175644e-11	9.878883944778923e-7	7.236485713064129e-6	9.573637434823461e-6	9.477012417826898e-6
2.066667475722384e-23	6.136185445610031e-11	9.697597426678913e-7	7.166054053947304e-6	9.495280795696468e-6	9.401818201976835e-6
1.7154560522991713e-23	5.7861243829782465e-11	9.519935004284989e-7	7.096529593681431e-6	9.417859730547988e-6	9.327512045492603e-6
1.423951856981375e-23	5.45620284888689e-11	9.345816993183894e-7	7.0278974822066846e-6	9.34135949898405e-6	9.254080032173029e-6
1.1820005581627272e-23	5.14525139296023e-11	9.175165648860052e-7	6.960143166587952e-6	9.26576564903913e-6	9.181508517240285e-6
9.811754439652983e-24	4.852169168931037e-11	9.007905114253815e-7	6.893252383972818e-6	9.191064010439097e-6	9.109784121013146e-6
8.144833703924086e-24	4.575919864509662e-11	8.843961368892337e-7	6.8272111547419755e-6	9.1172406880456e-6	9.038893722751506e-6
6.76120780397853e-24	4.315527875741928e-11	8.683262179541724e-7	6.762005775847318e-6	9.044282055478867e-6	8.968824454667107e-6
5.6127126404184365e-24	4.0700747109668113e-11	8.525737052329488e-7	6.697622814330805e-6	8.972174748911649e-6	8.899563696095216e-6
4.659375836754949e-24	3.838695610406094e-11	8.371317186289327e-7	6.634049101019047e-6	8.900905661029598e-6	8.831099067822334e-6
3.86802293975753e-24	3.620576368280335e-11	8.219935428281311e-7	6.571271724388123e-6	8.83046193515309e-6	8.763418426565242e-6
3.2111208693237267e-24	3.4149503451541343e-11	8.071526229242534e-7	6.509278024593336e-6	8.760830959515422e-6	8.696509859596708e-6
2.665818216396278e-24	3.221095658971259e-11	7.926025601724958e-7	6.448055587658992e-6	8.692000361692768e-6	8.630361679513501e-6
2.2131488705419394e-24	3.038332543950579e-11	7.783371078678414e-7	6.387592239823204e-6	8.62395800318118e-6	8.564962419142405e-6
1.8373711686955613e-24	2.8660208671796022e-11	7.643501673438671e-7	6.3278760420331225e-6	8.556691974116417e-6	8.500300826579979e-6
1.5254194933283698e-24	2.703557793366599e-11	7.506357840881492e-7	6.268895284586034e-6	8.490190588132097e-6	8.436365860362253e-6
1.2664491778513948e-24	2.5503755887976835e-11	7.371881439705207e-7	6.2106384819118916e-6	8.42444237735219e-6	8.373146684760327e-6
1.0514588370366546e-24	2.405939556093996e-11	7.240015695805714e-7	6.153094367493118e-6	8.359436087513825e-6	8.310632665198237e-6
8.729769447779246e-25	2.269746091878792e-11	7.110705166708816e-7	6.096251888917508e-6	8.295160673216557e-6	8.248813363789384e-6
7.248017252980802e-25	2.1413208599468948e-11	6.983895707026394e-7	6.040100203060307e-6	8.231605293294289e-6	8.187678534988116e-6
6.017852854732483e-25	2.0202170729816234e-11	6.859534434903726e-7	5.984628671391666e-6	8.168759306306406e-6	8.127218121353026e-6
4.996544604254598e-25	1.9060138762889404e-11	6.73756969942673e-7	5.929826855405699e-6	8.106612266144434e-6	8.067422249418728e-6
4.148621259687409e-25	1.7983148274167256e-11	6.61795104895873e-7	5.875684512167653e-6	8.045153917751005e-6	8.008281225672902e-6
3.444637946997994e-25	1.696746465900825e-11	6.500629200377576e-7	5.8221915899756335e-6	7.984374192947776e-6	7.949785532635639e-6
2.86015194684294e-25	1.600956967729925e-11	6.385556009184859e-7	5.7693382241336115e-6	7.924263206369196e-6	7.891925825038014e-6
2.374872616459615e-25	1.5106148794502096e-11	6.272684440459981e-7	5.717114732832474e-6	7.86481125149902e-6	7.834692926097116e-6
1.971955829047637e-25	1.4254079271393054e-11	6.161968540632775e-7	5.665511613135898e-6	7.806008796806643e-6	7.77807782388475e-6
1.63741835257429e-25	1.3450418957685567e-11	6.053363410049171e-7	5.614519537068142e-6	7.747846481980393e-6	7.722071667787038e-6
1.3596517715800405e-25	1.269239574744395e-11	5.94682517630547e-7	5.56412934780072e-6	7.690315114255023e-6	7.666665765052475e-6
1.1290190254578382e-25	1.1977397656745547e-11	5.842310968327435e-7	5.5143320559351885e-6	7.633405664830666e-6	7.611851577425811e-6
9.375195160278756e-26	1.1302963486442234e-11	5.739778891171282e-7	5.465118835879226e-6	7.577109265380709e-6	7.5576207178653584e-6
7.785111265776092e-26	1.0666774035118498e-11	5.639188001524442e-7	5.4164810223134205e-6	7.521417204646112e-6	7.503964947341398e-6
6.464794773068546e-26	1.0066643829451905e-11	5.540498283884723e-7	5.368410106746165e-6	7.466320925113607e-6	7.450876171713377e-6
5.368463875230379e-26	9.500513341161322e-12	5.443670627397116e-7	5.320897734154129e-6	7.411812019775561e-6	7.398346438683677e-6
4.458108803978439e-26	8.966441661586406e-12	5.348666803328335e-7	5.273935699705938e-6	7.357882228969168e-6	7.346367934825861e-6
3.702171992702362e-26	8.462599606686786e-12	5.255449443159734e-7	5.227515945566721e-6	7.304523437292701e-6	7.2949329826852766e-6
3.074452448956284e-26	7.987263226887174e-12	5.163982017279882e-7	5.181630557781229e-6	7.251727670596799e-6	7.244034037950013e-6
2.553196234994367e-26	7.538807697733152e-12	5.07422881425881e-7	5.136271763233341e-6	7.199487093048576e-6	7.193663686690363e-6
2.1203414321337285e-26	7.115701568766554e-12	4.986154920686411e-7	5.091431926679862e-6	7.147794004266721e-6	7.143814642664704e-6
1.7608913403945127e-26	6.7165013493859e-12	4.899726201558099e-7	5.047103547856604e-6	7.0966408365254385e-6	7.0944797446901826e-6
1.4623941264015048e-26	6.339846411731168e-12	4.814909281191424e-7	5.003279258654484e-6	7.046020152025473e-6	7.0456519540763195e-6
1.2145108354445505e-26	5.9844541918288215e-12	4.7316715246578007e-7	4.9599518203641014e-6	6.995924640230389e-6	6.997324352120291e-6
1.0086567569285323e-26	5.64911567135663e-12	4.6499810197141004e-7	4.917114120986645e-6	6.946347115266234e-6	6.94949013765948e-6
8.377036832819765e-27	5.332691123443587e-12	4.5698065592192787e-7	4.874759172609404e-6	6.8972805133829656e-6	6.9021426246865846e-6
6.957327195994649e-27	5.034106106911829e-12	4.491117624021771e-7	4.832880108844097e-6	6.848717890475929e-6	6.8552752400165055e-6
5.778290586104563e-27	4.752347694299001e-12	4.413884366303735e-7	4.791470182326371e-6	6.800652419665754e-6	6.808881521010389e-6
4.799115941938432e-27	4.486460919874886e-12	4.3380775933688694e-7	4.750522762274695e-6	6.7530773889351704e-6	6.7629551133526575e-6
3.985914573808464e-27	4.235545434688194e-12	4.2636687518606425e-7	4.710031332107182e-6	6.705986198821126e-6	6.717489768879956e-6
3.310545637571464e-27	3.998752356452275e-12	4.190629912398572e-7	4.669989487114706e-6	6.6593723601607785e-6	6.672479343460723e-6