1
2.2715361355944046e10
8.062890285946034e9
3.930341320665153e9
2.214480593636146e9
1.36333665084733e9
8.928412675728188e8
6.123390781250792e8
4.3530904034120846e8
3.184555567962261e8
2.3846829860276705e8
1.8204903840240717e8
1.4124214529919732e8
1.1109407296013618e8
8.841323652573493e7
7.108156444102444e7
5.765668984002309e7
4.7133902775555246e7
3.87992356542832e7
3.213626578171543e7
2.676552086409792e7
2.2404200196798183e7
1.8838859861206092e7
1.5906551193893734e7
1.3481580690789565e7
1.1466075846434897e7
9.783170411212511e6
8.372019798053446e6
7.184113007492955e6
6.180514821817264e6
5.329783386270053e6
4.606383503695161e6
3.9894674653996765e6
3.4619309578243964e6
3.009676655776895e6
2.6210359096300094e6
2.286311699727435e6
1.9974152786775532e6
1.7475756829342349e6
1.5311062807348145e6
1.3432162302249707e6
1.179857498775617e6
1.0376001903683866e6
913530.5205280904
805166.9963521848
710391.2965658806
627391.0721329054
554612.4527532707
490720.486547233
434566.0878193231
385158.34248533373
341641.2388167283
303274.065039996
269414.85455807706
239506.37149016344
213064.21955327375
189666.73047108282
168946.3475631959
150582.26866804773
134294.15223593992
119836.72299932179
106995.14044014017
95581.01541036583
85428.97858786232
76393.71966187317
68347.42880210072
61177.58252694461
54785.02491869
49082.3025364355
43992.21759636119
39446.56922417129
35385.05700087531
31754.32475602933
28507.12572397855
25601.59286102428
23000.600401472708
20671.204671945776
18584.15383922319
16713.45768154418
15036.009683783226
13531.254794282671
12180.89707145549
10968.642213506233
9879.970623252191
8901.93722767805
8022.994761736721
7232.837649210988
6522.2639796759895
5883.053397828683
5307.85899655281
4790.111543931472
4323.934582011219
3904.069115743755
3525.806767851613
3184.9304125270755
2877.6614205798546
2600.6127532201335
2350.7472330983883
2125.3404012446304
1921.9474386438194
1738.3736926354652
1572.6484022448733
1423.0012639024285
1287.8415206198613
1165.7392942915828
1055.4089130033556
955.6940136059828
865.5542248236623
784.0532582293871
710.3482538941688
643.6802447181365
583.3656186548541
528.7884714861206
479.3937547035462
434.6811335897013
394.19947992708126
357.5419320392624
324.34146220970194
294.26689803896943
267.0193500866882
242.32900328465567
219.95223417675427
199.6690201048782
181.28061007588548
164.6074302634238
149.48719996531284
135.77323639165698
123.33292893605432
112.04636561317865
101.80509615803079
92.5110178995764
84.07537196579626
76.41783866742227
69.46572206071023
63.15321472048705
57.42073467670939
52.21432729268655
47.48512560144701
43.18886327779015
39.28543501565427
35.73849961092946
32.51512152531518
29.585447133114673
26.922412235186265
24.50147776727247
22.300390937747906
20.29896930615641
18.478905562042257
16.8235909864654
15.317955778848551
13.948324611787749
12.702285938261769
11.568573721177577
10.536960386065218
9.598159915488504
8.743740109709618
7.966043133540408
7.258113555207068
6.613633160413847
6.026861894479718
5.492584348215696
5.006061259804499
4.562985555962457
4.159442501665782
3.791873569211744
3.4570436748109614
3.1520114646751907
2.874102363039205
2.6208841220628485
2.390144638394095
2.1798718235996217
1.9882353359243459
1.8135699991387961
1.654360750765556
1.5092289769164628
1.376920104476509
1.2562923335786305
1.1463064043524287
1.0460163019127677
0.9545608125839983
0.8711558525245052
0.7950874973077141
0.7257056477047482
0.6624182729683283
0.6046861783983353
0.552018248931851
0.5039671249941907
0.4601252709173402
0.42012139991882236
0.38361722297394446
0.35030449194071583
0.31990231003918657
0.2921546852727006
0.2668283046317726
0.24371050896412327
0.22260745024669465
0.203342414675226
0.18575429651048198
0.169696209002187
0.1550342199654671
0.14164620072215098
0.1294207781515581
0.11825638053224469
0.10806036870652284
0.09874824487149529
0.09024293200116795
0.08247411754054576
0.07537765559047827
0.06889502232683771
0.06297281987430896
0.05756232428810188
0.05261907369031338
0.04810249296512485
0.043975551741848244
0.04020445269003435
0.036758347419167475
0.033609077519359966
0.03073093850117727
0.028100464594304275
0.02569623254805347
0.023498682743391043
0.021489956077740235
0.01965374522168995
0.017975158972145387
0.01644059854054209
0.015037644718537684
0.013754954958033692
0.012582169488314449
0.011509825671293316
0.010529279867030812
0.00963263614647148
0.008812681247316047
0.008062825222628764
0.007377047280654333
0.006749846358819597
0.006176196015416288
0.005651503259362358
0.0051715709720457055
0.004732563605863262
0.004330975871949017
0.00396360415498241
0.0036275204161061044
0.0033200483660625235
0.0030387417098657814
0.0027813642818277176
0.002545871905706117
0.002330395829278607
0.0021332275958936674
0.0019528052276253378
0.001787700605665343
0.0016366079436205133
0.0014983332585313317
0.0013717847527678366
0.0012559640275639694
0.0011499580558859302
0.0010529318486538117
0.000964121754102884
0.0008828293353306349
0.0008084157758731749
0.0007402967675305285
0.0006779378386522372
0.0006208500847362657
0.0005685862665165492
0.0005207372437457625
0.0004769287156456731
0.0004368182415212102
0.0004000925173374211
0.0003664648861602312
0.0003356730622800851
0.00030747705058825414
0.0002816572443735524
0.0002580126861658495
0.00023635947758426898
0.0002165293253635318
0.0001983682118416401
0.0001817351792053093
0.00016650121771466557
0.00015254824897345328
0.00013976819608235385
0.00012806213321742924
0.00011733950781899437
0.0001075174291637471
0.00009852001762958354
0.00009027780945265574
0.0000827272122239247
0.00007581000678142234
0.0000694728915280274
0.00006366706554586553
0.00005834784719025785
0.00005347432513103527
0.0000490090390693397
0.00004491768759588411
0.000041168860873984806
0.000037733796029292985
0.00003458615330965736
0.00003170181124442688
0.00002905867918410778
0.000026636525739851536
0.00002441682176890203
0.00002238259666789755
0.00002051830684174624
0.000018809715312532564
0.000017243781521348
0.000015808560456789836
0.000014493110317791016
0.00001328740798602622
0.000012182271644934304
0.000011169289938899466
0.000010240757117800063
9.389613659380688e-6
8.609391905108402e-6
7.894166284687304e-6
7.238507740541514e-6
6.637441996626886e-6
6.08641134615989e-6
5.581239660500931e-6
5.118100346719023e-6
4.693487004498593e-6
4.304186554210476e-6
3.947254627327848e-6
3.61999302807759e-6
3.319929091419567e-6
3.044796777269365e-6
2.792519354442088e-6
2.5611935402037428e-6
2.3490749726703964e-6
2.1545649036845737e-6
1.9761980093049163e-6
1.8126312237444525e-6
1.6626335105538187e-6
1.5250764921312288e-6
1.398925865308455e-6
1.2832335368642457e-6
1.1771304184015992e-6
1.079819825136954e-6
9.905714278282128e-7
9.087157113510595e-7
8.336388973531939e-7
7.647782920045214e-7
7.016180231462564e-7
6.436851341490632e-7
5.905460045432981e-7
5.418030700048123e-7
4.970918165871921e-7
4.560780262039415e-7
4.1845525229838815e-7
3.839425064101207e-7
3.5228213796842616e-7
3.232378911280614e-7
2.965931238223935e-7
2.7214917545404405e-7
2.497238707833743e-7
2.2915014861929656e-7
2.1027480487315354e-7
1.929573404121431e-7
1.7706890495083141e-7
1.6249132895387725e-7
1.4911623619588985e-7
1.3684423024059332e-7
1.2558414866590949e-7
1.152523793785885e-7
1.0577223383561333e-7
9.707337242341749e-8
8.90912776433583e-8
8.176677111593624e-8
7.504557074975314e-8
6.887788472673242e-8
6.321803923503311e-8
5.802413713753329e-8
5.325774499871122e-8
4.888360610801599e-8
4.486937733505875e-8
4.118538783266942e-8
3.7804417769456696e-8
3.4701495425237846e-8
3.185371112174022e-8
2.9240046588380856e-8
2.6841218479680683e-8
2.463953486785917e-8
2.2618763632201115e-8
2.0764011756641423e-8
1.9061614629360606e-8
1.7499034513652784e-8
1.6064767428496945e-8
1.4748257740654584e-8
1.3539819828221998e-8
1.2430566228819275e-8
1.1412341734412849e-8
1.047766293950923e-8
9.619662790471142e-9
8.832039721299845e-9
8.109010995688909e-9
7.445269906743803e-9
6.835946514720978e-9
6.276571629686421e-9
5.763043770331162e-9
5.291598852492066e-9
4.8587823813810875e-9
4.461423940279011e-9
4.096613785642615e-9
3.761681374337818e-9
3.4541756631639318e-9
3.1718470340858245e-9
2.9126307107408992e-9
2.674631542928839e-9
2.456110046007218e-9
2.2554695914833635e-9
2.0712446536820636e-9
1.9020900252451495e-9
1.7467709214415937e-9
1.604153899890235e-9
1.4731985283711433e-9
1.3529497389718197e-9
1.2425308119228191e-9
1.1411369371620815e-9
1.048029305963882e-9
9.62529688908736e-10
8.840154600846046e-10
8.119150307243858e-10
7.45703658524859e-10
6.848996016805824e-10
6.290605892239185e-10
5.777805816081867e-10
5.306867976227802e-10
4.874369857028023e-10
4.4771691950628894e-10
4.11238099292853e-10
3.7773564216102336e-10
3.4696634559906317e-10
3.187069100860585e-10
2.9275230765612206e-10
2.689142844174583e-10
2.470199860078059e-10
2.2691069587580864e-10
2.0844067711091432e-10
1.9147610930867983e-10
1.7589411265955217e-10
1.6158185209251998e-10
1.4843571489527528e-10
1.3636055577407512e-10
1.2526900381337378e-10
1.15080826251207e-10
1.0572234440462365e-10
9.712589746329301e-11
8.922935022161432e-11
8.197564114282476e-11
7.531236744515086e-11
6.919140417216426e-11
6.356855445920627e-11
5.840322843689059e-11
5.3658148422964656e-11
4.929907824677918e-11
4.5294574727696566e-11
4.1615759491279686e-11
3.823610945624258e-11
3.5131264462014175e-11
3.22788506323799e-11
2.965831818594877e-11
2.7250792509996285e-11
2.503893741134125e-11
2.3006829547037e-11
2.1139843119458332e-11
1.9424543995442683e-11
1.7848592478055467e-11
1.6400654022797772e-11
1.5070317248130808e-11
1.3848018643478585e-11
1.2724973426783025e-11
1.1693112048583497e-11
1.0745021880804567e-11
9.873893666266564e-12
9.073472339659322e-12
8.338011862597258e-12
7.662233744636089e-12
7.0412889489944044e-12
6.470722906383063e-12
5.9464433829834115e-12
5.46469096939764e-12
5.02201197647328e-12
4.615233541419439e-12
4.24144076371219e-12
3.897955705049441e-12
3.5823181011689905e-12
3.292267645786782e-12
3.0257277183367958e-12
2.7807904376829347e-12
2.555702933603463e-12
2.3488547366905573e-12
2.15876619542579e-12
1.9840778366463328e-12
1.8235405924607016e-12
1.6760068229570853e-12
1.5404220698173716e-12
1.4158174812482383e-12
1.3013028535056168e-12
1.196060238756032e-12
1.0993380731202926e-12
1.0104457825116998e-12
9.287488273397498e-13
8.536641503265496e-13
7.846559945997499e-13
7.212320619042591e-13
6.629399832345582e-13
6.09364076448164e-13
5.601223674950635e-13
5.148638538028029e-13
4.7326599010632e-13
4.350323786181533e-13
3.9989064691011514e-13
3.6759049823254206e-13
3.3790192024169316e-13
3.1061353924879976e-13
2.8553110815395215e-13
2.6247611719207876e-13
2.4128451750371487e-13
2.2180554835649284e-13
2.0390065959020776e-13
1.8744252154435366e-13
1.7231411535712616e-13
1.5840789710364375e-13
1.4562502977272214e-13
1.3387467756980645e-13
1.230733574821527e-13
1.1314434345429563e-13
1.0401711890023948e-13
9.562687362637772e-14
8.79140415584209e-14
8.082387595888241e-14
7.430605909106787e-14
6.831434353297685e-14
6.280622257184826e-14
5.774262731889989e-14
5.3087648375638345e-14
4.880828005933496e-14
4.487418535714241e-14
4.125747992703848e-14
3.7932533600400376e-14
3.4875787966514836e-14
3.206558873462831e-14
2.9482031675064764e-14
2.710682103824841e-14
2.4923139439868638e-14
2.291552828255847e-14
2.106977785991429e-14
1.937282635801049e-14
1.7812667033255045e-14
1.637826290394825e-14
1.5059468346671355e-14
1.384695703802655e-14
1.2732155727634689e-14
1.1707183369994542e-14
1.0764795181119732e-14
9.898331221070615e-15
9.10166913584201e-15
8.369180721784907e-15
7.695692003046386e-15
7.0764465376011764e-15
6.5070716905013976e-15
5.983547634154287e-15
5.502178854901098e-15
5.059567963055813e-15
4.652591619996158e-15
4.278378411000735e-15
3.934288506402446e-15
3.617894966379583e-15
3.326966556423121e-15
3.0594519512859696e-15
2.8134652151143103e-15
2.5872724545533772e-15
2.3792795499753796e-15
2.188020877655482e-15
2.0121489427776707e-15
1.85042484963661e-15
1.7017095413604388e-15
1.5649557469556091e-15
1.4392005785074277e-15
1.3235587259948473e-15
1.217216201428459e-15
1.1194245879267756e-15
1.0294957529357806e-15
9.46796988095906e-16
8.707465412927741e-16
8.0080950921465345e-16
7.364940613007372e-16
6.773479683181625e-16
6.22955410969042e-16
5.729340459170595e-16
5.269323084506089e-16
4.846269326790246e-16
4.457206717021312e-16
4.099402016121967e-16
3.7703419449143426e-16
3.4677154676680465e-16
3.1893975038556263e-16
2.9334339528758203e-16
2.6980279258122946e-16
2.481527086850409e-16
2.282412014837848e-16
2.0992855027027398e-16
1.9308627190863235e-16
1.7759621626540057e-16
1.6334973451617468e-16
1.502469144514391e-16
1.3819587737953119e-16
1.2711213166063656e-16
1.1691797830645857e-16
1.0754196444858075e-16
9.891838081716436e-17
9.098679968289942e-17
8.369165000127005e-17
7.698182676122599e-17
7.081033178215794e-17
6.51339434253463e-17
5.991291289039277e-17
5.5110684954983366e-17
5.069364118901285e-17
4.663086383284622e-17
4.289391867542673e-17
3.945665540209941e-17
3.6295024005353574e-17
3.3386905965072976e-17
3.071195900911853e-17
2.825147436089972e-17
2.598824546868957e-17
2.390644729243375e-17
2.199152529826733e-17
2.0230093379410988e-17
1.860983998505766e-17
1.711944179672465e-17
1.5748484344745753e-17
1.4487389006488713e-17
1.3327345872852497e-17
1.2260252010941635e-17
1.1278654688828314e-17
1.0375699163260993e-17
9.545080663310892e-18
8.781000232491747e-18
8.078124119051325e-18
7.431546429108205e-18
6.8367547802708284e-18
6.2895987144890376e-18
5.786260648301559e-18
5.323229156492589e-18
4.897274401582183e-18
4.5054255366666714e-18
4.144949923000052e-18
3.81333401646597e-18
3.508265788821298e-18
3.2276185603789645e-18
2.9694361307164714e-18
2.731919103116847e-18