1
2.1745062758003128e10
7.3887578727733555e9
3.525971513900956e9
1.9790763259722784e9
1.229076809617526e9
8.188397127210785e8
5.743894863043352e8
4.1902441037766993e8
3.15190649769071e8
2.4296054855817348e8
1.9105506953534397e8
1.527425173593374e8
1.2382305178218965e8
1.0157631303418703e8
8.418291425260647e7
7.039202383288151e7
5.932285922727058e7
5.0342086536162354e7
4.29858218441898e7
3.6908688629119195e7
3.1849759878376435e7
2.760930793655801e7
2.403263161406806e7
2.099861388939169e7
1.8411501016064584e7
1.619491274656314e7
1.4287421862701612e7
1.2639253248932924e7
1.1209792111759705e7
9.965684072541544e6
8.879373041663786e6
7.927966256231783e6
7.092346171778724e6
6.356470286914287e6
5.706815245892348e6
5.131932576505095e6
4.622091444086138e6
4.1689897028412595e6
3.7655189031963046e6
3.4055721884196973e6
3.083886482518432e6
2.795912246407128e6
2.5377055133935353e6
2.3058380191032863e6
2.0973220963681927e6
1.9095476723119046e6
1.7402292274736206e6
1.5873609886889858e6
1.4491789537419498e6
1.324128605575928e6
1.2108373816474017e6
1.1080911309737593e6
1.0148139261730122e6
930050.706986542
852952.3206157316
782762.5967598476
718807.1547183023
660483.6888460816
607253.5190350246
558634.2263362093
514193.2216204628
473542.11832334084
436331.79966686
402248.08696346387
371007.92923263804
342356.0458406581
316061.96357155853
291917.397749488
269733.9340034011
249340.9731957958
230583.90709446179
213322.49668792752
197429.42874628492
182789.02940489954
169296.1162791395
156854.9729705775
145378.43185533147
134787.05280059797
125008.38697586449
115976.31624446796
107630.45976763524
99915.64045112353
92781.40473466908
86181.58998420421
80073.93441119463
74419.72502529266
69183.4796367738
64332.659373345006
59837.408569976455
55670.319237393844
51806.21762078338
48221.97063030649
44896.31016368897
41809.67355233498
38944.05854949967
36282.89144497368
33810.90703804127
31514.039331404438
29379.321925253236
27394.7971944147
25549.433424008475
23833.049161580064
22236.244117414837
20750.336010657426
19367.302817854168
18079.729933376504
16880.761798552623
15764.057598835858
14723.750666504924
13754.411260691546
12851.012427381527
12008.898669806662
11223.757184660324
10491.591442122493
9808.696908025766
9171.63872486232
8577.231184926968
8022.518843894717
7504.759136703789
7021.406369903139
6570.096975753477
6148.63592346083
5754.9841920723065
5387.247217869241
5043.664236634669
4722.598448025015
4422.527935506431
4142.037280983577
3879.809818407322
3634.620475345562
3405.3291557816183
3190.8746213068416
2990.268831433148
2802.5917069991283
2626.9862836087195
2462.654224750145
2308.8516667184
2164.885369727732
2030.1091516711897
1903.9205828788263
1785.7579219609754
1675.0972744118642
1571.4499571048468
1474.3600531452976
1383.4021427712717
1298.179197115183
1218.3206226705283
1143.4804452542323
1073.3356231245752
1007.5844797135973
945.9452471672687
888.1547125620558
833.9669592877599
783.1521966582136
735.4956713377052
690.7966546556294
648.8675003283219
609.5327675184064
572.6284045412128
538.0009888774825
505.5070194740933
475.0122576121275
446.39111289623753
419.5260711728282
394.3071614187313
370.6314588583422
348.402621767071
327.53045960368524
307.93053028491846
289.52376457366796
272.2361156982133
255.99823245507804
240.74515417328166
226.41602603356054
212.95383334339942
200.30515346806547
188.41992420987432
177.2512275132157
166.75508745191863
156.89028152883745
147.6181643855039
138.90250308273835
130.70932317160123
123.00676482833863
115.76494837735643
108.95584857301898
102.55317705449761
96.53227242822184
90.86999746995367
85.54464297331364
80.53583780393556
75.82446474849726
71.39258177582562
67.22334835326832
63.30095648569895
59.61056616700777
56.13824495485237
52.870911398909946
49.79628207099208
46.90282196224936
44.17969802839632
41.616735678510615
39.20437801657865
36.93364765764626
34.79611095225387
32.783844463846215
30.889403554113873
29.105792940789275
27.426439101339948
25.845164404317966
24.35616285787996
22.953977372225758
21.63347843945057
20.38984414060142
19.218541395602387
18.115308377194648
17.07613801515445
16.097262521827847
15.175138874480878
14.306435194126824
13.488017964381664
12.716940037529897
11.99042937837578
11.305878499624974
10.660834545502082
10.052989983078136
9.480173863367746
8.940343616673644
8.431577348916298
7.952066607799243
7.5001095896366845
7.074104759517468
6.67254485920778
6.294011278811203
5.937168769716973
5.600760477782101
5.2836032770166135
4.984583385280213
4.702652244657778
4.436822650266539
4.186165112263495
3.9498044367726357
3.726916512342097
3.5167252893751146
3.3184999407595135
3.131552192651758
2.955233815056716
2.7889342624858875
2.6320784555780716
2.4841246951297675
2.3445627005103473
2.2129117649317127
2.0887190205057133
1.9715578064570927
1.861026134267039
1.7567452439042321
1.658358245658273
1.5655288424260287
1.4779401276161883
1.395293454132474
1.3173073701728133
1.24371661784141
1.1742711908142425
1.1087354475269977
1.046887276568816
0.98851731116638
0.9334281898315715
0.8814338604230896
0.8323589250385849
0.7860380233098908
0.7423152518203707
0.7010436175008384
0.6620845229895528
0.6253072820629385
0.5905886633574268
0.5578124607096203
0.5268690885422779
0.49765520081780756
0.4700733321694259
0.44403155990321175
0.41944318564234784
0.396226435458146
0.37430417740133387
0.3536036554117879
0.3340562386456938
0.3155971853162508
0.29816542019771136
0.28170332499300593
0.26615654081261014
0.251473782056877
0.23760666103594222
0.22450952270068544
0.2121392888952407
0.20045531157634594
0.18941923447753922
0.1789948627269635
0.16914803995646635
0.15984653246687772
0.15105992003992516
0.14275949301129434
0.1349181552419701
0.1275103326462658
0.12051188695496254
0.11390003441080794
0.10765326911132982
0.10175129073058486
0.0961749363671333
0.09090611628028118
0.08592775329050717
0.08122372563304775
0.07677881306590284
0.07257864604508713
0.06860965779083353
0.06485903907869829
0.061314695599157865
0.057965207738359184
0.054799792641229035
0.051808268426186195
0.04898102042827113
0.04630896935463205
0.04378354124301763
0.041396639120241475
0.039140616263532095
0.037008250973284064
0.03499272277099719
0.0330875899411608
0.03128676834051435
0.029584511402523182
0.027975391269055704
0.026454280985157085
0.02501633769649508
0.02365698679252131
0.022371906941657117
0.021157015967890873
0.020008457521071835
0.01892258849591726
0.017895967157322303
0.01692534193198712
0.016007640828659676
0.015139961451445897
0.014319561572666986
0.013543850233655431
0.012810379343682938
0.012116835748911167
0.011461033744856507
0.010840908007368205
0.010254506918540922
0.009699986265322591
0.009175603289841778
0.008679711071669156
0.008210753223350475
0.007767258881606448
0.007347837977592539
0.006951176770552422
0.006576033630085604
0.006221235053085793
0.005885671902195205
0.005568295853363335
0.005268116040799757
0.004984195888271763
0.004715650116320973
0.00446164191556111
0.004221380276773559
0.003994117469040507
0.0037791466576485135
0.0035757996539608023
0.0033834447898953616
0.003201484910059896
0.0030293554749851685
0.002866522769266688
0.0027124822087721376
0.0025667567413998
0.0024288953361825552
0.0022984715558238052
0.0021750822080269664
0.002058346071239987
0.0019479026906814047
0.0018434112407457596
0.001744549450104368
0.0016510125860234174
0.001562512494615679
0.0014787766939254726
0.0013995475169196415
0.0013245813016205706
0.0012536476257714727
0.0011865285835696174
0.001123018102140492
0.0010629212955555315
0.0010060538543183286
0.0009522414683597308
0.0009013192816912505
0.000853131376969056
0.0008075302883179905
0.0007643765408567193
0.000723538215451692
0.0006848905373093049
0.0006483154870928118
0.0006137014333233844
0.0005809427848934655
0.0005499396625855168
0.000520597588550565
0.0004928271927588467
0.0004665439354894957
0.0004416678449778696
0.0004181232693878136
0.0003958386423222238
0.0003747462611287156
0.0003547820772982629
0.0003358854982934373
0.0003179992001794893
0.00030106895046609237
0.0002850434406002226
0.0002698741275815036
0.00025551508420046604
0.0002419228574276984
0.00022905633450785517
0.00021687661633703806
0.00020534689772526023
0.00019443235416760908
0.00018410003476842127
0.00017431876098232627
0.00016505903085449442
0.00015629292845986144
0.00014799403825759328
0.00014013736409262335
0.0001326992525908094
0.00012565732070815753
0.00011899038720769342
0.00011267840784997155
0.00010670241409493881
0.00010104445512394673
0.00009568754300117386
0.00009061560080361695
0.00008581341355814912
0.00008126658183298615
0.00007696147783923798
0.00007288520390612082
0.00006902555320085348
0.00006537097257130763
0.00006191052739614194
0.00005863386833343862
0.0000555311998648108
0.000052593250537567705
0.000049811244812838514
0.000047176876432574664
0.00004468228322309788
0.00004232002325734593
0.000040083052302208085
0.000037964702481350465
0.00003595866208771846
0.00003405895648348692
0.000032259930028611155
0.00003055622898233379
0.000028942785325026622
0.000027414801450606776
0.000025967735682469998
0.000024597288568439277
0.000023299389912644274
0.00002207018650453034
0.000020906030507356806
0.000019803468470585376
0.000018759230932490644
0.000017770222581149896
0.000016833512943695514
0.00001594632757534509
0.000015106039721267407
0.00001431016242580161
0.000013556341064926461
0.000012842346279181165
0.000012166067285472944
0.000011525505547372855
0.000010918768784604854
0.000010344065303476071
9.799698630982666e-6
9.284062436258921e-6
8.795635723919155e-6
8.332978284676743e-6
7.894726389413486e-6
7.4795887136188825e-6
7.086342479824786e-6
6.713829806328541e-6
6.3609542511289564e-6
6.026677540596742e-6
5.710016472965924e-6
5.410039987266913e-6
5.125866388827304e-6
4.856660722944386e-6
4.601632288785607e-6
4.360032286000689e-6
4.131151586933826e-6
3.914318627706975e-6
3.708897411807214e-6
3.514285620153589e-6
3.3299128219428924e-6
3.155238780880044e-6
2.98975185168884e-6
2.832967462073036e-6
2.6844266755570194e-6
2.543694830881031e-6
2.41036025385791e-6
2.2840330378181237e-6
2.1643438889776443e-6
2.050943033259963e-6
1.9434991812894748e-6
1.8416985484496099e-6
1.745243927065565e-6
1.6538538079291348e-6
1.5672615485321775e-6
1.4852145855164394e-6
1.4074736889808482e-6
1.3338122564137566e-6
1.264015644137164e-6
1.197880534262977e-6
1.1352143352684347e-6
1.0758346143991087e-6
1.0195685602036755e-6
9.662524735953626e-7
9.157312859208141e-7
8.678581025982912e-7
8.224937709639816e-7
7.795064710379562e-7
7.387713279900965e-7
7.001700451514706e-7
6.635905564782919e-7
6.289266974339206e-7
5.960778933095817e-7
5.649488640567357e-7
5.354493447535207e-7
5.074938208744207e-7
4.810012775767146e-7
4.558949622591141e-7
4.3210215968772554e-7
4.095539790220288e-7
3.8818515210911333e-7
3.679338424480744e-7
3.487414642583192e-7
3.305525111156981e-7
3.1331439364889425e-7
2.969772858155443e-7
2.814939793031177e-7
2.6681974562379877e-7
2.529122054955243e-7
2.397312051230236e-7
2.2723869901324099e-7
2.1539863897895205e-7
2.0417686900279824e-7
1.9354102565136893e-7
1.8346044374546205e-7
1.7390606700825648e-7
1.6485036342791315e-7
1.5626724508511722e-7
1.4813199220930421e-7
1.4042118123987156e-7
1.331126166805365e-7
1.261852665462471e-7
1.196192012126922e-7
1.1339553548853276e-7
1.0749637374001537e-7
1.0190475790665887e-7
9.66046182552601e-8
9.158072672755625e-8
8.681865274454887e-8
8.230472133775389e-8
7.802597348451345e-8
7.397012853101069e-8
7.012554859279375e-8
6.648120482844584e-8
6.302664548756434e-8
5.975196563944202e-8
5.6647778493797134e-8
5.370518822958844e-8
5.091576425239329e-8
4.827151680503318e-8
4.576487386011085e-8
4.3388659226898295e-8
4.1136071808582666e-8
3.900066594926151e-8
3.697633281327995e-8
3.505728274253555e-8
3.323802854024973e-8
3.1513369632422824e-8
2.9878377060767344e-8
2.8328379263352756e-8
2.685894860150528e-8
2.5465888593694368e-8
2.4145221819209665e-8
2.2893178456394837e-8
2.1706185422062653e-8
2.058085608047702e-8
1.9513980491953727e-8
1.850251617271164e-8
1.7543579339100713e-8
1.66344366107502e-8
1.5772497148522135e-8
1.495530520442465e-8
1.4180533061845093e-8
1.3445974345600934e-8
1.2749537682387399e-8
1.2089240693222996e-8
1.1463204300462704e-8
1.086964733286636e-8
1.030688141307866e-8
9.773306112700563e-9
9.267404360911581e-9
8.787738093341042e-9
8.332944128586258e-9
7.901730260438077e-9
7.492871554502242e-9
7.105206838499664e-9
6.737635376092074e-9
6.38911371461313e-9
6.058652697590758e-9
5.745314633425078e-9
5.448210612040357e-9
5.166497961758859e-9
4.899377839051733e-9
4.646092944207776e-9
4.4059253563263e-9
4.178194481386409e-9
3.962255107473038e-9
3.757495561550659e-9
3.5633359624700014e-9
3.3792265651718662e-9
3.2046461913163706e-9
3.039100741816216e-9
2.882121786989628e-9
2.7332652302733907e-9
2.592110041649112e-9
2.4582570571376013e-9
2.3313278409072314e-9
2.2109636067232354e-9
2.0968241956363223e-9
1.9885871069715646e-9
1.885946579832412e-9
1.788612722480596e-9
1.6963106870909064e-9
1.6087798875107493e-9
1.5257732577785248e-9
1.447056549272394e-9
1.3724076644724516e-9
1.3016160254248285e-9
1.2344819750963168e-9
1.1708162099028406e-9
1.11043924178494e-9
1.053180888288485e-9
9.988797891895134e-10
9.473829482784572e-10
8.985452989914327e-10
8.522292926448824e-10
8.083045080948632e-10