1
2.0698399871748615e10
6.694562982448711e9
3.1275197477849665e9
1.7507085165045812e9
1.0962080135763834e9
7.40661798217172e8
5.284677162132616e8
3.9270054477449995e8
3.0108912221015304e8
2.3664059223563787e8
1.8975935982837206e8
1.5471133496802163e8
1.2790657387915885e8
1.0700844881109007e8
9.04453114938661e7
7.712994078890371e7
6.6291750020897165e7
5.7372882085665256e7
4.996188507499988e7
4.375023191687305e7
3.85031345689713e7
3.4039536217919774e7
3.021813360682834e7
2.6927444109538607e7
2.407863709977912e7
2.1600286908511184e7
1.9434482449384157e7
1.753390838263178e7
1.5859631172462767e7
1.4379402782162132e7
1.306634876442626e7
1.1897944776429372e7
1.0855211608390957e7
9.922077257807387e6
9.084867784559308e6
8.331898234157646e6
7.653141897331251e6
7.039961323077003e6
6.484888334181992e6
5.981443169495134e6
5.523985051726907e6
5.107588136313242e6
4.727938068059899e6
4.381245354139305e6
4.0641725252054953e6
3.7737726532004946e6
3.5074372638019933e6
3.262852052638036e6
3.0379591094481954e6
2.830924590084519e6
2.6401109654520974e6
2.464053129058642e6
2.3014377684074235e6
2.1510855059624943e6
2.0119353974758908e6
1.883031442734143e6
1.7635108191277653e6
1.6525935941482044e6
1.5495737107829307e6
1.453811071258255e6
1.364724570832147e6
1.28178595530131e6
1.2045143943135173e6
1.1324716780820633e6
1.0652579581827312e6
1.002507964183449e6
943887.6372469862
889091.1298325225
837838.127429496
789871.4540741431
744954.9283812458
702871.4411000166
663421.2288816974
626420.3221175246
591699.147444752
559101.2678890327
528482.2456670834
499708.6144593912
472656.9495170142
447213.0253216395
423271.05170161236
400732.9803420247
379507.8745342443
359511.3358065133
340664.9817772029
322895.97018845734
306136.5646212335
290323.7378723466
275398.80939821055
261307.1136053887
247997.69610092047
235423.03531083599
223538.78713789303
212303.55056325224
201678.65230505692
191627.94883262043
182117.64420083308
173116.12231773
164593.79239093343
156522.94641766444
148877.62768974729
141633.50938086424
134767.78236947473
128259.0515283261
122087.23978129962
116233.49929128173
110680.12919954551
105410.49938843236
100408.97978549804
95660.87476925539
91152.36227464503
86870.437230816
82802.85899504063
78938.10247495883
75265.31265712412
71774.26228325882
68455.31243696055
65299.37582302362
62297.88253924661
59442.74815674252
56726.34393950884
54141.46904747368
51681.32457953975
49339.48932439999
47109.89709719851
44986.81554954229
42964.82634901367
41038.806632259875
39203.91164300885
37455.55847303869
35789.41083026356
34201.36476373631
32687.53528055726
31244.24379445037
29868.006350164702
28555.522571907783
27303.665287751446
26109.470785393358
24970.129657835194
23882.978200471724
22845.49032379542
21855.269948425634
20910.043851487517
20007.65493550857
19146.05589298374
18323.303241596626
17537.551706785776
16787.048929921904
16070.13048182444
15385.215162702245
14730.8005708626
14105.458923701684
13507.833115575524
12936.632998160127
12390.631869847111
11868.663161594442
11369.6173074633
10892.438788828276
10436.12334195149
9999.715319267085
9582.305195333158
9183.027208977997
8801.05713369829
8435.610168862613
8085.938944735877
7751.331634772065
7431.110169025687
7124.628542909074
6831.271215874596
6550.451594929849
6281.610598201694
6024.215294052674
5777.75761152292
5541.753118122609
5315.739861236165
5099.277269620599
4891.945111687409
4693.3425074517745
4503.086991214725
4320.81362221466
4146.1741406447545
3978.836166583019
3818.4824395227347
3664.810096323463
3517.529985527054
3376.3660160999157
3241.0545387724683
3111.343758249931
2986.9931746653647
2867.7730527372096
2753.4639171792096
2643.8560729912556
2538.7491493356474
2437.9516657747004
2341.2806197127907
2248.5610939494627
2159.6258833097013
2074.315139373797
1992.4760323821613
1913.962429440398
1838.6345881969955
1766.3588652104222
1697.007438264254
1630.4580419284741
1566.5937157023675
1505.3025641096165
1446.4775281493846
1390.0161675385757
1335.8204532100551
1283.7965695595744
1233.8547259606003
1185.908977091223
1139.8770516408817
1095.6801889870344
1053.2429834529314
1012.493235777636
973.3618114483203
935.7825055626926
899.6919139063302
865.0293099456712
831.7365274525612
799.7578484905634
769.0398965068396
739.5315342862275
711.1837665363282
683.9496468839453
657.7841890741462
632.6442821735669
608.488609589393
585.2775717247674
562.9732121001773
541.5391467787626
520.9404969413956
501.1438244649346
482.1170703641735
463.829495964806
446.2516266811267
429.35519827832996
413.1131055050241
397.49935298711137
382.4890082793897
368.05815697619926
354.18385978714963
340.8441114884416
328.01780166454284
315.6846771590343
303.82530615726864
292.42104382714126
281.4539994477498
270.9070049590067
260.7635848684158
251.00792745420628
241.62485720685217
232.59980845370993
223.9188001140711
215.56841153437367
207.53575935563987
199.80847536741885
192.37468530462934
185.222988545685
178.3424386722101
171.72252485246722
165.35315401234104
159.224633759383
153.32765602698203
147.65328140722943
142.1929241424646
136.9383377468515
131.8816012306251
127.01510590088307
122.33154271397098
117.82389015563035
113.48540262614692
109.3095993087529
105.29025350050969
101.42138238582208
97.69723723361685
94.11229400006327
90.66124431951215
87.33898686710131
84.14061907720023
81.06142920257004
78.09688869977629
75.24264492702858
72.49451414122808
69.84847478158079
67.30066102768829
64.84735662055418
62.4849889354483
60.210123296050774
58.019457519758525
55.9098166844732
53.878148107610194
51.92151652846718
50.03709948547276
48.22218288020182
46.47415672039121
44.79051103452431
43.16883195087071
41.60679793417104
40.1021761734487
38.65281911470823
37.256661132544764
35.91171533494415
34.61607049579584
33.36788810987247
32.16539956525261
31.006903428375445
29.890762837118398
28.815402997484497
27.779308779670213
26.781022409463613
25.819141251091644
24.892315677798983
23.999247026595224
23.13868563375708
22.30942894781443
21.510319716884897
20.740244247352695
19.99813073101208
19.282947637915196
18.593702172278633
17.92943878891237
17.289237767739728
16.672213844077373
16.07751489244023
15.504320661728919
14.95184155974377
14.419317485056506
13.906016704348831
13.41123477340637
12.934293500029503
12.474539947194469
12.031345474865459
11.604104818924016
11.192235205744355
10.79517550100313
10.412385391369302
10.043344597774997
9.687552119020683
9.344525504518426
9.0138001550255
8.69492865026681
8.387480102389139
8.091039534232692
7.805207281446314
7.529598417511856
7.263842200780691
7.007581542661358
6.760472496131775
6.5221837637825875
6.2923962246298535
6.070802478965774
5.857106410545252
5.651022765434117
5.452276746871651
5.260603625525712
5.075748364543641
4.897465258825533
4.7255175879694695
4.559677282359854
4.399724601891083
4.245447826838708
4.096642960409658
3.9531134425213375
3.8146698743774112
3.6811297534248477
3.5523172182933114
3.428062803333518
3.3082032023863253
3.1925810414286775
3.081044659756386
2.9734478993771423
2.86964990229971
2.7695149154177394
2.67291210269823
2.5797153643960633
2.4898031630268513
2.4030583558407317
2.3193680335498015
2.2386233650714265
2.160719448058912
2.085555164999873
2.0130330446711664
1.9430591287473626
1.8755428433676617
1.810396875473597
1.7475370537371973
1.6868822339061846
1.628354188399465
1.5718774999925953
1.5173794594390768
1.4647899668792508
1.4140414368942245
1.3650687070677947
1.3178089499245054
1.2722015881170936
1.2281882127413783
1.1857125046613441
1.144720158731614
1.1051588108088441
1.066977967447699
1.030128938181008
0.994564770287595
0.9602401859548721
0.9271115217468716
0.8951366702917455
0.864275024106064
0.834487421476336
0.8057360943212265
0.7779846179608205
0.7511978627220753
0.725341947312293
0.7003841938949972
0.6762930848051006
0.6530382208426074
0.6305902810864072
0.6089209841718857
0.5880030509782463
0.5678101686734105
0.5483169560663721
0.5294989302187448
0.5113324742690434
0.49379480642500606
0.47686395008091137
0.46051870501848347
0.4447386196515014
0.42950396427574616
0.4147957052873283
0.4005954803338377
0.38688557436407744
0.37364889654341116
0.3608689580030001
0.3485298503923738
0.33661622520591933
0.32511327385496774
0.31400670845821443
0.30328274332420296
0.29292807710061936
0.28292987556601806
0.27327575504056795
0.26395376639322876
0.25495237962362677
0.24626046899769957
0.23786729871694107
0.22976250910184354
0.22193610327083432
0.21437843429669734
0.20708019282314186
0.20003239512480864
0.1932263715946314
0.1866537556430482
0.18030647299414487
0.17417673136434753
0.16825701050981595
0.16254005262919718
0.15701885310888797
0.15168665159842631
0.14653692340408536
0.14156337118918094
0.13675991697002285
0.13212069439684904
0.12764004130946482
0.12331249255769376
0.11913277307709871
0.11509579121078849
0.1111966322684548
0.10743055231410888
0.1037929721743003
0.10027947165889438
0.09688578398677973
0.09360779040915042
0.09044151502327459
0.08738311976992238
0.08442889960787145
0.08157527785914748
0.07881880171888636
0.07615613792393094
0.07358406857448163
0.07109948710333135
0.0686993943874123
0.06638089499656961
0.06414119357466616
0.061977591348294774
0.0598874827585481
0.05786835221145901
0.05591777094288344
0.05403339399374978
0.052212957291746076
0.05045427483565781
0.048755235978705354
0.047113802807361875
0.04552800761225852
0.04399595044790677
0.042515796778084404
0.041085775203845015
0.03970417527122083
0.0383693453557929
0.03707969062140481
0.0358336710503933
0.03462979954280331
0.03346664008214625
0.03234280596534674
0.03125695809460838
0.030207803329009648
0.02919409289371927
0.028214620844796316
0.027268222587612377
0.02635377344700395
0.025470187287329648
0.024616415180673305
0.023791444121495506
0.02299429578609744
0.02222402533531846
0.02147972025894649
0.020760499260372035
0.02006551118007135
0.019393933956553075
0.018744973623451747
0.01811786334149831
0.017511862464142734
0.016926255635647428
0.016360351920512044
0.015813483963130676
0.015285007176621363
0.014774298959805384
0.014280757941350225
0.013803803250124685
0.013342873810848517
0.012897427664151485
0.01246694131018771
0.012050909074981771
0.011648842498711879
0.011260269745163413
0.010884735031613612
0.010521798078433715
0.010171033577720446
0.009832030680292914
0.009504392500414247
0.00918773563761998
0.00888168971505703
0.00858589693375785
0.008300011642294946
0.008023699921280084
0.007756639182191601
0.007498517780031348
0.007249034639330242
0.007007898893038293
0.006774829533851343
0.0065495550775424025
0.006331813237880706
0.006121350612736059
0.005917922380980361
0.005721292009811668
0.00553123097213925
0.005347518473680899
0.0051699411894357734
0.004998293009208003
0.004832374791867496
0.004671994128045477
0.004516965110972759
0.004367108115179041
0.004222249582781219
0.004082221817098395
0.003946862783340248
0.0038160159161243273
0.003689529933586408
0.003567258657856164
0.0034490608416784347
0.003334800000967999
0.0032243442530930913
0.00311756616069015
0.0030143425808189933
0.002914554519274427
0.00281808698987655
0.0027248288785682827
0.0026346728121545634
0.0025475150315234308
0.0024632552691947435
0.0023817966310476246
0.002303045482082964
0.0022269113360821797
0.0021533067490283405
0.0020821472161603855
0.0020133510725355752
0.001946839396979777
0.0018825359193091976
0.0018203669307113397
0.0017602611971767508
0.0017021498758769368
0.0016459664343874162
0.001591646572658359
0.001539128147638685
0.0014883511004626679
0.0014392573861113198
0.0013917909054637914
0.0013458974396569757
0.0013015245866743496
0.0012586217000877425
0.0012171398298784575
0.001177031665266591
0.001138251479479945
0.0011007550763962334
0.0010644997389945856
0.001029444179554558
0.0009955484915429866
0.0009627741031310588
0.0009310837322859849
0.0009004413433835346
0.0008708121052895865
0.0008421623508605853
0.000814459537814544
0.0007876722109258888
0.0007617699654990389
0.0007367234120771687
0.0007125041423440943
0.0006890846961786616
0.0006664385298224262
0.0006445399851227281
0.0006233642598145994
0.0006028873788061623
0.0005830861664334154
0.000563938219651448
0.0005454218821302762
0.0005275162192245535
0.0005102009937874956
0.000493456642800338
0.00047726425478966016
0.00046160554800582325
0.0004464628493367117
0.0004318190739318307
0.00041765770551267415
0.0004039627773460963
0.0003907188538582156
0.00037791101286714884
0.0003655248284136076
0.00035354635416911384
0.000341962107402271
0.00033075905348420575
0.0003199245909149288
0.00030944653685298997
0.00029931311313140745
0.00028951293274341974
0.0002800349867821789
0.0002708686318190435
0.00026200357770564387
0.00025342987578540687
0.0002451379075007052
0.00023711837338227714
0.00022936228240800423
0.00022186094171858318
0.00021460594667804903
0.00020758917126751194
0.00020080275880087075
0.00019423911295164497
0.0001878908890804353
0.00018175098585288115
0.0001758125371383227
0.0001700689041797145
0.0001645136680256498
0.0001591406222156705
0.0001539437657103376
0.00014891729605781743
0.00014405560278902974
0.00013935326103366565
0.0001348050253496449
0.00013040582375883498
0.000126150751982098
0.00012203506786696348
0.00011805418600145357
0.0001142036725078063
0.00011047924001005278
0.00010687674276961049
0.00010339217198324878
0.00010002165123797778
0.00009676143211759257
0.00009360788995578288
0.00009055751973089308
0.00008760693209757882
0.00008475284955077064
0.00008199210271750891
0.00007932162677236275
0.00007673845797229142
0.0000742397303069459
0.00007182267226054414
0.00006948460368158211
0.00006722293275676958
0.00006503515308570236
0.00006291884085289778
0.00006087165209393629
0.00005889132005255924
0.00005697565262568183
0.000055122529893379025
0.000053329901731004716
0.000051595785500697456
0.000049918263819619754
0.00004829548240236559
0.00004672564797506003
0.00004520702625875412
0.000043737940019802156
0.00004231676718498388
0.0000409419390192103
0.00003961193836372475
0.000038325297932779586
0.000037080598666837875
0.00003587646814041466
0.000034711579022735005
0.000033584647589448194
0.000032494432283695254
0.000031439732324885454
0.0000304193863635911
0.000029432271181024788
0.000028477300431612925
0.000027553423427231105
0.00002665962396171336
0.00002579491917429438
0.000024958358450689196
0.00002414902236055703
0.000023366021630139235
0.000022608496148900357
0.000021875614009042134
0.000021166570576796484
0.000020480587594441132
0.000019816912312016353
0.00001917481664775573
0.00001855359637627674
0.000017952570343608374
0.00001737107970816498
0.000016808487206803746
0.000016264176445133568
0.000015737551211269437
0.000015228034812254595
0.000014735069432397627
0.00001425811551279772
0.000013796651151354646
0.000013350171522584163
0.00001291818831658213
0.000012500229196501788
0.00001209583727393104
0.00001170457060157587
0.000011326001682676632
0.000010959716996602494
0.000010605316540088087
0.00001026241338359433
9.930633242292261e-6
9.609614061185854e-6
9.29900561390552e-6
8.998469114719829e-6
8.707676843328055e-6
8.426311782010257e-6