1
1.862735923467873e10
5.42186358148037e9
2.447818262986053e9
1.3687951067248533e9
8.676207906748468e8
5.963388037358667e8
4.335854130190702e8
3.285163834336162e8
2.5687194414462242e8
2.0590462034800762e8
1.6840115555308667e8
1.4003360673022628e8
1.1807892355140734e8
1.0075516915035868e8
8.685707560664421e7
7.554610273298652e7
6.622447030516596e7
5.845687937167774e7
5.192036467023429e7
4.637129664268888e7
4.162314902864768e7
3.753120006388101e7
3.398180376849557e7
3.0884736516089506e7
2.8167652139130615e7
2.5772007547877345e7
2.3650029953450166e7
2.1762432469776265e7
2.0076674460426547e7
1.8565623339998264e7
1.72065153813986e7
1.598014171591291e7
1.4870205489805602e7
1.3862810316173967e7
1.294605029455782e7
1.210967922627392e7
1.1344842042393519e7
1.0643855446661102e7
1.0000027749141147e7
9.407510103420947e6
8.861173056453642e6
8.356503615913147e6
7.889519036784479e6
7.456694300927556e6
7.054900865041825e6
6.681354724237345e6
6.333572210463321e6
6.009332240051774e6
5.706643959779423e6
5.423718929318405e6
5.158947128873695e6
4.910876205487828e6
4.678193467581448e6
4.459710221993446e6
4.254348112181423e6
4.061127171607981e6
3.8791553513412685e6
3.7076193182476484e6
3.5457763511898057e6
3.3929471885183807e6
3.2485097017869875e6
3.1118932887777183e6
2.982573894203763e6
2.8600695793508077e6
2.743936572832074e6
2.63376574389259e6
2.5291794475776884e6
2.4298286978014894e6
2.3353906300978903e6
2.2455662207622263e6
2.160078233323234e6
2.07866936692831e6
2.0011005843688669e6
1.9271496001909869e6
1.8566095116920653e6
1.7892875576491281e6
1.7250039914034605e6
1.6635910564765157e6
1.6048920542458023e6
1.5487604943934265e6
1.4950593198774343e6
1.4436601990866605e6
1.394442878640255e6
1.347294590997968e6
1.3021095116688772e6
1.2587882613553659e6
1.2172374488548453e6
1.1773692509720079e6
1.1391010260761261e6
1.102354958277014e6
1.0670577294949356e6
1.0331402169684536e6
1.0005372139838634e6
969187.1718239047
939031.9611251256
910016.6510022178
882089.304458379
855200.7887265201
829304.5993219551
804356.6966912746
780315.3544447591
757141.0182496426
734796.1745430391
713245.2282969361
692454.3891341912
672391.5651546768
653026.263885245
634329.4998166427
616273.7080353585
598832.6634991501
581981.4055420484
565696.1672283447
549954.3092057764
534734.2577360949
520015.4466067539
505778.2626507269
492003.99462278525
478674.7852000213
465773.5858922237
453284.11466403026
441190.81608573586
429478.8238433457
418133.9254510568
407142.52902090637
396491.63195495494
386168.7914351396
376162.09659493365
366460.142265224
357052.0041944554
347927.21565012354
339075.7453152054
330487.9763990908
322154.6868881395
314067.03086609574
306216.5208393309
298595.01100627
291194.6814144181
284008.0229521542
277027.82312596013
270247.152576974
263659.352293764
257258.02148100483
251037.00604632654
244990.3876700144
239112.47342446924
233397.78591243093
227841.05389489722
222437.20338147727
217181.3491576039
212068.7867245972
207094.9846300279
202255.57716720423
197546.35742387123
192963.27066140732
188502.4080069101
184160.000441609
179932.4130700062
175816.1396550658
171807.79740561362
167904.122002915
164101.9628541383
160398.27856111637
156790.13259346926
153274.6891557723
149849.20923902665
146511.04684723215
143257.6453903729
140086.5342356011
136995.32540885604
133981.71043957464
131043.45734155137
128178.40772337196
125384.47402220262
122659.63685504544
120001.94248187955
117409.50037540476
114880.48089237789
112413.11304179518
110005.6823454156
107656.52878635848
105364.04484171906
103126.67359535964
100942.90692722383
98811.28377570724
96730.38846979207
94698.84912781691
92715.33611990714
90778.56059124124
88887.27304346282
87040.26197168487
85236.35255465136
83474.40539574358
81753.31531262821
80072.01017344887
78429.44977756488
76824.62477893435
75256.55565032878
73724.29168665221
72226.9100457175
70763.51482491082
69333.23617224632
67935.22943038304
66568.67431224184
65232.77410692165
63926.754914673336
62649.86490974785
61401.3736299851
60180.571292063985
58986.76813138083
57819.293765569135
56677.496580717976
55560.74313938803
54468.41760956245
53399.92121370895
52354.67169716489
51332.102815090475
50331.66383726858
49352.81907006098
48395.04739485877
47457.841822394446
46540.70906230936
45643.169107395865
44764.75483195737
43905.01160375399
43063.496909022426
42239.77999008061
41433.441495048006
40644.07313923104
39871.27737774216
39114.667088938884
38373.865268285095
37648.504732253816
36938.227831905846
36242.68617579271
35561.54036184755
34894.459717940044
34241.12205078445
33601.21340290283
32974.42781735634
32360.467109969362
31759.040648781713
31169.865140474518
30592.66442352544
30027.169267857804
29473.117180758236
28930.252218844573
28398.324805875887
27877.091556203042
27366.315103666213
26865.763935753606
26375.212232841903
25894.439712346015
25423.231477612317
24961.377871395438
24508.674333764568
24064.921264291355
23629.923888376466
23203.49212757706
22785.44047380356
22375.587867256745
21973.75757798331
21579.777090930686
21193.477994386896
20814.695871695483
20443.270196139114
20079.044228889063
19721.864919922515
19371.582811811633
19028.0519462928
18691.129773527307
18360.677063967705
18036.557822747454
17718.639206513795
17406.791442627335
17100.88775065352
16800.804266074658
16506.419966153077
16217.616597878387
15934.278607934453
15656.293074623438
15383.549641686903
15115.940453965259
14853.360094839793
14595.705525402427
14342.876025300866
14094.773135208266
13851.300600868162
13612.364318667374
13377.87228269071
13147.734533213268
12921.86310658714
12700.17198648127
12482.577056433913
12268.996053679115
12059.348524209418
11853.55577903844
11651.540851628093
11453.22845644634
11258.544948622442
11067.418284667903
10879.777984231921
10695.555092861645
10514.682145738123
10337.093132359889
10162.723462146894
9991.509930938684
9823.390688361038
9658.305206036435
9496.194246614574
9336.999833599397
9180.66522195049
9027.134869436835
8876.354408721802
8728.270620159054
8582.831405279407
8439.985760949363
8299.683754182783
8161.876497587577
8026.516125429735
7893.555770297898
7762.949540351819
7634.652497138801
7508.620633962481
7384.810854788992
7263.180953675914
7143.689594709694
7026.296292437923
6910.961392783038
6797.646054424546
6686.31223063708
6576.922651572266
6469.440806972326
6363.830929304129
6260.057977302317
6158.087619910789
6057.886220612006
5959.420822133795
5862.659131523796
5767.569505581864
5674.120936641085
5582.28303868826
5492.0260338150065
5403.320738990944
5316.138553150522
5230.451444585445
5146.23193863476
5063.453105664972
4982.088549332718
4902.112395122752
4823.49927915422
4746.224337248374
4670.263194251051
4595.591953603473
4522.187187155064
4450.025925212173
4379.08564681672
4309.344270249064
4240.780143749353
4173.372036451961
4107.099129527672
4041.94100752839
3977.8776499294117
3914.889422864271
3852.9570710474577
3792.0617098803104
3732.184817735625
3673.3082284165116
3615.414123785276
3558.4850265581554
3502.5037932618106
3447.4536073476816
3393.3179724603287
3340.0807058560304
3287.725931968006
3236.2380761147006
3185.6018583476693
3135.8022874357557
3086.824654982201
3038.6545296715685
2991.2777516433557
2944.680426989239
2898.8489223710585
2853.7698597565955
2809.430111270451
2765.8167941571974
2722.917265854183
2680.7191191714637
2639.2101775762258
2598.3784905793445
2558.212329221623
2518.7001816574234
2479.8307488333567
2441.592940259885
2403.975869873621
2366.9688519882534
2330.5613973320023
2294.7432091696664
2259.5041795072434
2224.8343853772703
2190.724085203001
2157.1637152396215
2124.14388609074
2091.655379298414
2059.6891440050795
2028.23629368568
1997.2881029484615
1966.8360044028398
1936.871585592829
1907.386585994561
1878.3728940764224
1849.822544420441
1821.7277149034965
1794.080723937054
1766.8740277640916
1740.1002178119338
1713.752018099771
1687.8222826996218
1662.3039932495597
1637.1902565180435
1612.4743020182282
1588.149479671127
1564.2092575165827
1540.647219470952
1517.4570631305176
1494.6325976195924
1472.1677414823507
1450.056520617431
1428.2930662543693
1406.8716129709508
1385.7864967506014
1365.032153078936
1344.6031150786137
1324.4940116816872
1304.699565838614
1285.214592763153
1266.0339982123696
1247.1527768009933
1228.5660103493917
1210.2688662644355
1192.2565959525632
1174.5245332643403
1157.0680929698556
1139.8827692642947
1122.9641343030412
1106.3078367656872
1089.9096004483501
1073.7652228836625
1057.870573987897
1042.2215947346235
1026.8142958543308
1011.6447565595191
996.70912329466
982.0036085105569
967.5244894625694
953.2681070322068
939.230864571614
925.4092267704566
911.7997185447587
898.398923947219
885.2034850985754
872.210101139571
859.4155272031101
846.8165734061683
834.4101038610729
822.1930357057316
810.1623381524436
798.3150315548933
786.6481864929664
775.1589228750191
763.8444090572443
752.7018609797926
741.7285413192932
730.9217586574625
720.2788666654521
709.7972633036343
699.4743900365033
689.3077310623921
679.2948125577044
669.4332019353643
659.7205071172137
650.1543758200554
640.7324948550856
631.4525894404419
622.312422526603
613.3097941343876
604.4425407052942
595.708534463948
587.1056827924043
578.6319276160718
570.2852448010401
562.0636435625661
553.9651658845121
545.9878859495175
538.1299095796875
530.3893736875975
522.7644457374074
515.2533232158859
507.8542331131592
500.56543141297743
493.38520259233394
486.31185913023364
479.3437410254504
472.47921532308345
465.7166756497545
459.05454175726686
452.4912590745712
446.02529826787077
439.6551548087152
433.37934854991903
427.1964233091663
421.10494646014126
415.10350853104916
409.19072281038285
403.36522495978954
397.625672633915
391.9707451070787
386.3991429066573
380.9095874530447
375.50082070606436
370.1716048177131
364.920721791112
359.74697314554857
354.6491795874982
349.62618068750226
344.676834562804
339.8000175656227
334.99462397696897
330.2595657058866
325.59377199403036
320.9961891254687
316.4657801416219
312.00152456123175
307.6024181052753
303.26747242672667
298.99571484507527
294.78618808551414
290.6379500227109
286.55007342907555
282.52164572743993
278.5517687480705
274.63955848993055
270.78414488611503
266.98467157338104
263.2402956656957
259.55018753173056
255.91353057622848
252.32952102516924
248.797367714669
245.31629188354012
241.88552696944757
238.50431840859238
235.17192343886265
231.88761090638337
228.6506610754075
225.4603654414821
222.3160265478371
219.21695780492877
216.16248331309066
213.15193768822624
210.18466589049467
207.26002305593164
204.37737433095506
201.53609470969977
198.7355688741334
195.9751910369021
193.25436478685648
190.57250293720912
187.92902737627878
185.32336892077112
182.75496717155335
180.2232703718772
177.7277352680052
175.2678269721998
172.8430188280297
170.4527922779561
168.09663673315399
165.77404944553143
163.48453538190768
161.22760710030974
159.0027846283519
156.80959534366042
154.64757385630568
152.51626189321078
150.41520818449465
148.34396835172225
146.30210479802437
144.28918660005485
142.30478940175323
140.34849530988063
138.41989279129865
136.51857657195848
134.64414753757367
132.7962126359429
130.97438478089788
129.17828275784504
127.4075311308747
125.66176015140917
123.94060566836508
122.24370903980042
120.57071704602333
118.92128180413646
117.29506068398908
115.69171622551903
114.11091605745237
112.55233281734414
111.01564407293246
109.50053224478545
108.00668453021892
106.5337928284602
105.08155366704113
103.6496681293941
102.23784178363401
100.84578461250452
99.47321094446842
98.11983938592279
96.78539275451962
95.46959801357288
94.172186207534
92.8928923985163
91.63145560385139
90.38761873466022
89.16112853542039
87.95173552451423
86.75919393573874
85.5832616607638
84.4237001925205
83.28027456950423
82.15275332097815
81.0409084130598
79.94451519563827
78.86335235034353
77.79720183896102
76.74584885306618
75.7090817642744
74.68669207537167
73.6784743720179
72.68422627564425
71.70374839668854
70.73684428878617
69.78332040365359
68.8429860466917
67.91565333330044
67.00113714588818
66.09925509156864
65.20982746053217
64.33267718507786
63.46762979930079
62.61451339941739
61.77315860472296
60.943398519168596
60.125068693547746
59.31800708828231
58.522054036798195
57.737052209480936
56.96284657820144
56.19928438140203
55.44621508973498
54.703490372242214
53.97096406306966
53.24849212870539
52.53593263573412
51.833145719099214
51.13999355086375
50.45634030946279
49.78205214943806
49.116997171648386
48.461045393946335
47.81406872231545
47.175940922458665
46.546537591831935
45.92573613211467
45.31341572211089
44.70945729107345
44.113743492444385
43.526158678004975
42.94658887242855
42.37492174822975
41.81104660110343
41.25485432564733
40.706237391461976
40.16508981962162
39.63130715951064
39.104786466019036
38.585426277091415
38.073126591623726
37.56778884770217
37.06931590117863
36.57761200457746
36.092582786327846
35.614135230316975
35.14217765575865
34.67661969737217
34.21737228586661
33.764347628725616
33.31745919128796
32.876621678118745
32.44175101466725
32.01276432920595
31.589579935047357
31.172117313032967
30.760297094291086
30.354041043258366
29.95327204096174
29.55791406855543
29.167892191110322
28.783132541650605
28.403562305434182
28.029109704473058
27.6597039822898
27.29527538890617
26.935755166060538
26.581075532650182
26.23116967039509
25.885971709719648
25.545416715849015
25.20944067511626
24.87798048147757
24.550973923231837
24.22835966994146
23.910077259551464
23.59606708570321
23.286270385240464
22.980629225904025
22.679086494212477
22.381585883525766
22.088071882289146
21.798489762454217
21.51278556807466
21.230906104073618
20.952798925180367
20.67841232503328
20.407695325446788
20.140597665839593
19.877069792821636
19.61706284993746
19.360528667563386
19.107419752956236
18.857689280451034
18.611291081805703
18.368179636690147
18.128310063317713
17.891638109216547
17.658120142139076
17.42771314110705
17.20037468759036
16.976062956817373
16.754736709214832
16.536355281975382
16.320878580750467
16.10826707146711
15.89848177226623
15.691484245560876
15.487236590212522
15.285701433823437
15.086841925143498
14.890621726589652
14.697005006876275
14.505956433754713
14.317441166860377
14.131424850665638
13.947873607537085
13.766754030895319
13.588033178475916
13.411678565689833
13.237658159081917
13.065940369885833
12.896494047674093
12.729288474101622
12.564293356741597
12.401478823011688
12.240815414190246
12.08227407951992
11.92582617039829
11.771443434653712
11.619098010905253
11.468762423005318
11.320409574563968
11.174012743553313
11.029545576991058
10.886982085701945
10.746296639155794
10.607463960381104
10.470459120953045
10.335257536054637
10.201834959610192
10.070167479489609
9.940231512782916
9.812003801143483
9.685461406199286
9.560581705030945
9.437342385715677
9.315721442936017
9.195697173652576
9.077248172839578
8.96035332928244
8.844991821436409
8.731143113345315
8.618786950619555
8.507903356472411
8.398472627813856
8.290475331400938
8.183892300043965
8.078704628867568
7.97489367162585
7.872441037070939
7.771328585373896
7.6715384245974505
7.573052907219604
7.4758546267074575
7.37992641414045
7.285251334882333
7.19181268530103
7.099593989535892
7.008578996311378
6.918751675796653
6.830096216510407
6.742597022270111
6.656238709185161
6.571006102693254
6.486884234639245
6.403858340396011
6.321913856026578
6.24103641548696
6.161211847869083
6.082426174683228
6.004665607179371
5.927916543706888
5.852165567111998
5.777399442172503
5.703605113069084
5.630769700892834
5.558880501188337
5.487924981531803
5.417890779143841
5.348765698536154
5.280537709191899
5.213194943279044
5.146725693396305
5.081118410351184
5.016361700969599
4.952444325936714
4.889355197668421
4.827083378213135
4.765618077183314
4.704948649716414
4.645064594464779
4.585955551614012
4.527611300929481
4.470021759830493
4.41317698149181
4.357067152971936
4.301682593368048
4.247013751996914
4.193051206601604
4.139785661583543
4.087207946259554
4.035309013143488
3.98407993625218
3.933511909435255
3.8835962447285333
3.834324370730652
3.7856878310025635
3.7376782824895853
3.6902874939656796
3.6435073444996453
3.5973298219428744
3.5517470214383966
3.506751143950885
3.46233449481733
3.418489482318059
3.375208616267848
3.332484506626794
3.290309862130691
3.2486774889406043
3.207580289311395
3.1670112602789118
3.1269634923655385
3.087430168303916
3.048404561778492
3.009880036184716
2.9718500434055564
2.9343081226051355
2.89724789903925
2.860663082882467
2.8245474680716214
2.7888949311654763
2.7536994302202613
2.718955003680906
2.6846557692877573
2.6507959229984963
2.6173697379251104
2.584371563285644
2.5517958233705555
2.5196370165234625
2.4878897141360468
2.4565485596569605
2.425608267614498
2.3950636226527973
2.3649094785815614
2.3351407574388183
2.305752448566786
2.2767396077005273
2.248097356069233
2.219820879510003
2.191905427593856
2.1643463127638904
2.1371389094853512
2.110278653407483
2.0837610405369515
2.0575816264227322
2.0317360253522443
2.0062199095586086
1.981029008438849
1.9561591077828924
1.931606049013224
1.907365728435026
1.8834340964966585
1.8598071570603485
1.836480966682923
1.8134516339064732
1.7907153185587585
1.7682682310632767
1.7461066317588116
1.7242268302283454
1.7026251846372182
1.681298101080369
1.6602420329385605
1.639453480243445
1.618928989051358
1.5986651508257048
1.5786586018278221
1.5589060225162041
1.5394041369539742
1.5201497122244616
1.5011395578548097
1.4823705252474724
1.4638395071194932
1.4455434369494704
1.4274792884320988
1.4096440749401427
1.392034848993813
1.374648701737362
1.357482762422852
1.3405341979009746
1.3238002121188286
1.307278045624534
1.2909649750786447
1.2748583127721935
1.2589554061513302
1.2432536373484395
1.227750422719644
1.2124432123886177
1.1973294897966011
1.182406771258563
1.1676726055253877
1.1531245733520241
1.1387602870715172
1.1245773901748195
1.1105735568963278
1.0967464918050438
1.083093929401291
1.0696136337189135
1.0563033979328653
1.0431610439721364
1.0301844221379255
1.017371410726988
1.0047199156600994
0.9922278701155496
0.9798932341675994
0.9677139944298436
0.955688163703396
0.9438137806298401
0.9320889093488731
0.920511639160587
0.909080084192311
0.8977923830699612
0.8866466985938286
0.8756412174187558
0.8647741497386192
0.8540437289750885
0.8434482114705706
0.832985876185309
0.8226550243985613
0.8124539794138144
0.8023810862679619
0.7924347114444156
0.7826132425900647
0.7729150882360651
0.763338677522374
0.7538824599259966
0.7445449049928942
0.7353245020734894
0.7262197600617377
0.7172292071376993
0.708351390513572
0.6995848761831374
0.6909282486745758
0.6823801108065899
0.6739390834478123
0.6656038052794357
0.6573729325610287
0.6492451388994901
0.6412191150211058
0.6332935685466532
0.6254672237695256
0.6177388214368257
0.6101071185333855
0.6025708880686885
0.59512891886663
0.5877800153581016
0.5805229973763424
0.573356699955027
0.5662799731290571
0.5592916817380104
0.5523907052322132
0.5455759374814113
0.5388462865859845
0.5322006746906891
0.5256380378008816
0.5191573256011943
0.5127575012766266
0.5064375413360283
0.5001964354379272
0.49403318621868053
0.487946809122919
0.481936332236238
0.4760007961201298
0.4701392536491026
0.46435076984996904
0.4586344217432733
0.45298929818682543
0.44741449972131586
0.4419091384179833
0.43647233772830185
0.43110323233566894
0.4258009680090613
0.42056470145863245
0.41539360019322646
0.41028684237978286
0.40524361670460596
0.4002631222364741
0.39534456829156006
0.390487174300149
0.3856901696751125
0.380952793682132
0.3762742953116365
0.37165393315243944
0.3670909752670417
0.36258469906858876
0.3581343911994571
0.3537393474114376
0.34939887244751394
0.345112279925194
0.34087889222138756
0.3366980403588026
0.33256906389384217
0.32849131080598304
0.32446413738861046
0.32048690814129577
0.3165589956634941
0.3126797805496452
0.30884865128565575
0.3050650041467443
0.3013282430966373
0.29763777968808736
0.29399303296470614
0.2903934293640863
0.28683840262219956
0.28332739367905607
0.27985985058559787
0.2764352284118237
0.27305298915611886
0.26971260165577615
0.26641354149869434
0.2631552909256346
0.2599373387972287
0.2567591804031003
0.25362031748412095
0.25052025809675066
0.2474585165420674
0.2444346132852685
0.24144807487622436
0.238498433871077
0.23558522875486337
0.23270800386515522
0.2298663093166966
0.22705970092703223
0.22428774014310518
0.22154999396881903
0.2188460348935466
0.21617544082157433
0.21353779500246928
0.21093268596235715
0.20835970743609933
0.20581845830035495
0.20330854250751995
0.20082956902052654
0.19838115174849633
0.19596290948323353
0.19357446583654564
0.1912154491783843
0.18888549257579185
0.18658423373264532
0.18431131493018563
0.1820663829683224
0.17984908910770386
0.1776590890125424
0.17549604269418434
0.1733596144554143
0.17124947283548633
0.1691652905558706
0.16710674446670354
0.1650735154939398
0.1630652885871867
0.16108175266822106
0.1591226005801729
0.15718752903737276
0.1552762385758471
0.15338843350445902
0.1515238218566865
0.14968211534302112
0.1478630293039897
0.14606628266378358
0.1442915978844913
0.142538700920923
0.1408073211760238
0.1390971914568625
0.1374080479311932
0.13573963008457912
0.13409168067807198
0.1324639457064416
0.1308561743569427
0.12926811896862117
0.12769953499214182
0.12615018095014077
0.12461981839808788
0.12310821188565729
0.1216151289185978
0.1201403399210947
0.11868361819862058
0.11724473990126502
0.1158234839875387
0.11441963218864502
0.11303296897321424
0.11166328151249147
0.11031035964597574
0.10897399584750206
0.10765398519176153
0.1063501253212531
0.1050622164136624
0.1037900611496608
0.10253346468111973
0.10129223459973546
0.10006618090605784
0.09885511597891808
0.09765885454525094
0.0964772136503051
0.0953100126282384
0.09415707307308918
0.09301821881012518
0.091893275867557
0.09078207244861843
0.08968443890400588
0.08860020770467048
0.08752921341496137
0.08647129266611432
0.085426284130081
0.08439402849369411
0.08337436843316472
0.08236714858890834
0.08137221554069135
0.08038941778310082
0.07941860570132456
0.07845963154724628
0.07751234941584464
0.0765766152218959
0.07565228667697621
0.07473922326675733
0.07383728622859528
0.0729463385294038
0.07206624484381435
0.07119687153261355
0.07033808662145774
0.06948975977986038
0.06865176230044835
0.06782396707848347
0.06700624859164611
0.06619848288007908
0.06540054752668364
0.06461232163767128
0.06383368582336138
0.06306452217922569
0.06230471426717525
0.06155414709708541
0.06081270710855825
0.060080282152917025
0.05935676147543138
0.05864203569776862
0.057935996800670006
0.05723853810684742
0.05654955426409884
0.05586894122863911
0.05519659624864328
0.054532417847999615
0.053876305810270725
0.05322816116285784
0.052587886161368315
0.05195538427418093
0.0513305601672094
0.05071331968885885
0.05010356985517414
0.04950121883517786
0.04890617593639425
0.04831835159055782
0.04773765733950387
0.04716400582123846
0.046597310756185485
0.046037486933608665
0.04548445019820673
0.04493811743687813
0.044398406565654865
0.043865236516801784
0.0433385272260801
0.04281819962017283
0.04230417560426926
0.041796378049808194
0.04129473078237578
0.04079915856975773
0.040309587110142556
0.03982594302047508
0.039348153824957335
0.03887614794369529
0.038409854681489844
0.03794920421677001
0.03749412759066573
0.03704455669621997
0.03660042426773703
0.03616166387026651
0.03572820988921898
0.03529999752011519
0.03487696275846356
0.0344590423897663
0.0340461739796521
0.03363829586413397
0.033235347139989616
0.03283726765526427
0.03244399799989303
0.03205547949644243
0.031671654190968346
0.03129246484399025
0.03091785492157874
0.030547768586556574
0.03018215068980984
0.029820946761710005
0.029464103003643452
0.029111566279648154
0.02876328410815651
0.02841920465384147
0.0280792767195663
0.027743449738435778
0.02741167376594729
0.027083899472241553
0.026760078134450364
0.026440161629141527
0.026124102424858624
0.02581185357475478
0.025503368709319484
0.025198602029196934
0.024897508298094777
0.024600042835782508
0.024306161511177413
0.024015820735518358
0.023728977455624703
0.02344558914724081
0.02316561380846363
0.022889009953253707
0.0226157366050269
0.02234575329032764
0.022079020032581158
0.02181549734592446
0.021555146229114697
0.02129792815951459
0.021043805087152576
0.02079273942885848
0.020544694062472245
0.020299632321125645
0.02005751798759583
0.01981831528872975
0.019581988889938326
0.01934850388976004
0.01911782581449273
0.01888992061289252
0.01866475465093934
0.018442294706668236
0.018222507965065346
0.018005362013027854
0.017790824834387244
0.01757886480499489
0.01736945068786917
0.017162551628403442
0.016958137149634026
0.016756177147567483
0.01655664188656636
0.016359501994792892
0.016164728459709305
0.015972292623635014
0.01578216617935904
0.015594321165807383
0.015408729963764637
0.015225365291649261
0.015044200201341316
0.014865208074062896
0.014688362616309451
0.01451363785583256
0.01434100813767248
0.014170448120240516
0.014001932771450171
0.013835437364896785
0.013670937476084756
0.013508408978701935
0.01334782804094058
0.01318917112186408
0.013032414967819234
0.012877536608893151
0.012724513355414427
0.012573322794497981
0.012423942786632811
0.012276351462312717
0.01213052721870848
0.011986448716382062
0.01184409487604138
0.011703444875335731
0.01156447814569103
0.01142717436918465
0.011291513475458917
0.01115747563867333
0.011025041274494631
0.010894191037124187
0.010764905816362726
0.01063716673471119
0.010510955144508102
0.010386252625102167
0.010263040980060364
0.010141302234410472
0.010021018631918174
0.009902172632397843
0.009784746909056766
0.009668724345872508
0.009554088035002725
0.009440821274227282