1
1.767069365787221e10
4.879238293352112e9
2.179511167622297e9
1.2201157022045667e9
7.762991428882172e8
5.358736370845306e8
3.9134408529763794e8
2.9782708460740554e8
2.33909778882473e8
1.883313492881668e8
1.5471287740043163e8
1.2922262343559536e8
1.0944692143461287e8
9.380443873866819e7
8.122433151832172e7
7.096070130269763e7
6.248117957135516e7
5.539763808570091e7
4.942176498756679e7
4.433581069277074e7
3.997286220170613e7
3.6203258648831464e7
3.2925057332471233e7
3.0057227202189546e7
2.7534713657822557e7
2.530480932333568e7
2.332445035700134e7
2.1558178537473265e7
1.9976587885635864e7
1.8555128852566633e7
1.727317898370033e7
1.6113314360374214e7
1.5060733773205632e7
1.4102800132687442e7
1.322867263466863e7
1.2429009739035845e7
1.1695727814411249e7
1.1021803849307844e7
1.0401113278461691e7
9.828295966490202e6
9.298644903362157e6
8.808013322067035e6
8.352736838581955e6
7.929567903639775e6
7.53562039339412e6
7.168322587822986e6
6.825377119858587e6
6.504726732557019e6
6.204524921279412e6
5.923110657957001e6
5.6589865792053e6
5.410800100649047e6
5.177327018977799e6
4.957457234752722e6
4.750182288718507e6
4.554584453504513e6
4.3698271631596405e6
4.195146596570923e6
4.0298442587557766e6
3.873280427324465e6
3.724868350913787e6
3.584069102766107e6
3.4503870064135822e6
3.3233655620682244e6
3.202583812175492e6
3.087653092958491e6
2.978214125904552e6
2.8739344092265326e6
2.774505874533416e6
2.679642778406125e6
2.589079802409274e6
2.5025703383732415e6
2.4198849386332077e6
2.3408099133795514e6
2.2651460594134303e6
2.192707506459906e6
2.1233206688085804e6
2.0568232914622957e6
1.9930635812067697e6
1.9318994140925403e6
1.8731976117660878e6
1.8168332799173896e6
1.7626892028414963e6
1.710655288755298e6
1.660628061078473e6
1.6125101913894792e6
1.5662100702116666e6
1.521641412178304e6
1.47872289249291e6
1.4373778117852884e6
1.397533787120611e6
1.359122466530451e6
1.3220792652904033e6
1.2863431219834406e6
1.2518562726915155e6
1.218564041797151e6
1.186414648018039e6
1.1553590244244605e6
1.1253506513033397e6
1.0963454008353273e6
1.0683013926437024e6
1.0411788593572275e6
1.0149400214043052e6
989548.9703237863
964971.5599392331
941175.3047991812
918129.2853363433
895804.0592445288
874171.5786135973
853205.1124005595
832879.1738492855
813169.4525026138
794052.7504791177
775506.9227128288
757510.8208779398
740044.2407421884
723087.8727124569
706623.2553542614
690632.7316833924
675099.408043227
660007.1153951418
645340.3728623048
631084.3533788618
617224.8513073532
603748.2518971368
590641.5024657362
577892.0851934714
565487.991429473
553417.6974143656
541670.1413314869
530234.7016046263
519101.1763658872
508259.7640225088
497701.04485626216
487415.9635935422
477395.81288836664
467632.2176643402
458117.12026518834
448842.7663667486
439801.69160636724
430986.7088884791
422390.8963278025
414007.5857939986
405830.35202395613
397853.0022699643
390069.566454016
382474.28780032
375061.6139198237
367826.18832213123
360762.84233171196
353866.5873866634
347132.6076996139
340556.25326154847
334133.0331704822
327858.6092679676
321728.79006740806
315739.5249590852
309886.8986776723
304167.1260188231
298576.54679218424
293111.62099890044
287768.9242223452
282545.1432214466
277437.07171655964
272441.6063583981
267555.74287105654
262776.57236064103
258101.27778148965
253527.13055239432
249051.48731564241
244671.78683208037
240385.54700576098
236190.3620320746
232083.89966358495
228063.89858809247
224128.1659137283
220274.57475615374
216501.06192318976
212805.6256924411
209186.323677703
205641.2707801509
202168.63722051526
198766.64664863292
195433.57432694285
192167.74538466692
188967.53313957498
185831.35748438322
182757.6833349826
179745.01913782206
176791.9154339105
173896.9634770109
171058.79390372528
168276.07545327305
165547.51373486835
162871.8500407052
160247.86020264486
157674.3534907949
155150.17155224882
152674.18738833658
150245.3043688111
147862.45528146805
145524.60141576215
143230.7316790543
140979.86174417328
138771.03322704916
136603.31289321845
134475.79189206142
132387.58501767827
130337.82999536168
128325.68679266657
126350.33695412135
124410.9829586684
122506.84759895776
120637.17338165757
118801.22194798036
116998.27351365656
115227.62632762136
113488.59614871032
111780.5157396889
110102.73437797031
108454.61738240045
106835.54565551791
105244.91524071714
103682.1368937707
102146.6356681845
100637.85051388462
99155.23388875303
97698.2513825488
96266.38135277081
94859.11457203442
93475.95388655378
92116.41388533446
90780.02057970053
89466.31109279007
88174.83335867306
86905.14583075434
85656.81719913968
84429.42611665567
83222.5609332239
82035.81943830482
80868.808611134
79721.14437848591
78592.45137971046
77482.36273879703
76390.51984322815
75316.57212939714
74260.1768743694
73220.99899377715
72198.71084564432
71192.9920399458
70203.52925371252
69230.0160515017
68272.15271105569
67329.64605398233
66402.20928129341
65489.56181364501
64591.42913612805
63707.54264746448
62837.639513466864
61981.46252462836
61138.759957709306
60309.2854411974
59492.7978245171
58689.061050873024
57897.844033612106
57118.9205359963
56352.069054279906
55597.07270398901
54853.71910930555
54121.8002954593
53401.11258403783
52691.45649112382
51992.63662817515
51304.46160556414
50626.74393869662
49959.299956632436
49301.949713133334
48654.51690006541
48016.828763086436
47388.71601955012
46770.01277856227
46160.55646312505
45560.18773430869
44968.75041739079
44386.0914299066
43812.06071155434
43246.51115590186
42689.2985438433
42140.28147875444
41599.3213232993
41066.282137839895
40541.030620403835
40023.43604816573
39513.37022039938
39010.70740285966
38515.32427355309
38027.099869859354
37545.91553696521
37071.65487757451
36604.20370285915
36143.4499846161
35689.28380859801
35241.597328984426
34800.28472396279
34365.24215238892
33936.36771149722
33513.56139563258
33096.72505597601
32685.76236123726
32280.578759288648
31881.081439714366
31487.179297251405
31098.782896097713
30715.804435065078
30338.157713554087
29965.758098329334
29598.522491074058
29236.369296703695
28879.218392418272
28526.991097474525
28179.61014365905
27836.999646444227
27499.08507680906
27165.793233708133
26837.052217171808
26512.791402021405
26192.941412183776
25877.43409558992
25566.20249964274
25259.180847239706
24956.304513335952
24657.51000203473
24362.73492419157
24071.917975519376
23784.99891518197
23501.91854486379
23222.61868830414
22947.042171284003
22675.1328020549
22406.835352198217
22142.095537904814
21880.860001664485
21623.076294355324
21368.692857723032
21117.65900724093
20869.92491534123
20625.44159500881
20384.160883728433
20146.035427777133
19911.01866685354
19679.064819035688
19450.12886606002
19224.166538913436
19001.13430373124
18780.98934799348
18563.68956701326
18349.193550709093
18137.46057065561
17928.45056740549
17722.1241380766
17518.442524197846
17317.3675998081
17118.861859802008
16922.888408516978
16729.410948556142
16538.39376984127
16349.801738890934
16163.600288318294
15979.75540654384
15798.233627717924
15619.00202184846
15442.028185129095
15267.280230463288
15094.726778179907
14924.336946936013
14756.08034480268
14589.927060529519
14425.847654984385
14263.813152763758
14103.795033970478
13945.765226154892
13789.696096415882
13635.560443658127
13483.331491002258
13332.982878344636
13184.488655063116
13037.823272866091
12892.961578781244
12749.878808281263
12608.55057854339
12468.952881839985
12331.06207905714
12194.854893338848
12060.308403853638
11927.400039681446
11796.107573817813
11666.40911729313
11538.28311340438
11411.70833205695
11286.663864214246
11163.129116452827
11041.083805620758
10920.507953597054
10801.3818821501
10683.686207892933
10567.401837333378
10452.509962017079
10338.992053761387
10226.829859978372
10116.005399084976
10006.50095599854
9898.29907771597
9791.38256897482
9685.73448799453
9581.338142296237
9478.177084599596
9376.235108794875
9275.496245988972
9175.94476062376
9077.565146665225
8980.34212386215
8884.260634072702
8789.305837657783
8695.463109939601
8602.718037724318
8511.056415887297
8420.464244019964
8330.927723136747
8242.433252441158
8154.96742614967
8068.51703037232
7983.069040048898
7898.6106159396195
7815.12910166921
7732.612020823351
7651.047074096472
7570.422136489806
7490.725254558884
7411.944643709351
7334.068685540177
7257.0859252334685
7180.985068989846
7105.75498150853
7031.384683511327
6957.863349309607
6885.180304413482
6813.325023182363
6742.287126516089
6672.056379585906
6602.622689604381
6533.9761036338205
6466.106806432061
6399.005118335231
6332.66149317666
6267.066516241245
6202.2109022546765
6138.085493406751
6074.681257408257
6011.989285580701
5950.000790978362
5888.707106541914
5828.099683283235
5768.170088500625
5708.9100040239955
5650.311224489438
5592.365655642589
5535.065312670333
5478.402318560241
5422.368902487322
5366.957398227498
5312.160242597358
5257.969973919731
5204.379230514537
5151.3807492145625
5098.967363905549
5047.132004090345
4995.867693476505
4945.167548587056
4895.024777393897
4845.432677973508
4796.384637184521
4747.874129366778
4699.894715061485
4652.440039752088
4605.503832625482
4559.079905353235
4513.16215089241
4467.744542305702
4422.821131600486
4378.386048586464
4334.433499751635
4290.957767156159
4247.953207343887
4205.414250271211
4163.335398252939
4121.7112249248885
4080.536374222915
4039.805559378075
3999.513561927668
3959.655230741855
3920.2254810655727
3881.2192935755525
3842.631713452059
3804.457849465227
3766.692873075638
3729.332017548938
3692.3705770842885
3655.80390595633
3619.6274176704947
3583.8365841314135
3548.426934824208
3513.3940560084156
3478.733589924377
3444.441234011867
3410.5127401406676
3376.9439138530597
3343.7306136178777
3310.8687500959977
3278.354285417045
3246.1832324671573
3214.3516541876047
3182.8556628840593
3151.6914195463846
3120.85513317874
3090.3430601398145
3060.1515034930594
3030.276812366721
3000.715381323526
2971.4636497398646
2942.518101194283
2913.8752628651832
2885.5317049375144
2857.484040018388
2829.7289225613836
2802.2630482994623
2775.083153686321
2748.186015346067
2721.568449531061
2695.2273115877874
2669.1594954306597
2643.361933023585
2617.8315938691967
2592.5654845056038
2567.5606480105735
2542.81416351297
2518.323145711395
2494.084744399855
2470.096144000409
2446.3545631026104
2422.8572540096784
2399.6015022913075
2376.584626342951
2353.803976951532
2331.2569368674563
2308.940920382805
2286.853372915651
2264.9917706003826
2243.353619883925
2221.9364571277883
2200.7378482158424
2179.7553881677204
2158.986700757779
2138.4294381395134
2118.081280475338
2097.9399355716723
2078.0031385192237
2058.2686513384006
2038.7342626297702
2019.3977872294702
2000.2570658695413
1981.3099648430416
1962.5543756739137
1943.9882147915202
1925.609423209771
1907.4159662107597
1889.4058330328794
1871.5770365633007
1853.927613034766
1836.4556217266513
1819.1591446702087
1802.0362863579053
1785.085173456857
1768.3039545262363
1751.6907997377264
1735.2439006043005
1718.9614697039558
1702.841740416034
1686.8829666578022
1671.0834226207694
1655.4414025201459
1639.955220338323
1624.623209576558
1609.4437230091744
1594.415132441113
1579.5358284688418
1564.8042202445047
1550.2187352433352
1535.777819034235
1521.479935053483
1507.3235643815356
1493.3072055228763
1479.429374188837
1465.6886030834023
1452.0834416918867
1438.6124560725061
1425.2742286507532
1412.0673580165553
1398.99045872418
1386.0421610948258
1373.221111021884
1360.5259697788192
1347.955413829617
1335.5081346417978
1323.1828385019205
1310.9782463335598
1298.8930935177248
1286.9261297156625
1275.0761186940342
1263.3418381524248
1251.7220795531348
1240.2156479532443
1228.8213618389018
1217.538052961811
1206.3645661778833
1195.2997592880251
1184.342502881028
1173.4916801785278
1162.7461868820155
1152.1049310218548
1141.566832808285
1131.130824484386
1120.7958501809705
1110.560865773369
1100.424838740102
1090.386748023389
1080.4455838914848
1070.600347802811
1060.8500522718502
1051.1937207367935
1041.6303874289044
1032.1590972435783
1022.7789056130738
1013.4888783808925
1004.2880916777843
995.1756317993539
986.150595085248
977.2120877998979
968.3592260148029
959.5911354923202
950.9069515709562
942.3058190521202
933.7868920883424
925.3493340729098
916.9923175309237
908.7150240117476
900.516643982819
892.3963767248296
884.3534302282254
876.3870210910344
868.496374417988
860.6807237209218
852.9393108204406
845.2713857488284
837.6762066541887
830.1530397057895
822.7011590006152
815.3198464710815
808.0083917939261
800.7660923002368
793.5922528866174
786.4861859274619
779.447211188334
772.4746557404308
765.5678538761147
758.726147025503
751.9488836741016
745.2354192814605
738.5851162008488
731.9973435999232
725.4714773823921
719.006900110643
712.6030009293373
706.2591754899485
699.9748258762352
693.7493605306397
687.5821941815902
681.4727477717048
675.4204483868805
669.4247291862524
663.4850293330214
657.6007939261249
651.7714739327528
645.9965261216859
640.2754129974574
634.6076027353172
628.9925691169888
623.4297914672196
617.9187545910954
612.4589487121295
607.0498694110962
601.6910175656184
596.3818992904805
591.1220258786748
585.9109137431556
580.7480843593069
575.633064208098
570.5653847199354
565.5445822191892
560.5701978693884
555.6417776190781
550.7588721483324
545.9210368159063
541.1278316070232
536.3788210817984
531.6735743242682
527.0116648920432
522.3926707665521
517.8161743038943
513.281762186271
508.7890253739979
504.33755905809375
499.9269626134301
495.5568395524458
491.22679747940094
486.9364480451882
482.68540690267
478.47329366255104
474.29973184977456
470.164348860431
466.0667759191796
462.0066480371726
457.9836039704785
453.9972861789896
450.0473407858234
446.1334175371919
442.2551697627532
438.4122543364204
434.60433163763616
430.8310655131008
427.09212323894735
423.38717548336194
419.71589626963976
416.0779629396727
412.47305611786646
408.9008596754753
405.36106069535515
401.85334943712473
398.3774193027356
394.9329668024385
391.5196915211494
388.1372960852017
384.78548612948754
381.46397026497823
378.17246004662024
374.91066994160235
371.6783172979926
368.475122313733
365.30080800599376
362.1551001808821
359.03772740349785
355.94842096833395
352.8869148700186
349.85294577439026
346.84625298990943
343.8665784393934
340.9136666320776
337.987264635995
335.08712205067366
332.2129909801433
329.3646260062533
326.54178416229036
323.7442249069038
320.9717100983193
318.22400396885257
315.50087309971116
312.8020863960794
310.1274150624906
307.4766325784751
304.8495146744856
302.2458393080945
299.66538664046124
297.1079390130649
294.57328092469857
292.0611990087251
289.57148201058845
287.10392076557787
284.65830817684287
282.2344391936541
279.83211078991167
277.4511219428896
275.0912736122243
272.75236871913427
270.4342121258739
268.1366106154179
265.85937287137216
263.6023094581085
261.3652328011218
259.1479571676065
256.95029864724756
254.7720751332297
252.61310630345162
250.47321360195468
248.35222022055473
246.24995108067836
244.16623281540168
242.1008937516857
240.0537638928127
238.02467490101114
236.01346008027758
234.01995435938585
232.04399427508375
230.08541795547686
228.14406510359254
226.21977698112772
224.31239639237498
222.421767668322
220.5477366509312
218.69015067758755
216.84885856571844
215.02371059758332
213.21455850522702
211.42125545560077
209.64365603584397
207.88161623872762
206.13499344825567
204.40364642542465
202.68743529413862
200.9862215272761
199.29986793290936
197.62823864067497
195.9711990882891
194.32861600821388
192.70035741446344
191.08629258955796
189.48629207161443
187.90022764158084
186.32797231060562
184.76940030754668
183.2243870666121
181.69280921513723
180.17454456149068
178.66947208311387
177.1774719146858
175.69842533641938
174.23221476247966
172.77872372952856
171.33783688539313
169.90943997785365
168.49341984355323
167.0896643970263
165.69806261984337
164.3185045498734
162.95088127066015
161.59508490091244
160.25100858410565
158.91854647819605
157.59759374544268
156.28804654233915
154.98980200965224
153.70275826256545
152.42681438092973
151.16187039961483
149.9078272989656
148.66458699535772
147.43205233185472
146.2101270689642
144.99871587548915
143.7977243194809
142.6070588592828
141.42662683467194
140.25633645809233
139.0960968059823
137.9458178101916
136.8054102494898
135.67478574116393
134.55385673270553
133.44253649358262
132.3407391071009
131.24837946234848
130.1653732462256
129.0916369355586
128.02708778929582
126.97164384078502
125.9252238901326
124.8877474966412
123.85913497132765
122.8393073695189
121.82818648352423
120.8256948353849
119.83175566969888
118.84629294652004
117.8692313343321
116.90049620309483
115.94001361736281
114.98771032947596
114.04351377281995
113.10735205515745
112.17915395202706
111.25884890021351
110.3463669912818
109.44163896518073
108.54459620391178
107.65517072526316
106.77329517660885
105.8989028287723
105.03192756995149
104.17230389970857
103.31996692302069
102.47485234439125
101.63689646202346
100.80603616205147
99.98220891283339
99.16535275930048
98.35540631736619
97.5523087683908
96.75599985370431
95.96641986918473
95.18350965989158
94.40721061475452
93.63746466131664
92.87421426053108
92.1174024016099
91.36697259692787
90.62286887697502
89.88503578536364
89.15341837388425
88.42796219761172
87.70861331006273
86.99531825840134
86.28802407869307
85.58667829120742
84.89122889576859
84.20162436715236
83.51781365053077
82.83974615696121
82.1673717589231
81.50064078589807
80.83950401999618
80.18391269162497
79.53381847520338
78.8891734849183
78.24993027052375
77.61604181318302
76.98746152135196
76.36414322670443
75.74604118009788
75.13311004758035
74.52530490643687
73.9225812412757
73.32489494015469
72.73220229074478
72.14445997653375
71.56162507306658
70.98365504422446
70.41050773854033
69.84214138555151
69.27851459218886
68.7195863392019
68.16531597761954
67.61566322524638
67.07058816319321
66.53005123244337
65.99401323045194
65.4624353077794
64.93527896475905
64.41250604819692
63.89407874810483
63.37995959446587
62.870111454031836
62.364497527152565
61.86308134463664
61.36582676464309
60.87269796960414
60.38365946317779
59.898676067231584
59.417712918855074
58.94073546740203
58.46770947156304
57.99860099646506
57.53337641080103
57.07200238398728
56.61444588334843
56.16067417133138
55.71065480274497
55.264355622028205
54.82174476054456
54.382790633903014
53.947461939305455
53.51572765292024
53.087557027281036
52.66291958871178
52.24178513477638
51.824123731753446
51.40990571213615
50.99910167215589
50.59168246729574
50.187619220036645
49.786883297105334
49.38944632744128
48.995280189665806
48.60435701178148
48.21664916886114
47.83212928075843
47.45077020984037
47.07254505874299
46.69742716814778
46.32539011458046
45.95640770823053
45.590453990792525
45.227503233327894
44.867529934147626
44.510508816715245
44.15641482757087
43.80522313427417
43.45690912336816
43.11144839836247
42.768816777735566
42.428990292957536
42.09194518653003
41.757657910047186
41.426105122273626
41.0972636872421
40.77111067236882
40.447623346586866
40.12677917849784
39.808555834542446
39.49293117718547
39.17988326312144
38.869390341496135
38.56143085214521
38.25598342384964
37.953026872608504
37.65254019992743
37.35450259112421
37.05889341365017
36.76569221542765
36.47487872320394
36.18643284091984
35.90033464809504
35.61656439822809
35.335102517211865
35.055929601764326
34.77902641787394
34.50437389926029
34.23195314584894
33.96174542226109
33.69373215631765
33.42789493755713
33.16421551576833
32.90267579953617
32.643257854801966
32.38594390343707
32.130716321829965
31.877557639487236
31.626450537647084
31.37737784790655
31.130322550861656
30.885267774760013
30.642196794166683
30.401093028642496
30.16194004143453
29.924721538179707
29.689421365619474
29.456023510328123
29.22451209745158
28.994871389459256
28.76708578490699
28.541139817211786
28.317018153438426
28.094705593097025
27.874187066952025
27.655447635842755
27.438472489514467
27.22324694546094
27.0097564477774
26.797986566024754
26.587922994103984
26.379551549141503
26.172858170384625
25.96782891810756
25.764449972527697
25.562707632731694
25.362588315612278
25.164078554814253
24.967164999690688
24.771834414268938
24.578073676226282
24.385869775874973
24.195209815156698
24.006081006646824
23.818470672567457
23.632366243810118
23.44775525896692
23.264625363371543
23.082964308148433
22.902759949271278
22.724000246629934
22.54667326310644
22.37076716365898
22.196270214415016
22.0231707817723
21.851457331508684
21.681118427899655
21.512142732844552
21.3445190050006
21.178236098924934
21.013282964224786
20.849648644715256
20.68732227758491
20.526293092569603
20.3665504111329
20.208083645655115
20.05088229862926
19.89493596186444
19.740234315696746
19.58676712820742
19.434524254448046
19.28349563567304
19.13367129857922
18.98504135455216
18.83759599891968
18.691325510212245
18.546220249429823
18.402270659315853
18.259467263637674
18.117800666473613
17.97726155150657
17.837840681324202
17.69952889672531
17.56231711603273
17.42619633441251
17.291157623199286
17.157192129227838
17.024291074170634
16.892445753881717
16.76164753774635
16.63188786803654
16.5031582592728
16.37545029759132
16.248755640117075
16.123066014342847
15.998373217513594
15.874669116016491
15.751945644776722
15.630194806658618
15.509408671872183
15.389579377385136
15.270699126340311
15.1527601874782
15.03575489456492
14.919675645825269
14.80451490338087
14.690265192693666
14.576919102014035
14.464469281834416
14.352908444347472
14.242229362909306
14.132424871507663
14.023487864234665
13.915411294764587
13.808188175836243
13.701811578739996
13.59627463280944
13.491570524917758
13.38769249897853
13.284633855451009
13.18238795085005
13.080948197260144
12.980308061854238
12.880461066416494
12.781400786869526
12.683120852806056
12.585614947024363
12.488876805068337
12.392900214771501
12.297679015804963
12.203207099229743
12.109478407052897
12.0164869317877
11.92422671601777
11.832691851965102
11.741876481061931
11.651774793526599
11.562381027942934
11.473689470843608
11.385694456297283
11.29839036549918
11.21177162636559
11.125832713131846
11.040568145953898
10.95597249051363
10.872040357627302
10.788766402858027
10.70614532613123
10.624171871353795
10.542840826036525
10.462147020920012
10.382085329603798
10.302650668178819
10.22383799486323
10.145642309641332
10.06805865390579
9.991082110103058
9.914707801381875
9.838930891244948
9.763746583203687
9.689150120436096
9.615136785447516
9.541701899734615
9.468840823452148
9.396548955082835
9.32482173111
9.253654625693338
9.183043150347263
9.112982853622386
9.043469320789601
8.9744981735271
8.906065069610094
8.838165702603263
8.770795801555984
8.703951130700194
8.637627489150962
8.571820710609671
8.506526663069831
8.441741248525506
8.377460402682289
8.313680094670831
8.250396326762896
8.187605134089909
8.125302584364016
8.063484777601506
8.002147845848826
7.941287952910855
7.880901294081604
7.820984095877378
7.761532615772127
7.702543141935263
7.6440119929716746
7.585935517664101
7.528310094717705
7.471132132506941
7.4143980688245925
7.358104370633026
7.30224753381764
7.246824082942489
7.191830571007957
7.13726357921068
7.083119716705458
7.0293956203693195
6.976087954567626
6.923193410922182
6.870708708081456
6.818630591492727
6.766955833176281
6.715681231501511
6.664803610965052
6.614319821970769
6.56422674061173
6.514521268454039
6.465200332322567
6.416260884088556
6.3676999004590495
6.3195143827681495
6.271701356770168
6.2242578724344675
6.177181003742156
6.130467848484516
6.0841155280632
6.038121187292191
5.992481994201398
5.947195139842061
5.902257838093734
5.857667325473059
5.813420860944105
5.76951572573039
5.725949223128532
5.682718678323506
5.639821438205497
5.5972548711883725
5.555016367029651
5.513103336652117
5.471513211966924
5.430243445698226
5.389291511209348
5.348654902330449
5.308331133187675
5.268317738033786
5.22861227108022
5.1892123063306475
5.150115437415947
5.1113192774305825
5.072821458770428
5.034619632971934
4.996711470552764
4.959094660853713
4.921766911882033
4.884725950156113
4.84796952055148
4.811495386148123
4.775301328079118
4.739385145380606
4.703744654842991
4.66837769086346
4.633282105299742
4.598455767325168
4.563896563284921
4.529602396553541
4.495571187393656
4.461800872815924
4.428289406440175
4.395034758357712
4.362034914994864
4.32928787897762
4.296791668997468
4.264544319678404
4.232543881445023
4.200788420391773
4.169276018153323
4.138004771776035
4.106972793590512
4.0761782110852955
4.045619166781568
4.015293818108967
3.9852003372824534
3.9553369111802246
3.9257017412226696
3.8962930432523573
3.867109047415033
3.8381479980416637
3.8094081535314603
3.7808877862358816
3.7525851823436702
3.7244986417668198
3.696626478027553
3.668967018146227
3.6415186025302053
3.6142795848636893
3.587248331998448
3.5604232238455182
3.533802653267789
3.507385025973523
3.4811687604107644
3.4551522876626497
3.4293340513436035
3.4037125074964374
3.3782861244902467
3.353053382919281
3.328012775502587
3.3031628069845373
3.2785019940361817
3.254028865157456
3.2297419605801982
3.2056398321719977
3.1817210433408487
3.1579841689406125
3.1344277951772814
3.1110505195160245
3.0878509505890452
3.06482770810417
3.041979422754249
3.019304736127311
2.9968023006174658
2.9744707793365617
2.952308846026605
2.9303151849728777
2.9084884909178386
2.886827468975702
2.8653308345477697
2.8439973132384555
2.8228256407720203
2.8018145629100237
2.7809628353694373
2.7602692237414796
2.7397325034111155
2.719351459477233
2.6991248866734874
2.6790515892898283
2.6591303810946667
2.639360085257697
2.6197395342733674
2.600267569885014
2.5809430430095874
2.561764813663057
2.5427317508864005
2.523842732672246
2.505096645892102
2.486492386224218
2.468028858082034
2.4497049745432373
2.431519657279408
2.413471836486254
2.3955604508144304
2.377784447300939
2.3601427813010956
2.3426344164210744
2.3252583244509992
2.3080134852986154
2.2908988869235025
2.2739135252718246
2.2570564042116636
2.2403265354688355
2.2237229385633013
2.207244640746055
2.1908906769365846
2.1746600896608124
2.158551928989574
2.1425652524776204
2.126699125103099
2.110952619207559
2.0953248144364514
2.0798147976801182
2.0644216630152785
2.049144511647001
2.033982451850856
2.0189345989170473
2.0040000750920153
1.989178009523508
1.9744675382046273
1.959867803918928
1.9453779561845
1.930997151201442
1.9167245517968547
1.9025593273717485
1.8885006538480937
1.8745477136163098
1.8606996954832016
1.846955794620309
1.8333152125126946
1.8197771569081636
1.8063408417668723
1.793005487211405
1.7797703194772039
1.7666345708634574
1.753597479684374
1.7406582902208512
1.7278162526725638
1.7150706231104287
1.7024206634294778
1.6898656413021067
1.677404830131719
1.6650375090067537
1.6527629626550715
1.6405804813987537
1.6284893611092393
1.6164889031628507
1.6045784143966835
1.5927572070648512
1.581024598795102
1.5693799125457797
1.557822476563157
1.5463516243390987
1.5349666945690914
1.5236670311106029
1.5124519829418004
1.5013209041205942
1.490273153744023
1.4793080959079723
1.4684250996672321
1.4576235389958643
1.4469027927479134
1.4362622446184345
1.425701283104826
1.4152193014685115
1.4048156976969002
1.3944898744656877
1.3842412391014491
1.3740692035445463
1.3639731843123322
1.353952602462666
1.3440068835577241
1.3341354576280948
1.32433775913719
1.3146132269459292
1.3049613042777168
1.2953814386837164
1.2858730820083912
1.2764356903553433
1.267068724053419
1.257771647623097
1.2485439297431546
1.2393850432175992
1.2302944649428753
1.221271675875328
1.2123161609989603
1.2034274092934085
1.194604913702225
1.1858481711013877
1.1771566822680832
1.1685299518497367
1.1599674883332955
1.151468804014764
1.1430334149689902
1.1346608410196855
1.1263506057097064
1.1181022362715665
1.1099152635981888
1.1017892222139036
1.09372365024567
1.0857180893945437
1.07777208490737
1.0698851855487086
1.062056943572986
1.054286914696873
1.0465746580718887
1.0389197362572324
1.031321715192814
1.0237801641725421
1.0162946558177797
1.0088647660510663
1.0014900740700106
0.9941701623214207
0.9869046164756308
0.9796930254010487
0.972534981138893
0.9654300788781485
0.9583779169307233
0.9513780967067909
0.94443022269036
0.9375339024150147
0.9306887464398679
0.9238943683257037
0.9171503846113137
0.9104564147900212
0.9038120812863972
0.8972170094331735
0.8906708274483255
0.8841731664123491
0.8777236602457288
0.8713219456865697
0.8649676622684281
0.8586604522983103
0.8523999608348467
0.8461858356666536
0.8400177272908659
0.8338952888918251
0.8278181763199705
0.8217860480708772
0.8157985652644593
0.8098553916243709
0.8039561934575388
0.7981006396338804
0.7922884015661738
0.7865191531901002
0.7807925709444397
0.7751083337514257
0.7694661229972628
0.7638656225127985
0.7583065185543485
0.752788499784679
0.7473112572541413
0.7418744843819547
0.7364778769376454
0.731121133022631
0.7258039530519509
0.7205260397361484
0.7152870980632943
0.7100868352811553
0.7049249608795085
0.6998011865725913
0.6947152262817023
0.6896667961179288
0.6846556143650211
0.6796814014624062
0.6747438799883303
0.6698427746431379
0.6649778122326908
0.6601487216519131
0.6553552338684692
0.650597081906579
0.6458740008309475
0.641185727730845
0.6365320017042915
0.6319125638423817
0.6273271572137371
0.622775526849068
0.618257419725875
0.6137725847532628
0.6093207727568795
0.6049017364639713
0.6005152304885653
0.5961610113167615
0.5918388372921468
0.5875484686013258
0.583289667259564
0.5790621970965484
0.5748658237422585
0.5707003146129548
0.5665654388972736
0.5624609675424366
0.5583866732405673
0.5543423304151192
0.5503277152074102
0.5463426054632634
0.5423867807197587
0.5384600221920832
0.5345621127604918
0.5306928369573687
0.526851980954392
0.5230393325498007
0.5192546811557681
0.5154978177858605
0.5117685350426142
0.5080666271051995
0.5043918897171858
0.5007441201744025
0.4971231173128999
0.4935286814970029
0.489960614607458
0.48641872002967756
0.48290280264207763
0.4794126688045035
0.47594812634675304
0.47250898455718526
0.46909505417142605
0.4657061473611543
0.46234207772298813
0.4590026602674462
0.45568771140801073
0.45239704895026367
0.44913049208111655
0.44588786135812564
0.44266897869888905
0.43947366737052607
0.4363017519792465
0.4331530584599962
0.4300274140661844
0.4269246473594994
0.4238445881997941
0.4207870677350609
0.4177519183914808
0.4147389738635534
0.4117480691042996
0.40877904031555057
0.40583172493830716
0.4029059616431756
0.40000159032088156
0.39711845207285484
0.3942563892018944
0.391415245202901
0.3885948647536842
0.3857950937058485
0.383015779075739
0.38025676903546957
0.37751791290401626
0.37479906113838024
0.3721000653248261
0.3694207781701821
0.3667610534932103
0.3641207462160513
0.361499712355727
0.35889780901571483
0.3563148943775901
0.35375082769273064
0.3512054692740879
0.3486786804880201
0.3461703237461976
0.34368026249756223
0.34120836122035547
0.3387544854142077
0.33631850159228927
0.33390027727352367
0.33149968097486293
0.32911658220362144
0.32675085144987015
0.3244023601788942
0.322070980823703
0.31975658677760554
0.31745905238684047
0.31517825294326485
0.31291406467710026
0.31066636474973475
0.308435031246583
0.30621994317000056
0.30402098043225534
0.3018380238485536
0.29967095513011843
0.29751965687732596
0.2953840125728925
0.2932639065751177
0.29115922411117673
0.289069851270468
0.2869956749980117
0.28493658308790204
0.28289246417680713
0.28086320773752116
0.2788487040725688
0.2768488443078574
0.27486352038637785
0.27289262506196
0.27093605189306846
0.2689936952366556
0.2670654502420548
0.2651512128449282
0.26325087976125594
0.2613643484813756
0.2594915172640675
0.25763228513068626
0.2557865518593371
0.25395421797909845
0.25213518476428926
0.2503293542287818
0.24853662912035696
0.2467569129151062
0.24499010981187375
0.24323612472674536
0.2414948632875776
0.23976623182857076
0.23805013738488517
0.23634648768729608
0.23465519115689282
0.23297615689982015
0.23130929470205674
0.229654515024238
0.22801172899651578
0.2263808484134624
0.22476178572900885
0.2231544540514284
0.22155876713835315
0.21997463939183268
0.2184019858534319
0.2168407221993652
0.21529076473566733
0.21375203039340457
0.21222443672392116
0.21070790189412353
0.20920234468180082
0.20770768447098004
0.20622384124732202
0.20475073559354576
0.20328828868489646
0.20183642228464213
0.2003950587396079
0.19896412097574434
0.19754353249373136
0.19613321736461498
0.19473310022547713
0.1933431062751405
0.19196316126990662
0.19059319151932547
0.18923312388199925
0.18788288576141804
0.186542405101827
0.18521161038412837
0.18389043062181032
0.18257879535691196
0.18127663465601693
0.17998387910627922
0.1787004598114777
0.17742630838810486
0.17616135696148097
0.17490553816190213
0.17365878512081778
0.17242103146703383
0.17119221132295043
0.16997225930082457
0.16876111049906517
0.16755870049855226
0.16636496535898998
0.16517984161528199
0.16400326627394
0.16283517680951587
0.16167551116106518
0.1605242077286339
0.15938120536977451
0.1582464433960899
0.15711986156980084
0.15600140010034372
0.15489099964098957
0.15378860128549537
0.15269414656477492
0.1516075774436002
0.15052883631732406
0.14945786600863248
0.1483946097643174
0.14733901125207782
0.1462910145573439
0.14525056418012536
0.14421760503188463
0.14319208243243398
0.14217394210685713
0.14116313018245247
0.14015959318570181
0.13916327803926187
0.13817413205897916
0.13719210295092527
0.13621713880846031
0.13524918810931305
0.13428819971268613
0.13333412285638513
0.13238690715396656
0.13144650259190888
0.13051285952680625
0.12958592868258417
0.12866566114773076
0.12775200837255896
0.1268449221664824
0.1259443546953142
0.12505025847858703
0.1241625863868924
0.12328129163924233
0.1224063278004496
0.12153764877852835
0.12067520882211502
0.1198189625179096
0.11896886478813373
0.11812487088801238
0.11728693640327092
0.11645501724765422
0.11562906966046319
0.11480905020410984
0.11399491576169357
0.1131866235345918
0.11238413104007317
0.11158739610892596
0.11079637688310738
0.11001103181340766
0.10923131965713472
0.10845719947581514
0.10768863063291295
0.10692557279156564
0.10616798591233848
0.10541583025099427
0.10466906635628201
0.10392765506774046
0.10319155751352035
0.10246073510822196
0.10173514955074955
0.10101476282218247
0.10029953718366218
0.09958943517429493
0.09888441960907135
0.09818445357680178
0.09748950043806622
0.09679952382318155
0.09611448763018271
0.09543435602282066
0.09475909342857415
0.09408866453667745
0.09342303429616369
0.09276216791392175
0.09210603085276906
0.09145458882953793
0.09080780781317772
0.09016565402287097
0.08952809392616315
0.08889509423710742
0.08826662191442383
0.0876426441596712
0.08702312841543425
0.08640804236352373
0.08579735392319054
0.08519103124935351
0.08458904273083963
0.08399135698863952
0.08339794287417471
0.08280876946757848
0.08222380607598972
0.08164302223185929
0.08106638769127139
0.08049387243227357
0.07992544665322446
0.07936108077114903
0.07880074542011006
0.07824441144959104
0.07769204992288942
0.07714363211552504
0.07659912951365813
0.07605851381252071
0.07552175691485964
0.07498883092939077
0.07445970816926603
0.07393436115055085
0.07341276259071403
0.07289488540712848
0.07238070271558412
0.07187018782881055
0.0713633142550128
0.07086005569641643
0.07036038604782477
0.06986427939518694
0.0693717100141758
0.06888265236877822
0.06839708110989412
0.06791497107394806
0.0674362972815096
0.06696103493592581
0.06648915942196203
0.06602064630445478
0.06555547132697438
0.06509361041049644
0.06463503965208552
0.06417973532358644
0.06372767387032774
0.0632788319098328
0.06283318623054246
0.062390713790545935
0.06195139171632261
0.061515197301491784
0.06108210800557319
0.06065210145275643
0.06022515543067913
0.05980124788921533
0.059380356939272246
0.058962460851596496
0.05854753805558868
0.05813556713812831
0.05772652684240562
0.057320396066764125
0.056917153863550465
0.05651677943797373
0.056119252146972984
0.05572455149809351
0.055332657148371475
0.054943548903227
0.05455720671536559
0.05417361068368729
0.053792741052205405
0.05341457820897176
0.05303910268501118
0.05266629515326353
0.05229613642753332
0.05192860746144885
0.05156368934742668
0.051201363315645704
0.05084161073302878
0.05048441310223112
0.05012975206063725
0.04977760937936498
0.04942796696227682
0.049080806844999166
0.04873611119394866
0.048393862305365735
0.048054042604355585
0.047716634643936606
0.047381621104095106
0.04704898479084821
0.04671870863531294
0.04639077569278292
0.046065169141811274
0.04574187228330141
0.04542086853960356
0.04510214145361855
0.04478567468790905
0.04447145202381576
0.044159457360582015
0.04384967471448373
0.043542088217966554
0.043236682118789074
0.04293344077917262
0.04263234867495756
0.04233339039476583
0.04203655063916914
0.04174181421986471
0.04144916605885605
0.04115859118764017
0.04087007474640117
0.04058360198320952
0.04029915825322757
0.040016729017920596
0.039736299844274625
0.03945785640401894
0.039181384472855366
0.038906869929692875
0.038634298755887926
0.03836365703449067
0.0380949309494964
0.03782810678510343
0.03756317092497534
0.03730010985150968
0.037038910145111875
0.036779558483474264
0.036522041640861015
0.03626634648739787
0.03601245998836753
0.0357603692035105
0.03551006128633038
0.03526152348340521
0.03501474313370334
0.03476970766790509
0.0345264046077282
0.03428482156526014
0.03404494624229357
0.033806766429668185
0.03357027000661644
0.03333544494011487
0.033102279284239824
0.032870761179528286
0.03264087885234315
0.0324126206142435
0.03218597486135934
0.03196093007377146
0.03173747481489525
0.031515597730869455
0.03129528754994968
0.03107653308190618
0.03085932321742589
0.030643646927519266
0.030429493262931852
0.030216851353559095
0.030005710407867026
0.029796059712315824
0.029587888630788685
0.02938118660402443
0.02917594314905456
0.028972147858644416
0.028769790400738196
0.028568860517908967
0.028369348026811722
0.0281712428176411
0.027974534853593053
0.027779214170330503
0.027585270875452955
0.027392695147969815
0.02720147723777823
0.02701160746514409
0.026823076220187266
0.02663587396237093
0.02644999121999383
0.026265418589687353
0.02608214673591567
0.025900166390479457
0.025719468352024225
0.02554004348555104
0.02536188272193185
0.02518497705742804
0.02500931755321246
0.024834895334895257
0.02466170159205295
0.02448972757776125
0.024318964608131183
0.02414940406184859
0.023981037379717407
0.023813856064205906
0.023647851678996364
0.023483015848538357
0.02331934025760514
0.0231568166508533
0.022995436832385568
0.022835192665317486
0.022676076071346266
0.02251807903032378
0.02236119357983221
0.022205411814762863
0.022050725886898312
0.021897128004497488
0.021744610431883835
0.02159316548903665
0.021442785551185173
0.02129346304840554
0.021145190465222764
0.020997960340211102
0.020851765265602437
0.020706597886894246
0.020562450902462046
0.02041931706317393
0.020277189172008287
0.02013606008367424
0.01999592270423502
0.019856769990733998
0.01971859495082332
0.019581390642395814
0.019445150173219124
0.01930986670057252
0.01917553343088684
0.01904214361938665
0.018909690569735293
0.018778167633682577
0.01864756821071461
0.018517885747707016
0.018389113738580085
0.01826124572395647
0.01813427529082191
0.0180081960721879
0.01788300174675735
0.017758686038591962
0.017635242716783135
0.017512665595124287
0.017390948531786167
0.017270085428994424
0.017150070232709407
0.01703089693230861
0.016912559560271205
0.01679505219186498
0.016678368944835563
0.016562503979098198
0.016447451496431214
0.01633320574017229
0.01621976099491681
0.016107111586218276
0.01599525188029112
0.01588417628371551
0.01577387924314462
0.01566435524501371
0.015555598815251637
0.015447604518994296
0.01534036696030027
0.015233880781868544
0.015128140664758247
0.015023141328110511
0.014918877528872523
0.014815344061523138
0.014712535757801116
0.01461044748643487
0.014509074152874491
0.01440841069902554
0.014308452102985071
0.014209193378779163
0.014110629576102898
0.014012755780061796
0.013915567110915433
0.013819058723822875
0.013723225808589812
0.013628063589417885
0.013533567324655478
0.013439732306550635
0.013346553861005687
0.013254027347333549
0.013162148158016064
0.013070911718463937
0.01298031348677837
0.012890348953514708
0.01280101364144758
0.012712303105337865
0.012624212931701306
0.012536738738578926
0.012449876175308948
0.012363620922300658
0.012277968690809632
0.012192915222714804
0.012108456290297146
0.012024587696019804
0.011941305272310071
0.01185860488134294
0.011776482414825932
0.011694933793785986
0.011613954968357395
0.01153354191757181
0.011453690649149353
0.011374397199291458
0.011295657632475274
0.011217468041249411
0.011139824546031324
0.0110627232949061
0.010986160463426748
0.010910132254415963
0.010834634897769252
0.010759664650259756
0.010685217795344034
0.01061129064296975
0.01053787952938449
0.010464980816946105
0.01039259089393429
0.010320706174363713
0.010249323097798437
0.010178438129167564
0.010108047758582522
0.010038148501155465
0.009968736896818965
0.009899809510147278
0.009831362930178526
0.009763393770238674
0.009695898667766203
0.009628874284138715
0.009562317304500138
0.009496224437589743
0.009430592415572179
0.009365417993868613
0.009300697950989353
0.009236429088367575
0.009172608230194253
0.009109232223254321
0.009046297936764024
0.008983802262209423
0.008921742113186217
0.008860114425240435
0.008798916155710662
0.008738144283571142
0.00867779580927612
0.008617867754605282
0.008558357162510478
0.008499261096963332
0.008440576642804037
0.008382300905591354
0.008324431011453647
0.008266964106940923
0.008209897358878015
0.008153227954218923
0.00809695309990199
0.008041070022706414
0.007985575969109548
0.007930468205145366
0.007875744016264036
0.007821400707192283
0.0077674356017950405
0.007713846042937858
0.0076606293923505075
0.007607783030491479
0.007555304356413476
0.0075031907876299
0.00745143975998234
0.007400048727508901
0.007349015162313706
0.007298336554437105
0.007248010411726949
0.007198034259710915
0.007148405641469538
0.0070991221175102145
0.007050181265642285
0.007001580680852857
0.006953317975183568
0.00690539077760831
0.006857796733911747
0.006810533506568739
0.006763598774624749
0.006716990233576981
0.006670705595256368
0.006624742587710607
0.006579098955087825
0.006533772457521226
0.006488760871014437
0.006444061987327981
0.006399673613866163
0.00635559357356505
0.006311819704781297
0.006268349861181521
0.006225181911632772
0.006182313740093591
0.006139743245505936
0.0060974683416879435
0.006055486957227355
0.006013797035375775
0.005972396533943704
0.00593128342519637
0.005890455695750164
0.005849911346470008
0.005809648392367373
0.005769664862499018
0.005729958799866541
0.005690528261316576
0.005651371317441761
0.005612486052482381
0.005573870564228827
0.005535522963924613
0.0054974413761702074
0.005459623938827486
0.005422068802924946
0.00538477413256358
0.005347738104823368
0.005310958909670616
0.005274434749865673
0.005238163840871673
0.005202144410763675
0.005166374700138525
0.0051308529620254385
0.005095577461797122
0.005060546477081663
0.005025758297674945
0.004991211225453733
0.004956903574289423
0.004922833669962375
0.004888999850076863
0.004855400463976664
0.004822033872661264
0.004788898448702599
0.00475599257616253
0.0047233146505107175
0.0046908630785433576
0.004658636278302231
0.0046266326789944825
0.004594850720913014
0.004563288855357322
0.004531945544555025
0.004500819261583907
0.004469908490294515
0.004439211725233318
0.004408727471566464
0.004378454245004047
0.0043483905717249015
0.004318534988301983
0.004288886041628288
0.004259442288843267
0.0042302022972598
0.004201164644291676
0.004172327917381646
0.004143690713929912
0.004115251641223219
0.004087009316364411
0.004058962366202479
0.004031109427263148
0.004003449145679939
0.003975980177125797
0.0039487011867450975
0.003921610849086184
0.003894707848034506
0.0038679908767460186
0.0038414586375812836
0.0038151098420398837
0.003788943210695421
0.0037629574731309046
0.0037371513678745977
0.003711523642336461
0.0036860730527448708
0.003660798364083893
0.0036356983500310065
0.0036107717928952933
0.0035860174835559326
0.0035614342214013777
0.003537020814268766
0.0035127760783838207
0.0034886988383012693
0.0034647879268455716
0.0034410421850521265
0.003417460462108921
0.003394041615298584
0.003370784509940825
0.003347688019335329
0.003324751024705041
0.003301972415139886
0.0032793510875408108
0.003256885946564373
0.0032345759045675675
0.0032124198815531575
0.0031904168051154046
0.0031685656103860376
0.0031468652399808676
0.0031253146439465316
0.0031039127797077744
0.003082658612015042
0.003061551112892515
0.003040589261586401
0.003019772044513738
0.00299909845521148
0.0029785674942859218
0.0029581781693625827
0.002937929495036383
0.002917820492822176
0.002897850191105679
0.002878017625094696
0.0028583218367707565
0.0028387618748410464
0.0028193367946907164
0.0028000456583355086
0.002780887534374749
0.0027618614979446655
0.002742966630672033
0.002724202020628146
0.002705566762283165
0.0026870599564607087
0.0026686807102928676
0.0026504281371754696
0.0026323013567236967
0.002614299494728001
0.00259642168311037
0.0025786670598808552
0.002561034769094459
0.0025435239608083264
0.00252613379103918
0.0025088634217211763
0.0024917120206639355
0.002474678761510962
0.0024577628236983236
0.0024409633924136645
0.002424279658555432
0.002407710818692498
0.0023912560750239875
0.0023749146353394283
0.0023586857129791897
0.0023425685267952053
0.0023265623011119456
0.002310666265687728
0.002294879655676226
0.0022792017115883497
0.0022636316792542703
0.0022481688097858946
0.0022328123595393946
0.0022175615900782136
0.002202415768136169
0.0021873741655809124
0.002172436059377657
0.00215760073155307
0.0021428674691595685
0.0021282355642397105
0.0021137043137909794
0.0020992730197307253
0.0020849409888614094
0.002070707532836073
0.0020565719681240654
0.0020425336159770047
0.0020285918023949887
0.002014745858093051
0.002000995118467844
0.00198733892356458
0.001973776618044187
0.001960307551150708
0.001946931076678937
0.001933646552942285
0.0019204533427408673
0.0019073508133298257
0.001894338336387876
0.0018814152879860755
0.0018685810485568324
0.001855835002863094
0.0018431765399678003
0.0018306050532035404
0.001818119940142407
0.0018057206025660967
0.0017934064464361914
0.0017811768818646757
0.0017690313230846661
0.0017569691884213195
0.0017449899002629885
0.0017330928850325502
0.0017212775731589576
0.0017095433990489853
0.0016978898010591842
0.0016863162214680303
0.0016748221064482665
0.0016634069060394595
0.0016520700741207294
0.0016408110683836978
0.001629629350305604
0.0016185243851226253
0.0016074956418034006
0.0015965425930227124
0.0015856647151353811
0.0015748614881503308
0.0015641323957048532
0.0015534769250390387
0.0015428945669704068
0.0015323848158686991
0.0015219471696308658
0.0015115811296562238
0.0015012862008217931
0.0014910618914578144
0.0014809077133234245
0.00147082318158252
0.0014608078147797876
0.0014508611348169108
0.00144098266692893
0.0014311719396607942
0.001421428484844054
0.001411751837573738
0.001402141536185393
0.0013925971222322688
0.0013831181404627049
0.0013737041387976183
0.0013643546683082168
0.0013550692831938147
0.001345847540759852
0.0013366890013960342
0.001327593228554642
0.0013185597887290035
0.0013095882514321013
0.001300678189175354
0.0012918291774475191
0.0012830407946937713
0.001274312622294925
0.0012656442445467837
0.0012570352486396719
0.001248485224638079
0.0012399937654604596
0.0012315604668591902
0.001223184927400649
0.0012148667484454404
0.0012066055341287798
0.0011984008913409813
0.001190252429708123
0.0011821597615728223
0.001174122501975156
0.0011661402686337194
0.0011582126819268143
0.0011503393648737777
0.0011425199431164316
0.0011347540449006713
0.0011270413010581912
0.0011193813449883224
0.0011117738126400177
0.001104218342493957
0.0010967145755447656
0.0010892621552833883
0.0010818607276795633
0.0010745099411644291
0.0010672094466132544
0.0010599588973282939
0.0010527579490217567
0.0010456062597989063
0.0010385034901412731
0.0010314493028899824
0.0010244433632292142
0.001017485338669767
0.0010105748990327425
0.0010037117164333467
0.0009968954652648048
0.000990125822182394
0.0009834024660875771
0.0009767250781122679
0.0009700933416031863
0.0009635069421063444
0.0009569655673516267
0.0009504689072374864
0.0009440166538157561
0.000937608501276546
0.0009312441459332772
0.0009249232862077938
0.0009186456226156
0.0009124108577511895
0.0009062186962734888
0.0009000688448913893
0.0008939610123494015
0.0008878949094133883
0.0008818702488564186
0.0008758867454447088
0.0008699441159236718
0.0008640420790040499
0.0008581803553481737
0.0008523586675562849
0.00084657674015298
0.0008408342995737393
0.000835131074151554
0.0008294667941036463
0.0008238411915182852
0.0008182540003416911
0.0008127049563650456
0.0008071937972115702
0.0008017202623237205
0.0007962840929504549
0.0007908850321346036
0.0007855228247003166
0.0007801972172406047
0.0007749079581049762
0.0007696547973871468
0.0007644374869128477
0.0007592557802277135
0.0007541094325852597
0.0007489982009349416
0.0007439218439102976
0.0007388801218171793
0.0007338727966220632
0.0007288996319404443
0.000723960393025311
0.0007190548467556994
0.0007141827616253431
0.0007093439077313721
0.0007045380567631265
0.0006997649819910251
0.000695024458255525
0.0006903162619561497
0.0006856401710406023
0.0006809959649939519
0.0006763834248278988
0.0006718023330701103
0.0006672524737536343
0.0006627336324063945
0.000658245596040746
0.0006537881531431164
0.0006493610936637122
0.0006449642090063012
0.0006405972920180728
0.000636260136979551
0.000631952539594605
0.0006276742969805034
0.000623425207658063
0.0006192050715418461
0.0006150136899304393
0.0006108508654967986
0.0006067164022786598
0.0006026101056690175
0.0005985317824066727
0.0005944812405668479
0.0005904582895518613
0.000586462740081875
0.0005824944041857042
0.0005785530951916921
0.0005746386277186492
0.0005707508176668525
0.0005668894822091169
0.0005630544397819208
0.0005592455100765968
0.0005554625140305862
0.0005517052738187543
0.0005479736128447645
0.0005442673557325168
0.0005405863283176433
0.0005369303576390649
0.000533299271930606
0.0005296929006126737
0.000526111074283986
0.0005225536247133677
0.0005190203848315957
0.00051551118872331
0.0005120258716189725
0.0005085642698868917
0.000505126221025294
0.0005017115636544614
0.0004983201375089125
0.0004949517834296463
0.0004916063433564439
0.0004882836603202098
0.00048498357843538534
0.00048170594289239797
0.00047845059995018074
0.00047521739692872936
0.00047200618220171814
0.0004688168051891718
0.0004656491163501799
0.00046250296717566795
0.00045937821018121974
0.00045627469889994785
0.00045319228787541474
0.0004501308326546019
0.00044709018978093405
0.00044407021678734526
0.0004410707721893988
0.0004380917154784518
0.0004351329071148714
0.0004321942085212932
0.0004292754820759356
0.000426376591105951
0.00042349739988083006
0.0004206377736058525
0.00041779757841558087
0.000414976681367398
0.00041217495043509793
0.00040939225450251424
0.0004066284633571959
0.0004038834476841242
0.0004011570790594839
0.00039844922994446293
0.0003957597736791088
0.00039308858447622045
0.0003904355374152834
0.00038780050843645504
0.00038518337433457927
0.0003825840127532564
0.00038000230217894164
0.00037743812193509924
0.0003748913521763825
0.0003723618738828672
0.0003698495688543178
0.00036735431970449705
0.00036487600985551385
0.0003624145235322136
0.00035996974575660157
0.00035754156234231525
0.00035512985988912413
0.0003527345257774773
0.00035035544816308314
0.0003479925159715311
0.00034564561889294807
0.0003433146473766932