1
2.3517655991910763e10
8.642525098391558e9
4.2911244534284945e9
2.4276180655579996e9
1.4827065456313417e9
9.540188878146042e8
6.380029920798874e8
4.397358576978458e8
3.1057794552120745e8
2.2384631951562235e8
1.641182711067031e8
1.220997343920043e8
9.19937663820342e7
7.007787765312499e7
5.390097646624567e7
4.181337299385423e7
3.2683063908894826e7
2.5719788129062682e7
2.0363288634804595e7
1.6210826123961318e7
1.2969247256646033e7
1.0422734724131731e7
8.410762474224102e6
6.8128070122924e6
5.537602393230207e6
4.515495661100356e6
3.6929464748844127e6
3.0285281205996512e6
2.4899919913179358e6
2.0520934498392062e6
1.6949682497392988e6
1.4029107728509728e6
1.1634480695927222e6
966633.4201469582
804504.0364130277
670662.3619329033
559951.0555274594
468199.42354690045
392024.6588353919
328675.34948895674
275907.7549304933
231887.60516975133
195111.87064821718
164346.2247375621
138574.88700900844
116960.27151753362
98810.4281558594
83552.6990697593
70712.34764905073
59895.178175715046
50773.36741054131
43073.88849056223
36569.03253575563
31068.631971603005
26413.667612175897
22471.003508745333
19129.04291684685
16294.138154256985
13887.618700232484
11843.32725108557
10105.573873996434
8627.434891975237
7369.336478035186
6297.873760599568
5384.825040384444
4606.327885552007
3942.1897211277524
3375.310311867486
2891.1974564625098
2477.5604271332886
2123.9683327465827
1821.5627609309045
1562.815850489091
1341.3264288207902
1151.6480762182732
989.1439954916482
849.8644086906322
730.4429031756528
628.0087318786892
540.1125577205561
464.6635365982869
399.87597092653226
344.224047779755
296.4034116162258
255.29851911797513
219.95488926183558
189.5555006540673
163.40070481748415
140.89112217152245
121.51306993183935
104.82614060683224
90.4526082921279
78.06838931931995
67.39532547066929
58.19459315484317
50.2610716773517
43.418528893601575
37.515503823785764
32.42178384248199
28.02538934021954
24.22999171672341
20.952701565568802
18.122173250259927
15.676980007341793
13.564220458133088
11.73832314853488
10.16002061939674
8.79546866764236
7.615490000310089
6.594924502547015
5.712070914901264
4.948206911494039
4.287176445208098
3.715034826738597
3.2197433718200323
2.7909066196547996
2.4195461248310313
2.0979056797456326
1.8192835559405183
1.577887978855581
1.3687125866647918
1.187429083179918
1.030294688436448
0.8940723280321838
0.7759617916875041
0.6735403397656596
0.5847114495475019
0.5076605759516766
0.4408169584476514
0.38282064081772627
0.3324939863438817
0.28881707062838263
0.2509064199167967
0.21799663645921696
0.1894245158167858
0.16461531554998438
0.14307088165888568
0.12435937955232784
0.10810641111943639
0.09398732944964942
0.0817205885714877
0.07106198783542007
0.061799689750112526
0.05374990662181994
0.04675316561121436
0.040671074126476824
0.035383518087685015
0.03078623475903818
0.02678870975330725
0.02331235464005125
0.020288927484508845
0.01765916373585189
0.015371589282088505
0.013381491289431348
0.011650025728351875
0.010143443327447831
0.008832418150541402
0.007691465114591935
0.006698434601322968
0.005834073902980226
0.005081646616049377
0.004426602285147571
0.0038562896277600065
0.003359707560690149
0.0029272890197417976
0.0025507132314132324
0.00222274267321871
0.0019370814597229047
0.0016882523249032164
0.001471489747053044
0.0012826470878951144
0.0011181158996224677
0.0009747557980499662
0.0008498335119789818
0.0007409699026102516
0.000646093906155739
0.0005634024909628693
0.0004913258402982604
0.0004284970758879654
0.0003737259274943529
0.0003259758320590477
0.0002843440138445608
0.0002480441559394816
0.00021639132464478742
0.00018878885266416953
0.00016471692557385869
0.00014372264952250812
0.00012541140718132506
0.0001094393342114364
0.00009550677044459226
0.0000833525590228148
0.00007274908329241367
0.00006349794562745001
0.000055426204853126156
0.0000483830997987416
0.00004223719594800738
0.000036873900358434995
0.000032193297153321706
0.00002810826209025707
0.000024542820101241748
0.000021430714387501452
0.000018714159729000853
0.00001634275621449316
0.000014272542682152186
0.000012465171843764352
0.00001088719139952819
9.509417481260272e-6
8.306388528812408e-6
7.25588924215088e-6
6.338535589721442e-6
5.537413018398446e-6
4.83776102407166e-6
4.226698124389955e-6
3.6929820434214538e-6
3.2268005868452393e-6
2.819589268662559e-6
2.463872257528365e-6
2.153123652416941e-6
1.8816464819375518e-6
1.6444671565935123e-6
1.437243395054952e-6
1.2561838996825693e-6
1.0979782779607255e-6
9.597358994062084e-7
8.389325455975541e-7
7.333638574253675e-7
6.411047112870146e-7
5.60473767169025e-7
4.900025284921916e-7
4.284083380791292e-7
3.745708082451167e-7
3.2751124720645763e-7
2.863746999621046e-7
2.504142705926621e-7
2.1897743545831257e-7
1.9149409386692676e-7
1.6746613512534082e-7
1.464583290900706e-7
1.280903719296372e-7
1.1202994026192248e-7
9.798662553973055e-8
8.570663687733452e-8
7.49681747464202e-8
6.55773903883392e-8
5.736485662352322e-8
5.018248519102587e-8
4.390083399814507e-8
3.840675485600645e-8
3.360133855614668e-8
2.939811962263258e-8
2.57215078561779e-8
2.250541796010836e-8
1.9692072180509168e-8
1.7230954072173675e-8
1.507789427710512e-8
1.3194271624805533e-8
1.1546314978339163e-8
1.0104493096366102e-8
8.842981393188291e-9
7.739195886153174e-9
6.773385848540281e-9
5.92827775900821e-9
5.188764075612905e-9
4.541631180603987e-9
3.975321556745708e-9
3.4797258799547513e-9
3.0460012580840155e-9
2.6664123217351487e-9
2.3341922888028958e-9
2.0434214876785244e-9
1.7889211413349717e-9
1.566160491702674e-9
1.371175585903101e-9
1.2004982574726039e-9
1.0510940205552362e-9
9.203077565509608e-10
8.0581621382789e-10
7.055864644221912e-10
6.178395694083656e-10
5.410187987921428e-10
4.737618340753161e-10
4.1487645356622204e-10
3.633192633711635e-10
3.181770919450359e-10
2.786507141031142e-10
2.4404061237347177e-10
2.1373452026341413e-10
1.8719652408995764e-10
1.6395752806577295e-10
1.4360691184676454e-10
1.2578523117987048e-10
1.1017783102801672e-10
9.650925693268543e-11
8.45383646997182e-11
7.405404101982716e-11
6.487145858823412e-11
5.68287988657458e-11
4.9784383999342823e-11
4.361416674512733e-11
3.820953364236664e-11
3.347538228982775e-11
2.932843847557992e-11
2.569578319715867e-11
2.2513563357577035e-11
1.972586320156158e-11
1.7283716424530717e-11
1.514424139576139e-11
1.3269884131965404e-11
1.1627755577519176e-11
1.0189051427307396e-11
8.92854419767836e-12
7.824138536702676e-12
6.856481889816102e-12
6.0086236211520785e-12
5.2657165520474836e-12
4.61475563174229e-12
4.044349114665075e-12
3.5445181956857306e-12
3.106521559633361e-12
2.7227017432362575e-12
2.3863505943290595e-12
2.0915914515882183e-12
1.8332759642353257e-12
1.6068937303679875e-12
1.4084931594580485e-12
1.2346121631373887e-12
1.0822174522072238e-12
9.486513699503534e-13
8.315853250031623e-13
7.289790036228432e-13
6.39044643236914e-13
5.602157384993518e-13
4.91119629286686e-13
4.305534885362442e-13
3.774632877720524e-13
3.309253706446467e-13
2.9013031075947353e-13
2.543687702988225e-13
2.2301911116682995e-13
1.9553654122968714e-13
1.7144360522955797e-13
1.5032185359865397e-13
1.318045431075677e-13
1.155702414153806e-13
1.0133722346864322e-13
8.885856160255374e-14
7.791782337605845e-14
6.832530183811066e-14
5.991471226311712e-14
5.2540297574411516e-14
4.607429183964239e-14
4.0404697497521544e-14
3.5433337472001827e-14
3.1074148144432945e-14
2.7251683371339532e-14
2.3899803429381205e-14
2.096052600477464e-14
1.8383019178880454e-14
1.6122718844608435e-14
1.4140555163406604e-14
1.2402274578080123e-14
1.0877845565997588e-14
9.540937779687472e-15
8.36846550307054e-15
7.34018747409083e-15
6.438356107983159e-15
5.647410017090789e-15
4.953704478122294e-15
4.345275159239614e-15
3.811630998983983e-15
3.343572636920696e-15
2.9330332409065464e-15
2.5729389658411404e-15
2.2570866204759316e-15
1.9800364182976693e-15
1.737017950909858e-15
1.5238477522924893e-15
1.3368570238433439e-15
1.1728282667131896e-15
1.028939722725038e-15
9.0271666081587e-16
7.919886648242969e-16
6.948521826432207e-16
6.096376880794266e-16
5.348808868041139e-16
4.692974679344127e-16
4.117609642782036e-16
3.6128333817393385e-16
3.169979571020713e-16
2.7814466465767703e-16
2.440566887749258e-16
2.1414916091574333e-16
1.8790904782945388e-16
1.6488632194342518e-16
1.446862178811605e-16
1.2696244139661098e-16
1.1141121348810476e-16
9.776604689832003e-17
8.579316486891363e-17
7.528748311954051e-17
6.606908575368014e-17
5.798013432676362e-17
5.0882156793559794e-17
4.4653669611336676e-17
3.918809202667228e-17
3.439191661660741e-17
3.0183104576475667e-17
2.6489678123794093e-17
2.3248485787186397e-17
2.040411933028343e-17
1.7907963674498096e-17
1.571736347672599e-17
1.3794892028028918e-17
1.210770990197544e-17
1.0627002327013134e-17
9.32748561274868e-18
8.186974148736484e-18
7.186000536861556e-18
6.3074823326517916e-18
5.5364296726567325e-18
4.8596887682241045e-18
4.265716862730457e-18
3.7443847902173785e-18
3.2868037477822957e-18
2.8851733101537708e-18
2.5326480798199574e-18
2.223220686166339e-18
1.9516191278314434e-18
1.7132166987445785e-18
1.5039529543096001e-18
1.3202643636634063e-18
1.1590234601295407e-18
1.0174854477668393e-18
8.93241349789374e-19
7.841768968074683e-19
6.884364512397794e-19
6.043913505659597e-19
5.306121278122783e-19
4.658441340907603e-19
4.0898614628744035e-19
3.590715941187832e-19
3.152520856253442e-19
2.7678294951877014e-19
2.4301054731794526e-19
2.133611384951004e-19
1.8733110842290937e-19
1.6447839222496349e-19
1.4441494808450935e-19
1.268001515108212e-19
1.1133499780680514e-19
9.775701379536303e-20
8.583579198251952e-20
7.536907097004889e-20
6.61792952616044e-20
5.811059579399852e-20
5.102613970957767e-20
4.480580418959984e-20
3.934413470011705e-20
3.454855285576791e-20
3.0337783366186933e-20
2.6640473267316048e-20
2.3393979919715514e-20
2.0543307134107358e-20
1.804017131007994e-20
1.584218169031375e-20
1.3912120777755115e-20
1.221731267010635e-20
1.0729068563991958e-20
9.422199995793919e-21
8.274591539881472e-21
7.266825697498655e-21
6.3818535982056576e-21
5.6047059156694856e-21
4.922239084078388e-21
4.322912502194853e-21
3.79659293931424e-21
3.3343828201554892e-21
2.928469471870515e-21
2.5719927728460106e-21
2.2589289558647257e-21
1.9839885928262163e-21
1.7425270292814946e-21
1.530465748619342e-21
1.3442233314598031e-21
1.1806548388263798e-21
1.0369985907591234e-21
9.108294376332555e-22
8.000177317006473e-22
7.026933031513699e-22
6.1721382994692095e-22
5.421370652514888e-22
4.761964517514507e-22
4.1827970962010837e-22
3.674100353317909e-22
3.2272959281489e-22
2.834850173101462e-22
2.4901468642950695e-22
2.1873754287226807e-22
1.9214327955816717e-22
1.6878372102862128e-22
1.4826525523963402e-22
1.3024218766748716e-22
1.1441090527337771e-22
1.0050475159106398e-22
8.828952624519457e-23
7.755953278182303e-23
6.81341079760722e-23
5.985457393259898e-23
5.2581561450689454e-23
4.619265940890752e-23
4.0580350440798917e-23
3.56501980167772e-23
3.131925430012368e-23
2.7514661879123044e-23
2.4172425756034338e-23
2.123633485242261e-23
1.865701481815697e-23
1.6391096150924477e-23
1.440048358203633e-23
1.2651714395615069e-23
1.1115394850939629e-23
9.765705197231302e-24
8.579964928829567e-24
7.538250946150359e-24
6.623062181257489e-24
5.819025031435749e-24
5.112634633103734e-24
4.492027613404961e-24
3.946782488099406e-24
3.467744340932527e-24
3.0468708293732692e-24
2.6770969214162316e-24
2.3522160841179685e-24
2.0667759220252907e-24
1.815986507344235e-24
1.5956398577105589e-24
1.4020392053721696e-24
1.2319368666564028e-24
1.0824796655587441e-24
9.511609926028367e-25
8.357786919346199e-25
7.343980678141208e-25
6.453193879146846e-25
5.670493365873364e-25
4.982759377758231e-25
4.378465256986245e-25
3.847483927337256e-25
3.380917890159799e-25
2.9709498784605254e-25
2.61071165781705e-25
2.2941687682325195e-25
2.0160192693017726e-25
1.7716047866759092e-25
1.5568323647655121e-25
1.368105812401485e-25
1.2022653878402903e-25
1.0565348097475527e-25
9.284747039842277e-26
8.159417042276208e-26
7.170525195088869e-26
6.301523652396739e-26
5.537872276396694e-26
4.866794958988227e-26
4.2770655299755903e-26
3.758819658181172e-26
3.3033895884690346e-26
2.9031589412646323e-26
2.551435138117459e-26
2.24233731285871e-26
1.9706978279348304e-26
1.7319757439253279e-26
1.5221807909210036e-26
1.3378065667216432e-26
1.1757718416751594e-26
1.033368986026135e-26
9.082186551588273e-27
7.982299731162414e-27
7.015655470182089e-27
6.166107260373555e-27
5.4194658978430345e-27
4.76326213498611e-27
4.186538123904112e-27
3.679664157526937e-27
3.234177638763667e-27
2.8426415806197798e-27
2.4985202675892963e-27
2.1960699962492704e-27
1.930243065680078e-27
1.6966034103509735e-27
1.4912524631720457e-27
1.3107640077950037e-27
1.1521269298218237e-27
1.0126949088789518e-27
8.901422097547371e-28
7.824248329292451e-28
6.877463745615031e-28
6.045280248445323e-28
5.313822029155624e-28
4.670893873789605e-28
4.105777549834726e-28
3.6090528698968996e-28
3.1724404405613186e-28
2.7886634675497018e-28
2.451326307092479e-28
2.1548077335671525e-28
1.8941671396044786e-28
1.6650621011560797e-28
1.4636759300739337e-28
1.2866540037569278e-28
1.1310478081696268e-28
9.942657594906934e-29
8.740299829625117e-29
7.683383270864484e-29
6.754309788068553e-29
5.937611222159996e-29
5.219691508784514e-29
4.588600032478978e-29
4.0338324282539685e-29
3.546155505587259e-29
3.1174533727488466e-29
2.740592193459327e-29
2.4093013190451236e-29
2.118068812700169e-29
1.8620496227672196e-29
1.6369848731314023e-29
1.4391309244047106e-29
1.2651970226758622e-29
1.1122904959314628e-29
9.778685842177875e-30
8.596961003128775e-30
7.55808214966075e-30
6.644777462623666e-30
5.841864078104609e-30
5.135995364918679e-30
4.515438785465197e-30
3.969880637781509e-30
3.49025442491717e-30
3.06858999174147e-30
2.697880915567583e-30
2.3719679413076135e-30
2.0854365193464835e-30
1.833526739403598e-30
1.6120541602641337e-30
1.4173402168547542e-30
1.2461510457427418e-30
1.0956437104160232e-30
9.633189309953107e-31
8.469795313957004e-31
7.4469391220140775e-31
6.547639412328095e-31