1
2.405274989117628e10
9.040299465427803e9
4.545460189390819e9
2.5796095075001683e9
1.56663854975773e9
9.94255897169697e8
6.510565460476761e8
4.3653349981629556e8
2.982239767711253e8
2.0687569021487853e8
1.4536031440703663e8
1.032635410496702e8
7.40610623972918e7
5.3564799873757504e7
3.9031324263887584e7
2.8632421943886306e7
2.1131648116832554e7
1.5681937697782902e7
1.1696350465556683e7
8.764051470862918e6
6.594845351206838e6
4.9820574546175655e6
3.7773890897203023e6
2.8736970398898297e6
2.1930828567320774e6
1.6785802087173017e6
1.2883053455776074e6
991309.502045377
764617.3832464096
591098.7711923922
457929.61471362226
355473.0533248823
276461.48953246867
215395.76040862154
168101.73812718038
131401.68444925558
102869.66194398428
80648.80029048245
63314.27792680423
49770.229237756226
39171.92559881487
30866.8539498331
24349.974260171326
19229.650418125697
15201.640752521138
12029.192449014352
9527.771652112473
7553.323568638117
5993.2274068488605
4759.313522419155
3782.462263998491
3008.4186125342767
2394.5432932760386
1907.2866365986238
1520.2212910809114
1212.5078355433047
967.696299382745
772.788758545826
617.5051634853944
493.70760838057373
394.948299638099
316.1142323837338
253.14757272019227
202.8253794293815
162.5858932544513
130.3914133254674
104.61995141750252
83.97954587629808
67.4404361833416
54.181329485563126
43.54679625173676
35.01346324860879
28.163166768367827
22.66161737065794
18.24143255176317
14.688633795675281
11.831893482796103
9.533966124602856
7.684855946056209
6.196365671672782
4.997744749484585
4.032213297052474
3.254184015549967
2.6270407381527363
2.121361160846753
1.713494224845534
1.384420823555404
1.1188409745012804
0.9044421025366015
0.7313122373090575
0.5914692196806675
0.4784828220419961
0.38717132000617693
0.3133577486905913
0.25367402681760476
0.20540348795139704
0.16635424092314133
0.13475728676328586
0.10918452354491553
0.08848273418176264
0.07172042380238534
0.05814499140546195
0.04714821584996749
0.038238433395086285
0.031018102577565623
0.02516570785641631
0.020421158681330296
0.016574005459994122
0.013453926317896577
0.010923044971800026
0.008869725607725754
0.007203559478620268
0.005851313312194462
0.004753654189106666
0.0038625014362537137
0.003138884981306761
0.0025512128991646526
0.0020738696461535923
0.0016860816053738288
0.0013709987653553561
0.0011149511940430749
0.0009068469094973378
0.0007376841564210483
0.0006001562706007761
0.0004883314906248466
0.00039739345035170965
0.0003234308116696544
0.00026326670013141564
0.0002143203868496568
0.00017449509987550255
0.0001420870127106725
0.00011571139952113496
0.000094242708718774
0.00007676592332293355
0.00006253707573736472
0.0000509511887602628
0.000041516241948105594
0.00003383202755547117
0.000027572975037139152
0.000022474197118014737
0.000018320151468222416
0.000014935426340040822
0.000012177251207074059
9.929408602651242e-6
8.097284309409674e-6
6.603842497660957e-6
5.386352526599616e-6
4.393726675448192e-6
3.5843544916655766e-6
2.9243408893793764e-6
2.3860725425015664e-6
1.9470512548787937e-6
1.5889444715328928e-6
1.2968124210398782e-6
1.0584789552660136e-6
8.640193082632223e-7
7.053429982280138e-7
5.758541617843093e-7
4.7017491435562505e-7
3.8392001681893656e-7
3.135133128880032e-7
2.5603817786921696e-7
2.0911566399427843e-7
1.708052025350573e-7
1.395236787714082e-7
1.1397947357996577e-7
9.311869823001662e-8
7.608136396498109e-8
6.216564710406151e-8
5.079875159360016e-8
4.151314870485552e-8
3.392719973175047e-8
2.772935169921622e-8
2.266524606682992e-8
1.8527202562136333e-8
1.514563977649051e-8
1.2382075212651773e-8
1.0123413512988906e-8
8.277285407743882e-9
6.7682437734424e-9
5.534658929406995e-9
4.5261844293044146e-9
3.7016883492702887e-9
3.0275644315809336e-9
2.4763532252147744e-9
2.025616233460326e-9
1.6570165728419276e-9
1.3555682060526536e-9
1.1090227919976904e-9
9.073688899307586e-10
7.424228995434717e-10
6.074949083391881e-10
4.971157094912061e-10
4.068137762893523e-10
3.3293303809481053e-10
2.7248398296080384e-10
2.23021983463703e-10
1.8254786168814826e-10
1.4942662309675024e-10
1.2232103501652733e-10
1.0013733454652484e-10
8.198084800638668e-11
6.711971014125748e-11
5.4955202931497e-11
4.499750470023375e-11
3.684586142683429e-11
3.0172372867279346e-11
2.4708733686787684e-11
2.023539039365995e-11
1.657267337967937e-11
1.3573543865549577e-11
1.1117661321610205e-11
9.106530680534043e-12
7.45953258147476e-12
6.11067578217297e-12
5.005940215272962e-12
4.101103146941282e-12
3.3599604995223925e-12
2.7528714257379725e-12
2.2555673236651267e-12
1.8481771936045367e-12
1.5144299964412665e-12
1.2410018348619903e-12
1.016981635271874e-12
8.334337976370933e-13
6.830401974307613e-13
5.598071274907996e-13
4.588253879640854e-13
3.7607387592681276e-13
3.0825877964914005e-13
2.5268191686878453e-13
2.0713292994916205e-13
1.698010109253595e-13
1.3920261502877395e-13
1.141222640927813e-13
9.356406725420042e-14
7.67120168238519e-14
6.289746948069611e-14
5.157251126094536e-14
4.2288140792431747e-14
3.467639837608848e-14
2.843572662128623e-14
2.3318977765520653e-14
1.912358875972637e-14
1.5683531939730488e-14
1.2862720119031889e-14
1.0549603081628364e-14
8.652740061121139e-15
7.097171774846763e-15
5.821447503384806e-15
4.775188846624919e-15
3.917093195479649e-15
3.2132974910188237e-15
2.6360372024044652e-15
2.1625472163149176e-15
1.7741609641355846e-15
1.4555720043288355e-15
1.1942287415197913e-15
9.798382592316918e-16
8.039595813672782e-16
6.59670231647352e-16
5.412928721093189e-16
4.44171187584404e-16
3.6448613793594454e-16
2.9910530166107626e-16
2.454593470460462e-16
2.0144074268933519e-16
1.6532070068122166e-16
1.3568106812558755e-16
1.1135847474094116e-16
9.139852952056744e-17
7.501825715020927e-17
6.157529087511409e-17
5.0542605721669595e-17
4.148779501902556e-17
3.405607272437165e-17
2.795633125388387e-17
2.2949705196064574e-17
1.8840190218124254e-17
1.5466947588915615e-17
1.2697991246214843e-17
1.0425008864798722e-17
8.559113092837462e-18
7.027355786480951e-18
5.769868136089399e-18
4.7375142308893315e-18
3.889965826232139e-18
3.194122657818202e-18
2.6228162450294558e-18
2.153746277721726e-18
1.7686078276030695e-18
1.4523751275331663e-18
1.1927138156082704e-18
9.794985883607097e-19
8.044173477420803e-19
6.606463229088898e-19
5.425834339653897e-19
4.456294504469084e-19
3.6600837241788023e-19
3.00620000398368e-19
2.4691892243711264e-19
2.0281518215196368e-19
1.6659274116972028e-19
1.3684254650856253e-19
1.1240758544690181e-19
9.233777977989248e-20
7.585295650904318e-20
6.231244806014061e-20
5.11901344828903e-20
4.20539529273689e-20
3.454907436531618e-20
2.8384090877232555e-20
2.331967447831867e-20
1.9159265017894906e-20
1.5741423940931502e-20
1.2933555750663644e-20
1.0626752404919822e-20
8.731559705748763e-21
7.174500717227955e-21
5.895220777390225e-21
4.844142911998389e-21
3.980542358299092e-21
3.2709652438014766e-21
2.687929876996518e-21
2.208860117752352e-21
1.8152093349631234e-21
1.491740880891812e-21
1.225937105272918e-21
1.0075139354573074e-21
8.280221569100325e-22
6.805199014635444e-22
5.593036204325588e-22
4.596870940028331e-22
3.778198958672735e-22
3.1053826567887087e-22
2.552426012716923e-22
2.0979681682338316e-22
1.7244566247038876e-22
1.417467984076122e-22
1.165149893575493e-22
9.577625577242579e-23
7.873020454066212e-23
6.471907933595791e-23
5.320233141499156e-23
4.3735725772523887e-23
3.5954173422651284e-23
2.955762502612881e-23
2.4299479738290407e-23
1.9977060619063744e-23
1.6423788011011907e-23
1.3502748061816233e-23
1.1101407597195114e-23
9.127270935769135e-24
7.504310701020677e-24
6.17003464176547e-24
5.073075083277478e-24
4.17120785068593e-24
3.4297241183545885e-24
2.8200922875327473e-24
2.3188582085351997e-24
1.9067412775306537e-24
1.5678915085945944e-24
1.2892789022017638e-24
1.0601915426504336e-24
8.718230568927953e-25
7.169335184484897e-25
5.895707160496738e-25
4.8484103712522e-25
3.987211313225928e-25
3.2790309305136543e-25
2.696671953635047e-25
2.2177727036030016e-25
1.8239470481492913e-25
1.5000773757796643e-25
1.2337333532658057e-25
1.0146940811727588e-25
8.345552473429382e-26
6.864061538013506e-26
5.645641847695406e-26
4.6435649629727445e-26
3.8194052683968215e-26
3.1415642310373415e-26
2.5840570433634306e-26
2.1255149832572629e-26
1.7483651269209337e-26
1.4381558756795402e-26
1.1830023682431583e-26
9.731304621219194e-27
8.005017593308538e-27
6.585052683616745e-27
5.417038567098179e-27
4.4562575472053396e-27
3.6659310327924465e-27
3.0158096159878482e-27
2.4810136185961147e-27
2.041079597925369e-27
1.6791762149206296e-27
1.381459372559131e-27
1.1365418808903423e-27
9.350573026120546e-28
7.6930124878867e-28
6.329363672734315e-28
5.2074971089318995e-28
4.284531824596299e-28
3.525194064380825e-28
2.9004673614669894e-28
2.3864822289210785e-28
1.9636029240382863e-28
1.6156762960569103e-28
1.329413941792926e-28
1.0938840039322012e-28
9.000931491143287e-29
7.406427188623244e-29
6.094458884953043e-29
5.0149500647008436e-29
4.126702088119599e-29
3.395819841557064e-29
2.794416650633667e-29
2.29954890577042e-29
1.8923396440606272e-29
1.557257564562289e-29
1.281523903118765e-29
1.0546244858136501e-29
8.679083046473909e-30
7.142572691973714e-30
5.87814510710131e-30
4.837608545715976e-30
3.9813091918448514e-30
3.276618144956452e-30
2.696686597785382e-30
2.2194216550441448e-30
1.8266436747580415e-30
1.5033929512606051e-30
1.2373592655752217e-30
1.018412523344737e-30
8.382165622585806e-31
6.899113877938284e-31
5.678517095429622e-31
4.673918003941824e-31
3.84708469572054e-31
3.16655395661439e-31
2.6064326285253515e-31
2.145411285166421e-31
1.7659526049104222e-31
1.4536234907984831e-31
1.1965454723654131e-31
9.849424363600874e-32
8.107684460591859e-32
6.674014634893373e-32
5.493913021376061e-32