1
1.6784081158249172e10
4.401887388763537e9
1.9548431078453577e9
1.0959932260620003e9
6.99043799403983e8
4.8378840215423846e8
3.54221786636027e8
2.702743050747993e8
2.128203216703823e8
1.7179538475164577e8
1.414944802202373e8
1.1848837552553876e8
1.0061550468653116e8
8.645874230561803e7
7.505780087120287e7
6.574333777277068e7
5.803730500796096e7
5.159093923974341e7
4.614499529310286e7
4.150354360621219e7
3.751629495343205e7
3.4066422591988645e7
3.106201164930089e7
2.8429951910102095e7
2.611150766672239e7
2.4059058403621245e7
2.223366971211983e7
2.0603261298044953e7
1.9141210161512814e7
1.7825274710154552e7
1.6636758266616408e7
1.55598529978747e7
1.4581121144932425e7
1.3689081685328385e7
1.2873878644217463e7
1.2127013137999587e7
1.1441125537350826e7
1.0809817321319707e7
1.0227504572303763e7
9.689296852357078e6
9.190896560172295e6
8.728514907015577e6
8.298801449813408e6
7.898784739606828e6
7.525822133236037e6
7.177557153401373e6
6.851883208878763e6
6.546912511968549e6
6.260949432930548e6
5.992467555007354e6
5.740089858981273e6
5.50257155919364e6
5.278785193526953e6
5.067707635617703e6
4.8684087514680335e6
4.680041466970682e6
4.50183304948347e6
4.333077436941542e6
4.1731284732376593e6
4.0213939296639552e6
3.8773302098405035e6
3.740437650362089e6
3.6102563418645044e6
3.4863624057447063e6
3.368364670690978e6
3.2559017007568637e6
3.148639133165116e6
3.04626728953681e6
2.948499028955069e6
2.855067815317129e6
2.7657259749058723e6
2.6802431231085774e6
2.598404741798679e6
2.5200108911360963e6
2.4448750414841827e6
2.3728230128292115e6
2.303692010557898e6
2.2373297477303604e6
2.173593645106143e6
2.112350101161641e6
2.0534738251973342e6
1.996847227388742e6
1.9423598602998375e6
1.8899079072467126e6
1.8393937114312665e6
1.790725346186646e6
1.7438162171244568e6
1.6985846973046532e6
1.6549537908752135e6
1.61285082291275e6
1.5722071531612538e6
1.5329579115911482e6
1.4950417539016127e6
1.4584006352686796e6
1.4229796008022353e6
1.3887265913189838e6
1.3555922631675925e6
1.3235298209581827e6
1.292494862152638e6
1.2624452325660354e6
1.23334089191414e6
1.2051437886181504e6
1.1778177431468423e6
1.1513283392385032e6
1.125642822401449e6
1.1007300051429365e6
1.0765601784225786e6
1.0531050288683772e6
1.0303375613316334e6
1.0082320263916716e6
986763.8524528929
965909.5821054084
945646.8124467004
925954.1390856748
906811.1035722911
888198.1440158916
870096.5486736126
852488.4123069297
835356.595119702
818684.684105089
802456.9566415645
786658.3461900745
771274.4099552089
756291.2983832468
741695.7263790846
727474.9461325201
713616.7214521287
700109.3035121389
686941.4079243391
674102.1930531397
661581.2394975452
649368.5306690334
637454.4343991171
625829.6855148455
614485.3693246256
603412.9059605631
592604.0355270734
582050.8040087852
571745.549893836
561680.8914714555
551849.714765398
542245.1620672034
532860.621035557
523689.7143301218
514726.289750199
505964.4108503928
497398.3480071769
489022.5699118444
480831.73546681553
472820.68606366
464984.43822248915
457318.17657357885
449817.24716321955
442477.15106683935
435293.53829344205
428262.2019663214
421379.07276587916
414640.21362118935
408041.8146377059
401580.18824922293
395251.76458287373
389053.08702656266
382980.80798883183
377031.6848417065
371202.5760375738
365490.4373916573
359892.31852208445
354405.35943999153
349026.7872825049
343753.9131818254
338584.129263997
333514.9057712771
328543.7883023504
323668.3951649233
318886.4148355166
314195.6035215443
309593.7828210181
305078.8374754481
300648.7132117462
296301.4146691319
292035.00340725976
287847.595991961
283737.3621551773
279702.5230258325
275741.34942854656
271852.16024724435
268033.32085086126
264283.2415784751
260600.376281326
256983.22091930534
253430.3122096135
249940.22632538484
246511.57764219618
243143.01753045898
239833.2331917948
236580.94653758386
233384.91310795225
230243.9210295501
227156.7900105437
224122.3703713179
221139.5421094526
218207.21399760063
215324.32271295856
212489.83199707448
209702.73184480032
206962.03772124115
204266.78980560883
201616.0522609335
199008.91252863134
196444.48064697278
193921.88859253246
191440.2896437448
188998.8577657255
186596.78701555365
184233.2909672456
181907.60215568144
179618.97153877746
177366.66797722786
175149.97773116268
172968.20397310518
170820.6663166254
168706.70036012202
166625.6572451784
164576.90322897118
162559.81927021954
160573.80062819668
158618.25647432866
156692.6095159416
154796.29563172234
152928.7635184807
151089.47434881816
149277.90143932006
147493.5299289068
145735.8564669906
144004.3889111014
142298.6460336543
140618.15723754678
138962.46228028584
137331.11100635413
135723.66308753638
134139.68777094028
132578.76363445126
131040.47834937462
129524.42845002587
128030.21911003825
126557.46392516649
125105.78470237362
123674.8112549946
122264.18120377821
120873.53978361857
119502.53965578818
118150.8407255009
116818.10996462694
115504.0212394019
114208.25514296566
112930.49883258069
111670.44587138068
110427.79607450799
109202.25535950018
107993.53560079492
106801.35448822414
105625.43538937421
104465.50721569081
103321.30429221655
102192.56623084637
101079.03780699577
99980.46883957666
98896.61407418086
97827.23306937436
96772.09008600817
95730.95397945623
94703.59809469125
93689.80016411617
92689.34220806688
91702.01043790892
90727.59516165154
89765.89069200438
88816.69525680548
87879.81091175236
86955.04345536811
86042.20234613799
85141.10062175471
84251.55482040995
83373.38490407595
82506.41418371782
81650.46924638345
80805.37988411626
79970.97902464085
79147.10266377003
78333.58979948564
77530.28236764665
76737.02517927818
75953.66585939811
75180.05478733884
74416.04503852213
73661.49232764781
72916.25495325685
72180.19374363216
71453.17200399937
70735.05546499325
70025.71223235501
69325.01273782783
68632.82969121718
67949.03803358607
67273.51489155393
66606.13953267007
65946.79332183291
65295.35967872798
64651.724036256404
64015.77379992982
63387.39830820392
62766.488793728255
62152.93834548718
61546.64187180903
60947.49606422134
60355.399362129756
59770.25191829949
59191.955565119504
58620.41378162794
58055.53166128088
57497.215880444455
56945.37466759199
56399.917773189685
55860.7564402515
55327.80337554763
54800.9727214502
54280.18002839956
53765.34222797673
53256.3776065656
52753.20577959157
52255.74766632181
51763.92546521287
51277.66262979368
50796.883845067714
50321.51500442699
49851.48318705919
49386.716635840465
48927.14473570042
48472.69799244773
48023.30801204632
47578.907480330025
47139.43014314627
46704.8107869181
46274.98521961427
45849.89025211874
45429.4636799888
45013.644265593735
44602.37172062454
44195.58668896605
43793.23072992322
43395.24630179289
43001.57674577342
42612.16627020412
42226.959935126826
41845.90363716231
41468.94409469431
41096.028833353645
40727.10617179659
40362.125207769444
40001.03580445372
39643.78857708569
39290.334879842936
38940.62679299347
38594.617110299936
38252.25932667464
37913.50762607827
37578.31686965839
37246.64258412106
36918.440950331315
36593.66879213687
36272.2835654103
35954.243347305186
35639.50682572079
35328.03328897141
35019.78261565555
34714.71526472069
34412.79226571918
34113.9752092515
33818.22623759235
33525.508035496096
33235.78382117728
32949.017337462654
32665.17284311124
32384.21510429815
32106.109386259694
31830.821445095335
31558.317519723754
31288.56432398972
31021.529038918183
30757.17930511319
30495.483215297678
30236.409306992104
29979.92655532822
29726.004365995897
29474.612568319408
29225.721408461435
28979.30154275118
28735.324031134827
28493.760330745303
28254.582289589223
28017.76214034823
27783.27249429288
27551.086335306383
27321.177014016106
27093.51824203062
26868.08408628022
26644.84896345871
26423.78763456453
26204.87519953919
25988.087092000853
25773.3990740716
25560.787231296057
25350.227967649796
25141.698000635693
24935.174356466534
24730.634365331953
24528.055656748365
24327.416154989933
24128.694074599185
23931.867915975774
23736.916461041485
23543.818768980473
23352.55417205289
23163.10227148074
22975.442933404345
22789.556284908205
22605.422710114864
22423.02284634544
22242.33758034563
22063.348044575723
21886.035613563734
21710.381900320128
21536.368752813094
21363.978250503253
21193.192700936706
21023.994636395084
20856.366810601772
20690.29219548321
20525.753977984095
20362.735556935622
20201.220539975653
20041.192740519982
19882.636174783594
19725.535058851106
19569.873805795352
19415.63702284344
19262.80950858904
19111.376250250512
18961.322420973618
18812.633377178165
18665.294655947968
18519.291972462834
18374.61121747247
18231.23845481086
18089.159918950943
17948.3620125986
17808.831304325107
17670.55452623771
17533.51857168736
17397.710493013026
17263.117499321896
17129.726954304962
16997.526374087134
16866.50342511141
16736.64592205651
16607.941825787282
16480.379241337454
16353.946415923863
16228.631736992025
16104.423730292145
15981.311057985109
15859.282516778154
15738.32703608936
15618.433676240627
15499.591626678812
15381.790204224115
15265.018851345667
15149.267134463511
15034.524742276863
14920.781484117826
14808.027288330433
14696.252200674318
14585.446382752874
14475.600110465193
14366.703772481687
14258.747868742606
14151.723008979403
14045.619911258407
13940.429400546474
13836.142407298163
13732.749966064095
13630.243214120304
13528.613390117927
13427.8518327532
13327.949979457177
13228.899365104926
13130.69162074401
13033.31847234172
12936.77173955077
12841.043334493395
12746.125260563223
12652.009611244817
12558.688568950576
12466.154403874601
12374.399472863453
12283.416218303284
12193.197167023234
12103.73492921477
12015.022197366803
11927.051745216075
11839.816426712883
11753.309175001663
11667.523001416284
11582.450994489904
11498.086318978812
11414.422214900524
11331.451996585467
11249.169051742381
11167.566840536818
11086.638894683063
11006.378816548633
10926.780278271808
10847.837020891358
10769.542853488798
10691.891652342654
10614.877360094635
10538.493984927576
10462.73559975489
10387.596341421375
10313.070409915257
10239.152067591147
10165.835638403925
10093.115507153214
10020.98611873842
9949.441977424016
9878.477646115094
9808.087745642872
9738.266954060071
9669.010005946015
9600.311691721261
9532.166856971686
9464.570401781753
9397.517280077023
9331.002498975511
9265.021118148004
9199.568249187012
9134.63905498433
9070.228749112399
9006.33259523706
8942.945906492581
8880.064044910428
8817.68242083836
8755.796492346539
8694.40176469174
8633.493789739012
8573.06816541575
8513.120535168164
8453.646587425046
8394.642055068642
8336.10271491252
8278.024387186502
8220.402935028274
8163.234263981844
8106.514321502562
8050.239096468685
7994.4046186994065
7939.0069584791745
7884.042226088299
7829.50657133969
7775.396183121671
7721.70728894676
7668.436154506324
7615.579083231096
7563.132415857317
7511.092529998575
7459.4558397231895
7408.218795137051
7357.377881971835
7306.929621178585
7256.870568526484
7207.197314206803
7157.90648244193
7108.994731099436
7060.458751311044
7012.295267096499
6964.501034992247
6917.072843684788
6870.007513648785
6823.301896789693
6776.952876090956
6730.957365265669
6685.31230841265
6640.014679676834
6595.061482914002
6550.449751359632
6506.1765473020305
6462.238961759476
6418.634114161473
6375.359152033928
6332.411250688326
6289.787612914741
6247.485468678683
6205.502074821728
6163.834714765841
6122.480698221391
6081.437360898771
6040.702064223572
6000.272195055308
5960.145165409545
5920.318412183546
5880.7893968852
5841.555605365299
5802.614547553145
5763.963757195335
5725.6007915977625
5687.523231370764
5649.728680177368
5612.214764484632
5574.979133317938
5538.019458018351
5501.333432002841
5464.918770527461
5428.7732104533625
5392.894510015622
5357.28044859487
5321.928826491669
5286.837464703587
5252.004204704954
5217.426908229241
5183.103457054069
5149.031752788764
5115.209716664457
5081.635289326656
5048.306430630339
5015.22111943741
4982.377353416643
4949.7731488458885
4917.406540416719
4885.27558104132
4853.37834166169
4821.712911061069
4790.277395677542
4759.069919419974
4728.088623485935
4697.331666181848
4666.797222745236
4636.483485169007
4606.38866202783
4576.510978306513
4546.8486752303725
4517.400010097579
4488.163256113466
4459.136702226707
4430.318652967454
4401.7074282872845
4373.301363401045
4345.098808630475
4317.098129249654
4289.29770533223
4261.695931600361
4234.291217275462
4207.081985930556
4180.066675344418
4153.243737357314
4126.611637728398
4100.1688559947615
4073.9138853320437
4047.845232416651
4021.961417289532
3996.260973221486
3970.742446580015
3945.404396697654
3920.2453957417947
3895.2640285860066
3870.458892682739
3845.8285979375223
3821.371766584528
3797.087033063556
3772.9730438983934
3749.028457576511
3725.251944430119
3701.6421865185685
3678.197877512001
3654.9177225763783
3631.8004382596982
3608.8447523795467
3586.049403911834
3563.413142880826
3540.9347302503293
3518.6129378161086
3496.4465480994872
3474.4343542421084
3452.575159901873
3430.8677791499913
3409.311036369189
3387.903766153003
3366.6448132062073
3345.5330322463024
3324.567287906085
3303.7464546372985
3283.0694166152957
3262.535067644763
3242.1423110664655
3221.8900596650046
3201.777235577547
3181.80277020359
3161.9656041156572
3142.264686970976
3122.6989774241024
3103.267443040502
3083.9690602110218
3064.8028140673305
3045.7676983982146
3026.8627155668128
3008.0868764287034
2989.439200250899
2970.91871463166
2952.524455421216
2934.2554666432884
2916.1108004174675
2898.0895168824154
2880.1906841198625
2862.4133780794373
2844.7566825042695
2827.219688857399
2809.801496248925
2792.5012113639764
2775.3179483913955
2758.250828953188
2741.298982034721
2724.4615439156414
2707.7376581015196
2691.126475256221
2674.6271531349666
2658.238856518101
2641.9607571455654
2625.792033652015
2609.7318715026586
2593.7794629297246
2577.9340068696138
2562.1947089006862
2546.560781181711
2531.0314423909304
2515.60591766576
2500.283438543138
2485.0632429004418
2469.9445748970534
2454.9266849165033
2440.00882950922
2425.1902713358654
2410.470279111235
2395.848127548761
2381.3230973055556
2366.894474928044
2352.561552798109
2338.3236290798422
2324.1800076667787
2310.1299981297134
2296.172915665019
2282.308081043505
2268.53482055979
2254.8524659821733
2241.2603545030397
2227.757828689743
2214.344236435991
2201.018930913724
2187.781270525479
2174.6306188572203
2161.566344631665
2148.587821662049
2135.694428806387
2122.885549922166
2110.1605738215003
2097.5188942267405
2084.9599097265213
2072.483023732233
2060.0876444349487
2047.7731847627724
2035.5390623386022
2023.3846994383216
2011.3095229494024
1999.3129643299117
1987.3944595679463
1975.5534491414264
1963.789377978339
1952.1016954173197
1940.4898551686626
1928.9533152757022
1917.4915380765592
1906.103990166286
1894.7901423593642
1883.5494696525793
1872.381451188262
1861.2855702178715
1850.2613140659557
1839.3081740944472
1828.4256456673163
1817.6132281155624
1806.8704247025494
1796.1967425896744
1785.591692802373
1775.0547901964521
1764.5855534247444
1754.1835049041001
1743.8481707826704
1733.579080907541
1723.375768792651
1713.237771587027
1703.164630043333
1693.1558884867068
1683.2110947839146
1673.3298003127743
1663.5115599319047
1653.755931950738
1644.0624780998285
1634.4307635014502
1624.8603566404624
1615.3508293354625
1605.9017567102176
1596.5127171653469
1587.1832923503048
1577.9130671355965
1568.701629585283
1559.548570929732
1550.453485538635
1541.4159708942695
1532.4356275650307
1523.5120591791879
1514.6448723989124
1505.83367689454
1497.0780853190681
1488.3777132829073
1479.732179328858
1471.1411049073313
1462.6041143517916
1454.1208348544326
1445.6908964420923
1437.3139319523693
1428.989577009991
1420.7174700033715
1412.4972520614165
1404.3285670305195
1396.211061451791
1388.144384538486
1380.1281881536506
1372.162126787964
1364.2458575377973
1356.3790400834719
1348.5613366677119
1340.792412074308
1333.071933606962
1325.3995710683462
1317.7749967393324
1310.1978853584337
1302.6679141014195
1295.1847625611258
1287.7481127274514
1280.3576489675254
1273.0130580060732
1265.7140289059525
1258.4602530488598
1251.2514241162346
1244.0872380703163
1236.9673931353796
1229.8915897791499
1222.859530694377
1215.8709207805755
1208.9254671259419
1202.0228789894231
1195.162867782958
1188.3451470538669
1181.5694324674157
1174.835441789525
1168.1428948696384
1161.4915136237487
1154.8810220175756
1148.311146049893
1141.7816137360053
1135.2921550913682
1128.8425021153807
1122.4323887752787
1116.0615509902161
1109.729726615461
1103.436655426746
1097.1820791047467
1090.9657412197212
1084.787387216252
1078.6467643981582
1072.5436219135167
1066.4777107398372
1060.4487836693477
1054.4565952944256
1048.5009019931576
1042.5814619150156
1036.6980349666674
1030.8503827979216
1025.0382687877818
1019.261458030618
1013.5197173224939
1007.8128151475739
1002.1405216646779
996.5026086939383
990.8988497035816
985.3290197968288
979.7928956988981
974.290255744138
968.8208798632602
963.3845495706877
957.9810479520181
952.6101596515912
947.2716708601648
941.965369302698
936.6910442262515
931.4484863879711
926.2374880431973
921.0578429336647
915.909346275813
910.7917947491903
905.7049864849616
900.6487210545206
895.6227994581889
890.6270241140235
885.6611988467218
880.7251288766038
875.8186208087149
870.9414826220067
866.093523658612
861.2745546132192
856.4843875225282
851.7228357548015
846.9897139995119
842.2848382570644
837.6080258286163
832.9590953059819
828.3378665280495
823.7441607387151
819.1778002413361
814.6386087246751
810.1264110853836
805.6410334519767
801.1823031753217
796.7500488192184
792.3441001510416
787.964288132482
783.6104449103439
779.2824038074403
774.979999313558
770.7030670764917
766.4514438931656
762.2249677008235
758.0234775682915
753.846813687321
749.6948173639937
745.5673310102148
741.4641981352603
737.3852633374049
733.3303722956223
729.2993717613458
725.2921095503063
721.3084345344348
717.348196633834
713.4112468088113
709.4974370519884
705.6066203804719
701.7386508280815
697.8933834376594
694.0706742534235
690.2703803134034
686.4923596419266
682.7364712421711
679.0025750887789
675.2905321205343
671.6002042330931
667.9314542717876
664.2841460244761
660.6581442144538
657.0533144934379
653.4695234345834
649.9066385255815
646.3645281618017
642.8430616394897
639.3421091490322
635.8615417682572
632.4012314558161
628.9610510445913
625.540874235184
622.1405755894322
618.7600305240012
615.399115304011
612.0577070367274
608.7356836652962
605.4329239625333
602.1493075247656
598.8847147657168
595.6390269104484
592.4121259893482
589.2038948321654
586.0142170620993
582.8429770899307
579.6900601082003
576.5553520854394
573.4387397604478
570.3401106366066
567.2593529762502
564.1963557950783
561.1510088566123
558.1232026666951
555.1128284680399
552.1197782348179
549.1439446672957
546.1852211865046
543.2435019289692
540.3186817414567
537.4106561757937
534.5193214836999
531.6445746116833
528.7863131959589
525.9444355574245
523.1188406966623
520.3094282889899
517.5160986795454
514.7387528784159
511.9772925557983
509.2316200372075
506.5016382987144
503.7872509622307
501.08836229081624
498.4048771840393
495.7367011733668
493.0837404175903
490.44590169828916
487.82309241532926
485.2152205823992
482.62219482257933
480.04392436394653
477.4803190352127
474.9312892614007
472.39674605954906
469.876601034458
467.37076637446
464.87915484722834
462.40167979562204
459.9382551335567
457.4887953419107
455.0532154644607
452.63143110385715
450.22335841762026
447.82891411417535
445.4480154489155
443.08058022029604
440.7265267659576
438.3857739588831
436.0582412035813
433.7438484323008
431.44251610127344
429.1541651869901
426.87871718250017
424.61609409373887
422.36621843589387
420.12901322978655
417.9044019982888
415.69230876276583
413.4926580395456
411.3053748364189
409.13038464916065
406.9676134580836
404.816987724614
402.6784343878988
400.5518808614337
398.4372550297203
396.33448524494753
394.2435003237001
392.1642295436905
390.0966026405156
388.04054980444147
385.99600167720934
383.9628893488675
381.941144354627
379.9306986717406
377.93148471640893
375.9434353407047
373.96648382952606
372.0005638975683
370.045609686323
368.10155576109617
366.16833710805133
364.24588913127445
362.33414764986156
360.433048895027
358.54252950723594
356.6625265333564
354.7929774238338
352.9338200298878
351.0849926007277
349.2464337807928
347.4180826070093
345.59987850607047
343.7917612917382
341.9936711621611
340.20554869721764
338.4273348558744
336.65897097356907
334.9003987596086
333.15156029459
331.41239802783855
329.68285477486745
327.9628737148545
326.2523983881375
324.55137269372983
322.8597408868552
321.1774475764973
319.50443772297217
317.84065663551473
316.1860499698872
314.5405637260018
312.9041442455624
311.2767382097263
309.6582926367777
308.04875487982525
306.4480726245109
304.85619388673956
303.27306701042284
301.6986406652428
300.1328638444287
298.575685862553
297.0270563533415
295.48692526750176
293.9552428705658
292.43195974075024
290.9170267668304
289.41039514603233
287.91201638193763
286.4218422824073
284.939824957517
283.4659168175102
282.00007057076596
280.54223922178
279.0923760691621
277.6504347036491
276.2163690061297
274.7901331456861
273.3716815776489
271.960969041667
270.55795055979
269.16258143456713
267.7748172471571
266.3946138554555
265.0219273922306
263.65671426327947
262.29893114559076
260.9485349855257
259.60548299701054
258.26973265974124
256.94124171740214
255.61996817589974
254.305870301605
252.99890661961098
251.69903591200355
250.4062172161429
249.1204098229582
247.84157327525605
246.56966736603852
245.30465213683541
244.04648787604734
242.79513511730238
241.55055463782168
240.31270745680072
239.0815548337983
237.85705826714053
236.63917949233314
235.4278804804889
234.2231234367624
233.0248707987987
231.83308523519304
230.64772964395934
229.46876715101246
228.29616110866016
227.1298750941053
225.96987290795917
224.8161185727663
223.66857633153901
222.52721064630134
221.3919861966462
220.26286787829935
219.13982080169725
218.02281029057258
216.9118018805496
215.8067613177512
214.70765455741503
213.61444776251912
212.52710730241796
211.4455997514879
210.3698918877813
209.29995069169274
208.23574334463183
207.17723722770668
206.12439992041735
205.07719919935693
204.03560303692365
202.99957960003994
201.96909724888346
200.94412453562379
199.92463020317012
198.91058318392777
197.90195259856213
196.89870775477306
195.90081814607558
194.90825345059284
193.92098352985266
192.93897842759702
191.96220836859686
190.9906437574771
190.0242551775491
189.06301338965156
188.10688933099783
187.155854114035
186.20987902530712
185.2689355243296
184.3329952424678
183.402029981827
182.4760117141488
181.55491257971426
180.6387048862556
179.72736110787653
178.82085388397752
177.91915601819028
177.0222404773205
176.1300803902956
175.2426490471212
174.35991989784492
173.48186655152682
172.6084627752178
171.73968249294387
170.87549978469804
170.01588888544035
169.16082418410213
168.3102802225998
167.46423169485467
166.62265344581817
165.7855204705059
164.95280791303674
164.1244910656801
163.30054536790732
162.48094640545276
161.66566990937858
160.85469175514822
160.04798796170297
159.24553469055002
158.4473082448518
157.6532850685233
156.86344174533804
156.07775499803523
155.29620168743796
154.51875881157446
153.74540350480552
152.97611303696013
152.2108648124742
151.44963636953662
150.6924053792415
149.939149644745
149.18984710042935
148.44447581107102
147.70301397101545
146.96543990335798
146.23173205912875
145.50186901648476
144.77582947990658
144.05359227940014
143.33513636970537
142.6204408295082
141.90948486066054
141.20224778740237
140.49870905559186
139.7988482319395
139.1026450032472
138.41007917565292
137.7211306738805
137.03577954049445
136.35400593516002
135.67579013390713
135.0011125284022
134.32995362521777
133.6622940451192
132.9981145223445
132.337395903894
131.68011914882618
131.02626532755443
130.37581562115173
129.72875132065866
129.08505382639595
128.44470464728255
127.80768540015683
127.17397780910403
126.54356370478641
125.9164250237798
125.292543807913
124.67190220361232
124.05448246125046
123.44026693450016
122.82923807969078
122.22137845517116
121.61667072067438
121.01509763668938
120.41664206383486
119.82128696223769
119.22901539091654
118.63981050716734
118.05365556595588
117.4705339193121
116.89042901572877
116.31332439956536
115.7392037104547
115.16805068271367
114.59984914475848
114.03458301852336
113.47223631888278
112.91279315307847
112.35623772014898
111.80255431036444
111.2517273046636
110.70374117409565
110.15858047926542
109.61622986978173
109.07667408371046
108.53989794703037
108.00588637309241
107.47462436206396
106.94609700047329
106.42028946056304
105.89718699984155
105.37677496055989
104.8590387691161
104.34396393565395
103.83153605347412
103.32174079854367
102.81456392899078
102.30999128460101
101.8080087863198
101.30860243575523
100.81175831468576
100.31746258457065
99.8257014860634
99.33646133852947
98.84972853956548
98.36548956452232
97.88373096603249
97.40443937353848
96.92760149282543
96.45320410555712
95.98123406881352
95.51167831463353
95.04452384955843
94.57975775418026
94.11736718269165
93.65733936243915
93.19966159347993
92.74432124814041
92.29130577057896
91.84060267634953
91.3921995519707
90.9460840544952
90.50224391108341
90.06066691857951
89.62134094308999
89.18425391956535
88.74939385138401
88.31674880993963
87.88630693422998
87.45805643044983
87.03198557158518
86.608082697011
86.18633621209142
85.76673458778178
85.34926636023425
84.93392013040577
84.52068456366734
84.10954838941768
83.70050040069802
83.2935294538099
82.88862446793536
82.48577442475944
82.08496836809528
81.68619540351148
81.28944469796183
80.89470547941772
80.50196703650256
80.11121871812858
79.72244993313599
79.33565014993475
78.95080889614795
78.56791575825838
78.18696038125657
77.80793246829145
77.43082178032255
77.05561813577657
76.68231141020276
76.31089153593359
75.94134850174596
75.57367235252468
75.2078531889286
74.84388116705864
74.48174649812776
74.12143944813306
73.76295033753033
73.40626954091039
73.05138748667696
72.69829465672807
72.34698158613742
71.9974388628398
71.64965712731725
71.30362707228703
70.95933944239277
70.61678503389643
70.27595469437307
69.93683932240643
69.59942986728788
69.26371732871596
68.92969275649841
68.5973472502566
68.2666719591305
67.93765808148677
67.61029686462797
67.28457960450379
66.96049764542443
66.63804237977511
66.31720524773303
65.99797773698555
65.68035138245075
65.364317765999
65.0498685161771
64.73699530793334
64.42568986234508
64.11594394634746
63.807749372463846
63.50109799853823
63.19598172746922
62.892392506945896
62.59032232918432
62.289763230667305
61.99070729188453
61.69314663707467
61.397073433969396
61.102479893538515
60.80935826973706
60.51770085925409
60.2275000012621
59.9387480771693
59.651437510372844
59.365560766012976
59.08111035072996
58.798078812421544
58.51645874000245
58.23624276316466
57.95742355214055
57.67999381746578
57.403946309745024
57.12927381941863
56.855969176530394
56.58402525049742
56.31343494988113
56.044191222159476
55.77628705350088
55.509715468539426
55.24446953015142
54.98054233923331
54.71792703448122
54.45661679217174
54.19660482594354
53.9378843865813
53.68044876180008
53.42429127603164
53.169405290211856
52.9157842015692
52.66342144341495
52.41231048493436
52.16244483097938
51.9138180218625
51.666423633151624
51.42025527546686
51.17530659427786
50.93157126970283
50.689043016308645
50.4477155829121
50.20758275238258
49.968638341445626
49.73087620048836
49.49429021336505
49.25887429720494
49.024622402220494
48.79152851151741
48.559586640905025
48.328790838708855
48.09913518558329
47.87061379432623
47.64322080969439
47.41695040822007
47.191796798028534
46.96775421865688
46.74481694087426
46.52297926650251
46.302235528238384
46.08258008947679
45.864007344135025
45.64651171647789
45.43008766094444
45.21472966197509
45.000432233840186
44.78718992046976
44.57499729528381
44.36384896102388
44.15373954958606
43.94466372185404
43.736616167534294
43.52959160499123
43.32358478108411
43.118590471004836
42.91460347811596
42.71161863379095
42.50963079725423
42.30863485542291
42.108625722749366
41.90959834106424
41.71154767942136
41.51446873394259
41.318356527664434
41.12320611038466
40.92901255851112
40.73577097491019
40.54347648875677
40.352124255385334
40.161709456141416
39.972227298234245
39.78367301459029
39.5960418637077
39.40932912951131
39.2235301212089
39.038640173148366
38.854654644674994
38.67156891999076
38.489378408013636
38.308078542237766
38.127664780594955
37.94813260531661
37.76947752279657
37.59169506345482
37.41478078160199
37.238730255304674
37.06353908625165
36.88920289962056
36.71571734394588
36.543078090987194
36.37128083559877
36.200321295599245
36.03019521164285
35.86089834709074
35.69242648788348
35.524775442414324
35.357941041402725
35.19191913776936
35.0267056065115
34.86229634457871
34.6986872707502
34.53587432551222
34.373853470936396
34.212620690558765
34.05217198925958
33.89250339314377
33.73361094942199
33.57549072629295
33.418138812825305
33.261551318841654
33.10572437480199
32.950654131688765
32.79633676089179
32.64276845409479
32.48994542316158
32.33786390002383
32.18652013656895
32.035910404528686
31.886030995368593
31.736878220178067
31.588448409560918
31.44073791352671
31.293743101382674
31.147460361626322
31.001886101838547
30.857016748577596
30.71284874727359
30.56937856212337
30.426602675986324
30.28451759028075
30.143119824880827
30.002405918013807
29.862372426158664
29.723015923944406
29.58433300404952
29.446320277101957
29.308974371579605
29.172291933711367
29.036269627378697
28.90090413401808
28.766192152523615
28.632130399150586
28.498715607419268
28.3659445280195
28.23381392871582
28.10232059425286
27.971461326261746
27.84123294316682
27.711632280092687
27.582656188772248
27.45430153745489
27.326565210815527
27.199444109863848
27.072935151854402
26.947035270196867
26.82174141436731
26.697050549819345
26.57295965789659
26.449465735744724
26.32656579622485
26.204256867826924
26.082535994583885
25.961400235986005
25.840846666896198
25.720872377465355
25.601474473048455
25.482650074120958
25.364396316196153
25.246710349742127
25.12958934010011
25.013030467402785
24.897030926493102
24.781587869380644
24.666698692477418
24.552360461885907
24.438570487952084
24.325326037870674
24.21262439306994
24.10046284913375
23.988838715724164
23.877749316504726
23.767191989063548
23.657164084837525
23.54766296903641
23.438686020567932
23.330230631962785
23.222294209300287
23.114874172134574
23.007967953421115
22.90157299944341
22.79568676974059
22.69030673703514
22.585430387160976
22.481055218992104
22.377178744371676
22.273798488041287
22.170911987570896
22.06851679328906
21.96661046821338
21.86519058798174
21.76425474078361
21.66380052729182
21.56382556059491
21.46432746612945
21.365303881613485
21.266752456979273
21.168670854307464
21.071056747761066
20.973907823520005
20.87722177971594
20.780996326367443
20.685229185315755
20.589918090160673
20.495060786196888
20.400655030350716
20.30669859111713
20.213189248497358
20.120124793936306
20.027503030261073
19.935321771619208
19.843578843417724
19.75227208226201
19.661399335895723
19.57095846314037
19.480947333835626
19.391363828780058
19.302205839671714
19.21347126904965
19.125158030235234
19.037264047274284
18.949787254879134
18.862725598371252
18.77607703362414
18.689839527006516
18.604011055325813
18.518589605772046
18.433573175862136
18.348959773384024
18.264747416341876
18.180934132900845
18.097517961332827
18.01449694996186
17.931869157110423
17.849632651045624
17.767785509925886
17.68632582174788
17.605251684293826
17.524561205078907
17.444252501299296
17.364323699780087
17.284772936923943
17.205598358659536
17.126798120390774
17.048370386946004
16.97031333252763
16.8926251406619
16.815304004149127
16.73834812501407
16.66175571445668
16.585524992802995
16.509654189456494
16.434141542849545
16.35898530039529
16.284183718439614
16.209735062213547
16.135637605785902
16.061889632016126
15.988489432507354
15.915435307559957
15.842725566125093
15.770358525758676
15.698332512575515
15.626645861203839
15.55529691473992
15.48428402470298
15.413605550990493
15.343259861833582
15.273245333752644
15.203560351513453
15.134203308083237
15.065172604587044
14.996466650264644
14.92808386242727
14.860022666414832
14.792281495553251
14.724858791112283
14.657753002263156
14.590962586036856
14.524486007282352
14.45832173862528
14.392468260426666
14.326924060741888
14.261687635280218
14.196757487363978
14.132132127888422
14.067810075281685
14.003789855464891
13.94007000181256
13.876649055113184
13.81352556353005
13.750698082562343
13.688165175006299
13.62592541091676
13.563977367568802
13.502319629419624
13.440950788070722
13.379869442230131
13.319074197675008
13.258563667214254
13.198336470651707
13.138391234748873
13.078726593188705
13.01934118653891
12.960233662215702
12.901402674447858
12.842846884240805
12.784564959340969
12.726555574200328
12.668817409941187
12.611349154320994
12.554149501697712
12.497217152994855
12.440550815667216
12.38414920366647
12.328011037407048
12.272135043732312
12.216519955880745
12.16116451345241
12.106067462375634
12.051227554873748
11.996643549432221
11.942314210765744
11.888238309785514
11.834414623566992
11.780841935317476
11.727519034344077
11.674444716021666
11.621617781761373
11.569037038978712
11.516701301062382
11.464609387342993
11.412760123062018
11.36115233934083
11.309784873150097
11.25865656727916
11.207766270305633
11.157112836565261
11.106695126121856
11.056512004737321
11.006562343842043
10.956845020505243
10.907358917405645
10.858102922802221
10.809075930505035
10.76027683984648
10.711704555652384
10.663357988213432
10.615236053256737
10.567337671917581
10.519661770711238
10.472207281504929
10.424973141490128
10.377958293154732
10.331161684255669
10.284582267791412
10.238219001974805
10.192070850205942
10.14613678104526
10.100415768186755
10.054906790431307
10.009608831660206
9.964520880808788
9.919641931840243
9.874970983719493
9.830507040387353
9.786249110734627
9.742196208576594
9.698347352627403
9.654701566474714
9.6112578785545
9.568015322125987
9.524972935246584
9.48212976074714
9.439484846207247
9.397037243930683
9.354786010920964
9.312730208857092
9.27086890406936
9.229201167515328
9.18772607475597
9.146442705931872
9.105350145739555
9.064447483408046
9.023733812675417
8.983208231765534
8.942869843365013
8.902717754600065
8.862751077013723
8.822968926543059
8.783370423496535
8.743954692531407
8.704720862631513
8.665668067084832
8.626795443461415
8.588102133591285
8.54958728354259
8.51125004359978
8.47308956824188
8.435105016121046
8.397295550040944
8.359660336935544
8.322198547847877
8.284909357908933
8.247791946316609
8.210845496314901
8.174069195173118
8.13746223416522
8.101023808549261
8.064753117546985
8.02864936432351
7.992711755967047
7.956939503468852
7.921331821703216
7.885887929407584
7.850607049162699
7.81548840737304
7.780531234247149
7.7457347637782
7.711098233724634
7.676620885590918
7.6423019646083095
7.608140719715912
7.574136403541601
7.54028827238328
7.506595586190077
7.473057608543674
7.439673606639772
7.406442851269656
7.373364616801811
7.340438181163718
7.307662825823606
7.275037835772452
7.242562499506006
7.210236109006901
7.178057959726917
7.146027350569258
7.114143583870942
7.082405965385423
7.050813804265045
7.019366413043828
6.9880631076202295
6.9569032072400105
6.925886034479216
6.895010915227248
6.864277178669917
6.833684157272842
6.803231186764641
6.77291760612041
6.742742757545177
6.712705986457589
6.682806641473436
6.653044074389568
6.623417640167666
6.593926696918167
6.56457060588435
6.535348731426365
6.506260441005488
6.477305105168341
6.448482097531266
6.419790794764795
6.391230576578148
6.362800825703806
6.334500927882246
6.306330271846707
6.278288249307977
6.25037425493937
6.222587686361745
6.194927944128553
6.167394431710999
6.139986555483338
6.112703724708112
6.085545351521645
6.058510850919447
6.031599640741781
6.004811141659307
5.97814477715875
5.951599973528748
5.925176159845623
5.8988727679593875
5.872689232479653
5.846624990761818
5.820679482893121
5.794852151678918
5.769142442628959
5.743549803943768
5.718073686501038
5.692713543842222
5.667468832159026
5.642339010280111
5.617323539657817
5.592421884354922
5.567633511031531
5.542957888931989
5.518394489871901
5.49394278822516
5.46960226091112
5.445372387381766
5.421252649609022
5.397242532072035
5.373341521744645
5.349549108082739
5.325864783011937
5.302288040915061
5.278818378619874
5.255455295386769
5.232198292896584
5.209046875238432
5.186000548897669
5.163058822743809
5.140221208018625
5.117487218324245
5.094856369611321
5.072328180167233
5.049902170604403
5.027577863848702
5.0053547851277544
4.983232461959513
4.9612104241407415
4.9392882037356225
4.917465335064439
4.89574135469226
4.8741158014176875
4.852588216261765
4.8311581424567995
4.8098251254353315
4.788588712819148
4.767448454408351
4.746403902170435
4.725454610229532
4.704600134855558
4.68384003445359
4.663173869553149
4.642601202797611
4.622121598933692
4.601734624800924
4.58143984932121
4.561236843488508
4.541125180358399
4.521104435037932
4.50117418467528
4.481334008449679
4.461583487561236
4.441922205220923
4.4223497466405135
4.402865699022678
4.3834696515510245
4.3641611953802775
4.344939923626471
4.32580543135717
4.306757315581795
4.287795175241949
4.268918611201821
4.250127226238654
4.231420625033177
4.212798414160234
4.194260202079321
4.175805599125242
4.157434217498798
4.1391456712575465
4.120939576306536
4.102815550389229
4.08477321307827
4.066812185766515
4.048932091657948
4.031132555758726
4.013413204868245
3.995773667570243
3.9782135742239584
3.960732556955391
3.943330249648438
3.926006287936325
3.9087603091928464
3.891591952523787
3.8745008587583727
3.8574866704406854
3.840549031821259
3.8236875888485757
3.806901989160683
3.7901918820768974
3.7735569185894247
3.7569967513551212
3.7405110346872616
3.7240994245473864
3.7077615785371227
3.691497155890112
3.6753058174639603
3.659187225732186
3.6431410447762893
3.6271669402777835
3.611264579510358
3.5954336313319395
3.5796737661769544
3.5639846560485418
3.548365974510798
3.532817396681091
3.5173385992224593
3.5019292603359076
3.486589059752904
3.471317678727819
3.456114800030444
3.440980107938489
3.425913288230233
3.410914028177057
3.395982016536185
3.381116943543325
3.366318500905387
3.351586381793294
3.336920280834775
3.322319894107162
3.3077849191303343
3.293315054859602
3.2789100016786206
3.2645694613924596
3.250293137220524
3.2360807337896977
3.2219319571273966
3.2078465146547037
3.1938241151795164
3.1798644688897726
3.1659672873466707
3.1521322834779206
3.1383591715710755
3.1246476672668635
3.1109974875525075
3.097408350755191
3.0838799765354823
3.0704120858807666
3.057004401098789
3.0436566458111853
3.030368544947026
3.0171398247364403
3.0039702127042567
2.9908594376636497
2.9778072297098435
2.96481332021386
2.9518774418162614
2.938999328420955
2.9261787151890166
2.913415338532536
2.9007089361085434
2.8880592468128694
2.875466010774161
2.8629289693478124
2.8504478651099916
2.8380224418516837
2.8256524445727833
2.8133376194761537
2.8010777139618015
2.7888724766210036
2.7767216572305196
2.7646250067468143
2.7525822773002844
2.7405932221895615
2.7286575958758155
2.7167751539770766
2.7049456532626204
2.6931688516473384
2.6814445081861944
2.6697723830686386
2.6581522376130997
2.6465838342615067
2.6350669365738004
2.6236013092224955
2.6121867179872895
2.600822929749664
2.589509712487529
2.5782468352699004
2.5670340682515844
2.5558711826679077
2.544757950829484
2.5336941461169644
2.522679542975858
2.511713916911359
2.50079704448319
2.48992870330051
2.4791086720167907
2.468336730324768
2.4576126589514047
2.4469362396528616
2.436307255209508
2.4257254894209552
2.415190727101135
2.404702754073357
2.3942613571654254
2.383866324204784
2.3735174440136615
2.363214506404259
2.3529573021739485
2.3427456231005137
2.332579261937404
2.3224580124089966
2.312381669205923
2.3023500279803715
2.2923628853414497
2.2824200388505504
2.2725212870167537
2.262666429292237
2.252855266067712
2.243087598667916
2.2333632293470593
2.223681961284374
2.2140435985796114
2.2044479462486173
2.1948948102189103
2.1853839973252605
2.1759153153053266
2.1664885727953083
2.1571035793255873
2.1477601453164237
2.1384580820736634
2.1291972017844696
2.1199773175130727
2.1107982431965393
2.1016597936405637
2.092561784515292
2.083504032351142
2.0744863545346712
2.065508569304446
2.0565704957469437
2.047671953792463
2.038812764211067
2.029992748608538
2.0212117294223604
2.012469529917717
2.0037659741834997
1.995100887128363
1.986474094476757
1.9778854227650338
1.9693346993375327
1.960821752342677
1.952346410729143
1.9439085042419921
1.9355078634188514
1.9271443195861118
1.9188177048551287
1.9105278521184639
1.9022745950461228
1.894057768081841
1.8858772064393532
1.8777327460987023
1.8696242238025798
1.8615514770526365
1.8535143441058715
1.8455126639709927
1.8375462764048247
1.8296150219087117
1.8217187417249538
1.8138572778332616
1.8060304729472185
1.7982381705107566
1.7904802146946772
1.7827564503931592
1.7750667232202932
1.767410879506639
1.7597887662958007
1.7522002313410092
1.7446451231017241
1.737123290740262
1.7296345841184353
1.7221788537941956
1.714755951018323
1.7073657277310985
1.7000080365590136
1.6926827308114958
1.685389664477637
1.678128692222956
1.6708996693861542
1.6637024519759178
1.656536896667702
1.649402860800563
1.6423002023739741
1.6352287800446885
1.6281884531235953
1.6211790815726013
1.6142005260015204
1.6072526476649895
1.6003353084593965
1.5934483709198073
1.5865916982169326
1.579765154154101
1.5729686031642265
1.566201910306833
1.559464941265051
1.5527575623426504
1.5460796404610924
1.5394310431565819
1.532811638577142
1.5262212954797025
1.5196598832272046
1.5131272717857076
1.5066233317215323
1.5001479341983974
1.4937009509745784
1.4872822544000885
1.4808917174138503
1.4745292135409107
1.4681946168896507
1.4618878021490054
1.4556086445857175
1.449357020041587
1.443132804930731
1.4369358762368867
1.4307661115106878
1.4246233888669748
1.4185075869821295
1.4124185850914
1.4063562629862487
1.400320501011712
1.3943111800637848
1.3883281815867967
1.3823713875708115
1.3764406805490466
1.3705359435952942
1.3646570603213581
1.3588039148745064
1.3529763919349331
1.3471743767132276
1.3413977549478775
1.3356464129027499
1.3299202373646168
1.3242191156406729
1.3185429355560734
1.3128915854514855
1.3072649541806418
1.3016629311079222
1.2960854061059268
1.290532269553081
1.2850034123312404
1.2794987258233097
1.2740181019108743
1.268561432971841
1.2631286118780944
1.257719531993164
1.2523340871698996
1.2469721717481508
1.241633680552484
1.2363185088898825
1.2310265525474708
1.2257577077902444
1.220511871358818
1.2152889404671805
1.2100888128004592
1.2049113865127012
1.1997565602246498
1.1946242330215613
1.1895143044509953
1.18442667452065
1.1793612436961851
1.1743179128990615
1.1692965835044005
1.1642971573388374
1.1593195366783995
1.1543636242463886
1.1494293232112733
1.1445165371845927
1.1396251702188667
1.1347551268055271
1.1299063118728485
1.1250786307838854
1.1202719893344348
1.1154862937509982
1.110721450688756
1.1059773672295454
1.1012539508798596
1.0965511095688483
1.0918687516463363
1.0872067858808374
1.082565121457587
1.0779436679765912
1.0733423354506786
1.068761034303547
1.0641996753678455
1.0596581698832552
1.0551364294945684
1.0506343662497932
1.0461518925982611
1.0416889213887397
1.0372453658675584
1.0328211396767466
1.0284161568521735
1.024030331821704
1.0196635794033584
1.015315814803479
1.0109869536149163
1.006676911815215
1.0023856057648048
0.9981129522052153
0.9938588682572863
0.9896232714193831
0.9854060795656452
0.9812072109442076
0.9770265841754616
0.9728641182503064
0.968719732528418
0.9645933467365195
0.9604848809666624
0.9563942556745236
0.9523213916776945
0.948266210154002
0.9442286326398044
0.9402085810283294
0.9362059775680006
0.9322207448607769
0.9282528058604995
0.9243020838712463
0.9203685025456982
0.9164519858835065
0.912552458229678
0.9086698442729491
0.9048040690441963
0.9009550579148269
0.8971227365951937
0.8933070311330125
0.8895078679117858
0.8857251736492369
0.8819588753957497
0.8782089005328175
0.8744751767714923
0.8707576321508619
0.8670561950365019
0.8633707941189706
0.8597013584122759
0.8560478172523851
0.8524101002957132
0.8487881375176314
0.845181859210983
0.8415911959846044
0.8380160787618495
0.8344564387791285
0.8309122075844484
0.8273833170359606
0.8238696993005222
0.8203712868522528
0.8168880124711071
0.8134198092414556
0.809966610550658
0.8065283500876645
0.8031049618416062
0.7996963801004013
0.7963025394493664
0.7929233747698315
0.7895588212377664
0.7862088143224071
0.7828732897848973
0.7795521836769307
0.7762454323393995
0.7729529724010518
0.7696747407771554
0.7664106746681629
0.7631607115583943
0.7599247892147161
0.7567028456852251
0.7534948192979498
0.750300648659546
0.7471202726540102
0.7439536304413836
0.740800661456481
0.737661305407608
0.7345355022753011
0.7314231923110577
0.728324316036085
0.7252388142400412
0.7221666279798113
0.7191076985782419
0.7160619676229276
0.713029376964979
0.7100098687177985
0.7070033852558715
0.7040098692135521
0.7010292634838635
0.6980615112172994
0.6951065558206304
0.6921643409557173
0.6892348105383364
0.6863179087369959
0.6834135799717731
0.6805217689131504
0.6776424204808502
0.6747754798426933
0.6719208924134403
0.6690786038536582
0.6662485600685804
0.6634307072069752
0.6606249916600244
0.6578313600601979
0.6550497592801408
0.652280136431566
0.6495224388641492
0.6467766141644267
0.6440426101547023
0.6413203748919657
0.6386098566667985
0.6359110040023048
0.6332237656530322
0.6305480906039074
0.6278839280691708
0.6252312274913219
0.6225899385400606
0.6199600111112467
0.6173413953258495
0.6147340415289171
0.6121379002885374
0.6095529223948148
0.6069790588588427
0.6044162609116868
0.6018644800033727
0.5993236678018765
0.5967937761921192
0.5942747572749709
0.5917665633662532
0.5892691469957481
0.5867824609062199
0.5843064580524275
0.5818410916001509
0.5793863149252232
0.5769420816125579
0.5745083454551928
0.5720850604533314
0.5696721808133853
0.5672696609470329
0.5648774554702696
0.5624955192024725
0.5601238071654633
0.5577622745825768
0.5554108768777397
0.5530695696745409
0.5507383087953241
0.548417050260263
0.5461057502864624
0.5438043652870502
0.5415128518702772
0.5392311668386198
0.5369592671878893
0.5346971101063471
0.5324446529738167
0.5302018533608086
0.5279686690276411
0.5257450579235757
0.523530978185945
0.5213263881392891
0.5191312462945044
0.5169455113479824
0.5147691421807586
0.5126020978576724
0.5104443376265186
0.5082958209172123
0.5061565073409517
0.5040263566893908
0.5019053289338085
0.49979338422429037
0.497690482888906
0.49559658543289575
0.4935116525378582
0.4914356450609447
0.48936852403405395
0.4873102506630338
0.48526078632688235
0.4832200925769592
0.48118813113619474
0.47916486389830615
0.4771502529270133
0.4751442604552668
0.4731468488844686
0.471157980783704
0.4691776188889776
0.46720572610244526
0.46524226549165815
0.4632872002888066
0.4613404938899662
0.4594021098543496
0.4574720119035647
0.4555501639208658
0.4536365299504207
0.45173107419657643
0.44983376102312456
0.4479445549525741
0.4460634206654299
0.44419032299946604
0.4423252269490153
0.4404680976642463
0.4386189004504627
0.43677760076738514
0.43494416422845206
0.43311855660012155
0.43130074380116756
0.4294906919019894
0.42768836712391756
0.4258937358385289
0.42410676456695984
0.4223274199792315
0.4205556688935467
0.4187914782756521
0.4170348152381389
0.415285647039786
0.41354394108488707
0.4118096649225925
0.41008278624624844
0.4083632728927422
0.4066510928418461
0.4049462142155663
0.403248605277501
0.40155823443219074
0.3998750702244785
0.3981990813388734
0.3965302365989128
0.3948685049665326
0.3932138555414354
0.3915662575604648
0.3899256803969836
0.3882920935602508
0.3866654666948059
0.3850457695798529
0.3834329721286486
0.3818270443878925
0.380227956537125
0.37863567888811656
0.3770501818842757
0.3754714361000423
0.37389941224030154
0.37233408113978306
0.37077541376247947
0.3692233812010534
0.3676779546762572
0.3661391055363493
0.3646068052565188
0.36308102543830545
0.3615617378090305
0.3600489142212254
0.35854252665206
0.35704254720278195
0.3555489480981535
0.3540617016858888
0.3525807804361005
0.35110615694074077
0.3496378039130534
0.3481756941870204
0.34671980071681785
0.3452700965762695
0.34382655495830644
0.34238914917442576
0.34095785265415596
0.3395326389445198
0.3381134817095045
0.3367003547295326
0.3352932319009321
0.3338920872354144
0.3324968948595528
0.33110762901425944
0.3297242640542709
0.32834677444763427
0.32697513477518925
0.325609319730065
0.32424930411716807
0.32289506285267655
0.3215465709635412
0.3202038035869794
0.31886673596998205
0.3175353434688132
0.3162096015485165
0.31488948578242926
0.31357497185168637
0.31226603554473586
0.3109626527568568
0.30966479948967107
0.30837245185067086
0.3070855860527335
0.30580417841365
0.3045282053556505
0.3032576434049318
0.3019924691911899
0.3007326594471509
0.2994781910081099
0.2982290408114626
0.2969851858962512
0.2957466034027003
0.2945132705717645
0.29328516474467275
0.29206226336247565
0.2908445439655969
0.28963198419338443
0.2884245617836642
0.28722225457229805
0.2860250404927408
0.2848328975755998
0.2836458039481998
0.2824637378341437
0.28128667755288284
0.2801146015192829
0.2789474882431944
0.2777853163290266
0.2766280644753201
0.27547571147432415
0.2743282362115748
0.2731856176654747
0.27204783490687556
0.2709148670986633
0.269786693495341
0.26866329344262047
0.2675446463770097
0.26643073182540467
0.2653215294046855
0.26421701882130677
0.2631171798709011
0.2620219924378737
0.2609314364950043
0.2598454921030532
0.25876413941035975
0.25768735865245607
0.25661513015166987
0.25554743431673643
0.25448425164241284
0.25342556270908645
0.2523713481823959
0.251321588812845
0.25027626543542303
0.24923535896922522
0.24819885041707523
0.2471667208651493
0.24613895148260323
0.24511552352119875
0.24409641831493276
0.2430816172796713
0.24207110191277792
0.24106485379275222
0.24006285457886423
0.23906508601079218
0.23807152990826225
0.23708216817068944
0.2360969827768221
0.2351159557843842
0.23413906932972273
0.23316630562745438
0.23219764697011702
0.23123307572781837
0.2302725743478894
0.22931612535453938
0.22836371134850966
0.22741531500673318
0.22647091908199213
0.22553050640257905
0.2245940598719573
0.22366156246842653
0.22273299724478834
0.2218083473280098
0.22088759591889442
0.21997072629175168
0.21905772179406588
0.21814856584617237
0.21724324194092964
0.2163417336433946
0.2154440245905005
0.2145500984907372
0.2136599391238279
0.21277353034041496
0.21189085606173896
0.21101190027932565
0.2101366470546714
0.20926508051893042
0.20839718487260403
0.20753294438523007
0.20667234339507543
0.2058153663088292
0.20496199760129616
0.20411222181509475
0.20326602356035112
0.20242338751440125
0.20158429842148876
0.20074874109246704
0.1999167004045025
0.19908816130077756
0.19826310879019732
0.1974415279470962
0.19662340391094585
0.1958087218860632
0.19499746714132526
0.19418962500987766
0.193385180888849
0.19258412023906668
0.19178642858477166
0.19099209151333735
0.19020109467498608
0.1894134237825118
0.18862906461099999
0.18784800299754933
0.1870702248409966
0.18629571610164086
0.18552446280097223
0.18475645102139487
0.18399166690596055
0.18323009665809595
0.18247172654133367
0.1817165428790472
0.18096453205418112
0.1802156805089898
0.17946997474477022
0.17872740132160092
0.17798794685808103
0.17725159803106882
0.17651834157542218
0.17578816428374305
0.1750610530061183
0.1743369946498654
0.1736159761792769
0.17289798461536915
0.17218300703562794
0.1714710305737585
0.17076204241943707
0.17005602981805956
0.1693529800704957
0.16865288053284216
0.16795571861617842
0.16726148178631972
0.16657015756357774
0.1658817335225154
0.16519619729170726
0.1645135365535006
0.16383373904377543
0.16315679255170754
0.16248268491953158
0.1618114040423061
0.1611429378676787
0.16047727439565374
0.15981440167835814
0.159154307819812
0.1584969809756977
0.1578424093531307
0.15719058121043267
0.15654148485690184
0.15589510865259038
0.1552514410080761
0.1546104703842413
0.1539721852920481
0.15333657429231695
0.15270362599550624
0.15207332906149204
0.1514456721993482
0.15082064416713042
0.1501982337716577
0.1495784298682971
0.14896122136074813
0.1483465972008299
0.14773454638826716
0.1471250579704782
0.14651812104236397
0.145913724746099
0.14531185827091997
0.14471251085291897
0.14411567177483633
0.14352133036585363
0.1429294760013885
0.14234009810289003
0.14175318613763505
0.14116872961852583
0.1405867181038885
0.14000714119727142
0.13942998854724598
0.13885524984720782
0.1382829148351773
0.137712973293604
0.13714541504916913
0.1365802299725912
0.13601740797843037
0.1354569390248953
0.1348988131136508
0.1343430202896247
0.13378955064081788
0.13323839429811393
0.13268954143508935
0.13214298226782506
0.1315987070547196
0.13105670609630124
0.130516969735043
0.12997948835517642
0.12944425238250873
0.12891125228423803
0.12838047856877208
0.1278519217855449
0.12732557252483698
0.12680142141759515
0.12627945913525274
0.125759676389551
0.12524206393236192
0.12472661255551053
0.12421331309059988
0.12370215640883431
0.12319313342084687
0.12268623507652285
0.12218145236482975
0.12167877631364266
0.1211781979895748
0.12067970849780547
0.12018329898191035
0.11968896062369341
0.11919668464301753
0.11870646229763748
0.11821828488303268
0.11773214373224128
0.11724803021569474
0.11676593574105408
0.11628585175304441
0.1158077697332936
0.11533168120016835
0.11485757770861321
0.11438545084999051
0.11391529225191901
0.11344709357811394
0.1129808465282301
0.11251654283770224
0.11205417427758883
0.11159373265441422
0.11113520981001368
0.11067859762137791
0.11022388800049843
0.10977107289421402
0.10932014428405687
0.10887109418610175
0.10842391465081147
0.10797859776288926
0.10753513564112506
0.10709352043824846
0.1066537443407777
0.10621579956887238
0.10577967837618574
0.10534537304971674
0.10491287590966468
0.10448217930928266
0.10405327563473338
0.10362615730494364
0.10320081677146123
0.10277724651831138
0.10235543906185549
0.10193538695064677
0.10151708276529223
0.1011005191183091
0.10068568865398689
0.10027258404824704
0.09986119800850424
0.09945152327352938
0.09904355261331065
0.09863727882891768
0.09823269475236482
0.0978297932464759
0.09742856720474849
0.09702900955122026
0.09663111324033521
0.0962348712568099
0.09584027661550026
0.09544732236127151
0.09505600156886479
0.09466630734276774
0.09427823281708292
0.09389177115539926
0.09350691555066201
0.09312365922504526
0.09274199542982337
0.0923619174452432
0.09198341858039837
0.09160649217310188
0.0912311315897616
0.09085733022525393
0.09048508150280032
0.09011437887384238
0.08974521581791972
0.08937758584254515
0.08901148248308427
0.08864689930263223
0.08828382989189355
0.08792226786906054
0.0875622068796939
0.08720364059660249
0.08684656271972455
0.08649096697600875
0.08613684711929712
0.08578419693020631
0.08543301021601135
0.08508328081052895
0.08473500257400177
0.08438816939298249
0.0840427751802196
0.08369881387454281
0.08335627944074846
0.08301516586948707
0.08267546717714994
0.08233717740575702
0.08200029062284496
0.08166480092135549
0.08133070241952498
0.08099798926077402
0.08066665561359698
0.08033669567145343
0.08000810365265837
0.07968087380027447
0.07935500038200391
0.07903047769008098
0.07870730004116476
0.07838546177623301
0.07806495726047644
0.07774578088319178
0.07742792705767834
0.07711139022113264
0.07679616483454389
0.07648224538259096
0.07616962637353905
0.07585830233913632
0.07554826783451254
0.07523951743807594
0.07493204575141311
0.07462584739918794
0.07432091702903965
0.0740172493114842
0.07371483893981431
0.07341368063000023
0.07311376912059082
0.07281509917261528
0.07251766556948616
0.07222146311690025
0.07192648664274304
0.0716327309969918
0.07134019105161907
0.07104886170049737
0.07075873785930367
0.07046981446542491
0.07018208647786281
0.06989554887714092
0.0696101966652101
0.06932602486535563
0.06904302852210503
0.06876120270113455
0.06848054248917831
0.06820103855227733
0.06792269934398265
0.06764550668867655
0.06736946019807016
0.06709455506281986
0.06682078649409601
0.0665481497234943
0.06627664000294659
0.06600625260463357
0.06573698282089471
0.06546882596414326
0.06520177736677746
0.06493583238109428
0.06467098637920266
0.06440723475293812
0.06414457291377679
0.06388299629274943
0.06362250034035816
0.06336308052649083
0.06310473234033664
0.06284745129030345
0.06259123290393355
0.062336072727821025
0.0620819663275289
0.06182890928750709
0.06157689721101026
0.061325925720016244
0.061075990455145654
0.060827087075579524
0.06057921125898003
0.06033235870141042
0.060086525117254
0.05984170623913625
0.059597897817845275
0.05935509562225217
0.059113295439234034
0.05887249307359506
0.058632684347989225
0.05839386510284285
0.05815603119627738
0.05791917850403357
0.05768330291939385
0.05744840035310801
0.057214466733315913
0.05698149800547301
0.0567494901322758
0.05651843909358617
0.056288340886358125
0.056059191524562624
0.05583098703911543
0.055603723477802194
0.05537739690520657
0.05515200340263742
0.0549275390680559
0.05470400001600371
0.05448138237753157
0.05425968230012754
0.054038895947646104
0.0538190195002375
0.053600049154276574
0.05338198112229355
0.05316481163290361
0.052948536930737776
0.052733153276372915
0.05251865694626382
0.05230504423267366
0.05209231144360651
0.05188045490273856
0.05166947094935091
0.05145935593826186
0.05125010623976015
0.05104171823953782
0.05083418833862391
0.05062751295331732
0.05042168851512245
0.05021671147068231
0.05001257828171399
0.04980928542494246
0.04960682939203703
0.049405206689546
0.049204413838832825
0.04900444737601187
0.04880530385188515
0.04860697983187867
0.04840947189597926
0.04821277663867217
0.04801689066887797
0.04782181060989059
0.047627533099315424
0.047434054789007335
0.04724137234500937
0.04704948244749141
0.04685838179068966
0.04666806708284537
0.046478535046145186
0.04628978241666035
0.04610180594428735
0.04591460239268791
0.04572816853923021
0.045542501174929265
0.04535759710438855
0.04517345314574106
0.04499006613059132
0.0448074329039575
0.04462555032421274
0.04444441526302916
0.04426402460531909
0.04408437524917873
0.04390546410583164
0.04372728809957145
0.04354984416770652
0.04337312926050307
0.04319714034112988
0.04302187438560254
0.04284732838272849
0.04267349933405156
0.042500384253797346
0.04232798016881857
0.04215628411854101
0.0419852931549091
0.04181500434233216
0.0416454147576308
0.041476521489983695
0.04130832164087411
0.041140812324037386
0.040973990665407856
0.04080785380306663
0.04064239888718948
0.04047762307999431
0.040313523555690185
0.04015009750042523
0.03998734211223543
0.039825254600993676
0.0396638321883586
0.03950307210772437
0.03934297160417011
0.03918352793440922
0.03902473836674021
0.0388666001809965
0.0387091106684967
0.03855226713199571
0.03839606688563531
0.03824050725489529
0.03808558557654522
0.03793129919859502
0.03777764548024774
0.0376246217918509
0.0374722255148489
0.03732045404173517
0.03716930477600507
0.037018775132108266
0.03686886253540236
0.0367195644221053
0.03657087823924946
0.0364228014446349
0.03627533150678326
0.03612846590489176
0.0359822021287874
0.03583653767888158
0.03569147006612436
0.035546996811959525
0.03540311544827953
0.03525982351738078
0.03511711857191889
0.03497499817486435
0.03483345989945842
0.03469250132916887
0.03455212005764638
0.03441231368868103
0.034273079836158224
0.03413441612401635
0.03399632018620291
0.03385878966663231
0.03372182221914244
0.033585415507452865
0.03344956720512222
0.03331427499550589
0.033179536571714574
0.03304534963657188
0.03291171190257319
0.03277862109184419
0.03264607493609961
0.03251407117660199
0.032382607564121264
0.03225168185889353
0.032121291830581086
0.03199143525823153
0.03186210993023823
0.03173331364429993
0.03160504420738092
0.0314772994356716
0.031350077154549
0.03122337519853747
0.031097191411269383
0.030971523645446454
0.0308463697628009
0.03072172763405672
0.0305975951388913
0.030473970165897278
0.030350850612544125
0.03022823438514074
0.03010611939879692
0.029984503577386495
0.029863384853509457
0.029742761168454798
0.029622630472163423
0.029502990723191007
0.02938383988867153
0.029265175944280245
0.029146996874197487
0.029029300671072338
0.02891208533598622
0.02879534887841727
0.028679089316203964
0.0285633046755102
0.02844799299078887
0.028333152304747068
0.0282187806683108
0.028104876140589794
0.027991436788842392
0.02787846068844114
0.027765945922837983
0.027653890583529867
0.027542292770024318
0.027431150589805244
0.027320462158299134
0.027210225598840967
0.027100439042640576
0.026991100628749085
0.026882208504025208
0.026773760823102496
0.026665755748355745
0.026558191449867957
0.026451066105398116
0.02634437790034747
0.026238125027727828
0.02613230568812868
0.026026918089685
0.025921960448045196
0.025817430986338978
0.02571332793514542
0.025609649532461476
0.025506394023670075
0.025403559661509003
0.025301144706039166
0.025199147424613773
0.02509756609184701
0.024996398989583443
0.02489564440686689
0.024795300639909826
0.02469536599206324
0.02459583877378555
0.02449671730261317
0.0243979999031297
0.024299684906936295
0.02420177065262173
0.024104255485732626
0.024007137758743847
0.023910415831029062
0.023814088068831403
0.023718152845234076
0.023622608540131693
0.023527453540200815
0.023432686238871212
0.023338305036297455
0.023244308339330007
0.0231506945614868
0.023057462122925032
0.022964609450412843
0.022872134977301076
0.022780037143495586
0.022688314395429197
0.022596965186033928
0.022505987974713426
0.02241538122731559
0.022325143416105017
0.022235273019735775
0.022145768523224228
0.02205662841792216
0.021967851201489686
0.021879435377868593
0.021791379457255594
0.02170368195607568
0.021616341396955816
0.0215293563086986
0.021442725226255958
0.021356446690703006
0.021270519249212264
0.021184941455027452
0.021099711867438024
0.021014829051753323
0.02093029157927715
0.020846098027282114
0.020762246978984655
0.020678737023519488
0.020595566755914705
0.020512734777066617
0.020430239693714977
0.02034808011841821
0.020266254669528583
0.02018476197116776
0.02010360065320239
0.020022769351219428
0.01994226670650241
0.019862091366006827
0.019782241982336204
0.019702717213718336
0.01962351572398118
0.01954463618252939
0.019466077264320415
0.019387837649841182
0.0193099160250845
0.019232311081525885
0.019155021516100133
0.019078046031178422
0.019001383334545145
0.018925032139374912
0.018848991164209822
0.018773259132936822
0.018697834774764832
0.018622716824202336
0.01854790402103508
0.01847339511030336
0.018399188842280197
0.018325283972448862
0.018251679261480948
0.018178373475214483
0.01810536538463188
0.018032653765838208
0.017960237400039835
0.017888115073522337
0.017816285577629286
0.017744747708740786
0.017673500268252214
0.01760254206255294
0.01753187190300525
0.017461488605923288
0.017391390992551995
0.01732157788904664
0.017252048126451473
0.017182800540679652
0.017113833972492096
0.017045147267477384
0.016976739276031255
0.016908608853336185
0.016840754859341278
0.01677317615874198
0.016705871620960037
0.016638840120123767
0.016572080535047842