1
1.964447044890726e10
6.030147728701274e9
2.7641608182449594e9
1.5454391767986212e9
9.743908561207256e8
6.651424346523737e8
4.8009393045896864e8
3.61066985277631e8
2.802291212104556e8
2.2295903329282895e8
1.8099457095981e8
1.4938742113698253e8
1.2503032309902999e8
1.0589403571854961e8
9.060883687880898e7
7.822374478702164e7
6.806223619558209e7
5.9632707636478685e7
5.257119080971066e7
4.660371066065606e7
4.152095813396225e7
3.716088580462567e7
3.3396519372788668e7
3.0127274905142747e7
2.7272676936816327e7
2.476774898504405e7
2.255958727701728e7
2.060478358600054e7
1.886746543876619e7
1.7317790657641917e7
1.5930780012158552e7
1.4685404122336874e7
1.3563863397308588e7
1.2551015873418601e7
1.1633919322868785e7
1.0801462354167867e7
1.0044065334640333e7
9.353436479310507e6
8.722371815281203e6
8.144590259801304e6
7.61459696611307e6
7.127569553368275e6
6.679262960713655e6
6.265929535162017e6
5.884251639902238e6
5.531284600053108e6
5.204408220704086e6
4.901285443085162e6
4.619826968289347e6
4.358160888915892e6
4.114606538629235e6
3.8876519066556566e6
3.675934075417266e6
3.4782222300896733e6
3.2934028629593817e6
3.12046685635686e6
2.958498178034263e6
2.8066639644279866e6
2.664205801652551e6
2.530432042779407e6
2.4047110239267075e6
2.286465061780354e6
2.1751651320591895e6
2.0703261426790704e6
1.9715027274113838e6
1.878285496038886e6
1.7902976856874796e6
1.7071921654051477e6
1.6286487523739291e6
1.5543718035475626e6
1.4840880511475357e6
1.4175446544412025e6
1.354507443665801e6
1.2947593349337967e6
1.2380988975270712e6
1.1843390572182208e6
1.1333059211957168e6
1.0848377118572248e6
1.0387837982073653e6
995003.8148822419
953366.8599487314
913750.7636134481
876041.4208429761
840132.1816592859
805923.2935458563
773321.3909925432
742239.0277308531
712594.2476745782
684310.1909913521
657314.7320950106
631540.146672399
606922.8051463282
583402.8902330054
560924.1364811932
539433.5898848205
518881.38584356423
499220.54390964966
480406.77790575975
462398.3201306439
445155.7584872148
428641.8854742965
412821.5580788971
397661.56769215123
383130.51924990007
369198.7188691282
355838.0693150344
343021.9726908963
330725.2397950083
318924.0056360777
307595.6506412814
296718.7271300266
286272.89066177694
276238.8358984173
266598.23665087327
257333.68980634102
248428.6628567694
239867.44477141052
231635.09997649002
223717.4252235599
216100.90914501317
208772.69431073274
201720.54161403826
194932.79682809542
188398.35918588936
182106.6518478089
176047.5941309532
170211.57538351364
164589.43039609134
159172.4162496353
153952.19050689403
148920.79066091796
144070.61476027037
139394.4031362598
134885.22116271887
130536.44298367747
126341.73614872765
122295.04710000005
118390.58745847952
114622.82106091766
110986.45170186757
107476.41153839404
104087.85011782391
100816.12399150313
97656.78687994927
94605.58035703347
91658.4250229119
88811.41213736952
86060.79568704143
83402.98486165765
80834.53691602079
78352.15039588016
75952.65870722543
73633.02400978594
71390.33141670152
69221.78348343173
67124.69496999844
65096.48786161426
63134.686633647674
61236.913747712235
59400.88536645059
57624.40727531784
55905.37100035227
54241.750111565656
52631.59670218474
51073.03803453884
49564.273343917615
48103.57079221509
46689.264563643315
45319.75209523165
43993.49143523811
42708.9987229819
41464.84578396709
40259.657834505866
39092.11129036762
37960.93167428061
36864.891617392095
35802.80895006001
34773.544877596745
33776.00223682104
32809.123829494194
31871.89082892551
30963.321256227977
30082.468522889292
29228.420036498537
28400.29586663257
27597.24746806181
26818.45645858047
26063.133448906072
25330.516922221857
24619.872161059888
23930.490219339245
23261.686937482802
22612.801998641087
21983.19802414945
21372.259706438395
20779.39297770405
20204.024212729946
19645.5994643298
19103.583729955364
18577.46024808454
18066.729823071764
17570.910177206024
17089.535328782244
16622.154995048524
16168.33401894615
15727.651818610146
15299.701858647322
14884.091142254225
14480.43972328207
14088.380237396565
13707.557451520555
13337.627830784642
12978.259122246729
12629.129954675283
12289.929453723127
11960.356871849513
11640.121232376881
11328.940987096817
11026.543686865609
10732.665664655298
10447.051730549387
10169.454878195636
9899.636002249543
9637.363626362745
9382.413641290343
9134.569052709438
8893.619738359464
8659.36221413114
8431.599408747628
8210.140446696489
7994.800439085832
7785.400282112002
7581.766462839439
7383.730872006224
7191.13062358069
7003.80788080638
6821.609688483457
6644.387811245274
6471.998577598982
6304.302729508576
6141.165277308017
5982.455359740761
5828.046108930694
5677.814520097001
5531.641325833686
5389.410874781419
5251.011014526517
5116.3329785686
4985.271277204773
4857.72359218437
4733.590674994182
4612.776248639564
4495.186912792384
4380.732052181712
4269.32374810819
4160.876692967715
4055.308107674453
3952.537661877763
3852.48739687141
3755.08165109774
3660.2469881530465
3567.912127204086
3478.007875729179
3390.4670645006595
3305.2244847286356
3222.2168272890976
3141.382623962334
3062.6621906104842
2985.997572225679
2911.3324897829075
2838.6122888341824
2767.7838897829574
2698.795739780096
2631.5977661848324
2566.141331536319
2502.3791899833523
2440.265445121833
2379.755509191392
2320.806063584363
2263.375020622089
2207.4214865551066
2152.9057257454238
2099.789125990598
2048.0341649507704
1997.6043776412853
1948.4643249548174
1900.579563178255
1853.916614470858
1808.442938271391
1764.126903603083
1720.9377622464483
1678.8456227509391
1637.821425257575
1597.8369171056165
1558.864629197275
1520.8778530954505
1483.8506188302863
1447.7576733912451
1412.574459882193
1378.2770973177771
1344.8423610401262
1312.2476637356717
1280.471037032538
1249.4911136596584
1219.2871101494272
1189.8388100663121
1161.1265477444515
1133.1311925178668
1105.8341334274605
1079.2172643895165
1053.2629698109386
1027.954110636982
1003.2740108176719
979.2064441796413
955.7356216904855
932.8461791032386
910.5231649689438
888.7520290057237
867.5186108131198
846.8091289208725
826.6101701616498
806.9086793575987
787.6919493109062
768.9476110889321
750.6636245947053
732.8282694139741
715.4301359302085
698.4581166992892
681.9013980758625
665.7494520836092
649.9920285219323
634.6191473018032
619.6210910037545
604.9883976512199
590.7118536926565
576.7824871860855
563.1915611798984
549.9305672839718
536.9912194253249
524.3654477827395
512.0453928949383
500.0233999370931
488.2920131606032
476.8439704912269
465.67219828084103
454.7698062082101
444.1300823243286
433.746488238018
423.6126544376035
413.7223757446294
404.0696068956899
394.6484582485881
385.4531916091395
376.4782161750614
367.7180845935003
359.167489128846
350.82125793760025
342.67435144715654
334.72185883544887
326.95899460851757
319.3810952731433
311.98361610176755
304.7621279870223
297.71231438326294
290.8299683325826
284.1109895728574
277.55138172545753
271.14724956031904
264.89479633614724
258.79032121359205
252.8302167392955
247.01096639877923
241.32914223619997
235.78140253905875
230.36448958601056
225.07522745597288
219.91051989678755
214.86734825174454
209.94276944232024
205.13391400554303
200.43798418443
195.85225207000468
191.37405779343086
187.00080776685598
182.72997297158676
178.55908729227426
174.48574589580613
170.50760365366477
166.6223736065236
162.82782546990794
159.12178417977233
155.50212847687712
151.9667895288912
148.5137495891663
145.14104069116735
141.8467433775685
138.62898546305672
135.48594082990897
132.41582825543864
129.41691027043228
126.48749204772218
123.62592032006698
120.83058232653298
118.09990478659728
115.43235290120884
112.82642938007442
110.28067349444758
107.79366015472839
105.36399901219595
102.99033358421532
100.67134040228298
98.40572818228749
96.19223701638545
94.02963758590471
91.91673039470707
89.85234502245706
87.83533939725974
85.86459908714347
83.93903660988326
82.05759076066752
80.21922595713272
78.42293160129593
76.66772145793527
74.95263304897638
73.27672706345692
71.63908678265392
70.0388175199679
68.47504607517179
66.94692020264169
65.45360809319742
63.99429786919176
62.568197092497265
61.17453228504757
59.81254846160213
58.48150867441077
57.18069356946333
55.90940095401926
54.66694537511994
53.452657708793716
52.265884759673924
51.10598887075479
49.97234754302044
48.864353064687506
47.781412149809704
46.72294558599974
45.68838789103032
44.67718697808191
43.688803829412585
42.72271217823024
41.778398198553326
40.85536020285351
39.95310834727703
39.071164344248814
38.209061182267945
37.366342852708165
36.54256408344245
35.73729007911514
34.950096267890345
34.18056805450917
33.42830057949381
32.692898484339864
31.973975682543465
31.27115513631249
30.584068638817133
29.91235660183693
29.255667848666405
28.61365941214501
27.98599633767987
27.37235149113443
26.772405371458344
26.18584592793813
25.612368381950777
25.051675053105814
24.503475189664194
23.967484803125704
23.443426506878566
22.931029358809113
22.43002870777034
21.940166043812503
21.461188852080134
20.992850470283237
20.534909949652178
20.087131919288783
19.64928645382777
19.22114894432563
18.802499972295237
18.3931251868079
17.99281518458517
17.601365393005924
17.218575955955508
16.844251622445746
16.47820163793658
16.120239638291988
15.77018354630403
15.427855470721324
15.093081607719423
14.765692144752126
14.445521166724674
14.132406564431097
13.826189945199266
13.526716545689073
13.233835146790314
12.947397990568035
12.667260699204977
12.393282195891407
12.125324627614388
11.863253289799543
11.60693655275947
11.356245789904474
11.111055307671933
10.871242277132247
10.636686667229933
10.407271179619741
10.182881185058589
9.963404661315241
9.74873213256031
9.538756610200444
9.333373535121384
9.132480721305246
8.935978300788529
8.743768669928231
8.555756436943792
8.371848370704107
8.191953350729044
8.015982318375983
7.843848229182437
7.675466006336758
7.510752495249429
7.349626419198238
7.1920083360212805
7.037820595832383
6.886987299734149
6.739434259504534
6.595088958233278
6.453880511885351
6.315739631768961
6.18059858788628
6.048391173145535
5.9190526684139
5.7925198083906135
5.668730748280897
5.54762503125003
5.42914355664686
5.313228548954615
5.199823527490734
5.0888732767987115
4.980323817738749
4.874122379252597
4.770217370787704
4.668558355364775
4.56909602327341
4.471782166380804
4.37656965303887
4.283412403575497
4.192265366356024
4.103084494401321
4.0158267225492486
3.930449945146548
3.846912994258535
3.7651756183843053
3.6851984616654456
3.6069430435765097
3.5303717390858713
3.4554477592757604
3.382135132410634
3.3103986854432335
3.240204025948025
3.171517524471838
3.104306297291932
3.038538189571777
2.9741817589052455
2.9112062592399837
2.849581625171072
2.789278456596217
2.730268003723989
2.6725221524267715
2.616013409930337
2.560714890832134
2.506600303440544
2.453643936427613
2.4018206457878617
2.3511058420960156
2.3014754780566657
2.252906036338992
2.2053745176899064
2.1588584293190864
2.1133357735495455
2.068785036727539
2.025185178385755
1.9825156206538697
1.9407562379106924
1.8998873466723016
1.8598896957106308
1.8207444563971642
1.7824332132665026
1.7449379547946826
1.70824106438725
1.6723253115722307
1.6371738433932292
1.6027701759980073
1.5690981864180342
1.5361421045345507
1.503886505226841
1.4723163006985007
1.4414167329775682
1.411173366586503
1.3815720813780956
1.3525990655334534
1.3242408087183457
1.2964840953942267
1.2693159982804025
1.2427238719638143
1.216695346653079
1.1912183220734414
1.1662809614993916
1.1418716859218054
1.1179791683464768
1.094592328221068
1.0717003259874864
1.0492925577568346
1.0273586501041112
1.005888454979923
0.984872044736513
0.9642997072655008
0.9441619412447747
0.9244494514920236
0.9051531444224863
0.8862641236085268
0.8677736854387135
0.8496733148741225
0.8319546812996556
0.8146096344681908
0.797630200535468
0.7810085781836195
0.7647371348313461
0.7488084029287498
0.733215076334904
0.7179500067762807
0.7030062003841878
0.6883768143094324
0.6740551534124435
0.660034667027153
0.6463089457969434
0.6328717185810534
0.6197168494298185
0.6068383346272013
0.5942302997990799
0.5818869970858183
0.5698028023776379
0.5579722126114045
0.5463898431274112
0.5350504250848199
0.5239488029344268
0.5130799319474665
0.5024388757991782
0.492020804205912
0.48182099061455713
0.4718348099431182
0.46205773637128716
0.4524853411798833
0.44311329063806304
0.43393734393722394
0.42495335117055355
0.416157251357197
0.4075450705100411
0.39911291974613144
0.390856993438778
0.3827735674103947
0.37485899716517507
0.3671097161607066
0.35952223411764905
0.3520931353666227
0.34481907723148203
0.3376967884481479
0.3307230676182162
0.32389478169655433
0.3172088645121312
0.31066231532134053
0.3042521973930834
0.2979756366249125
0.291829820189533
0.28581199521099493
0.2799194674699046
0.27414960013701484
0.26849981253456157
0.2629675789247243
0.25755042732461164
0.25224593834718095
0.24705174406751343
0.241965526913881
0.23698501858293833
0.2321079989792117
0.2273322951765763
0.22265578040358594
0.21807637305036617
0.2135920356974183
0.2092007741650071
0.20490063658447366
0.2006897124886017
0.19656613192239988
0.19252806457313357
0.18857371891930402
0.18470134139815028
0.18090921559126807
0.17719566142794443
0.17355903440581527
0.16999772482846645
0.16651015705960057
0.16309478879340739
0.1597501103407782
0.15647464393101534
0.1532669430286987
0.150125591665367
0.147049203785698
0.14403642260786037
0.1410859199977299
0.1381963958566623
0.13536657752252748
0.13259521918371003
0.129881101305795
0.12722303007065677
0.12461983682768213
0.1220703775568573
0.11957353234346293
0.11712820486411896
0.11473332188393132
0.11238783276450001
0.11009070898254585
0.10784094365892716
0.10563755109781629
0.10347956633581698
0.10136604470080082
0.0992960613802536
0.09726871099892165
0.0952831072055572
0.09333838226856057
0.09143368668032868
0.08956818877011659
0.08774107432522833
0.08595154622035515
0.08419882405488148
0.0824821437979884
0.08080075744138118
0.07915393265947673
0.07754095247688911
0.07596111494305136
0.07441373281382212
0.07289813323992166
0.07141365746205124
0.06995966051254889
0.06853551092344086
0.0671405904407484
0.0657742937449151
0.06443602817722188
0.06312521347205836
0.0618412814949257
0.060583675986044104
0.05935185230944586
0.058145277207433156
0.05696342856028546
0.0558057951511026
0.05467187643567142
0.05356118231724894
0.05247323292615427
0.05140755840406553
0.05036369869292011
0.04934120332831952
0.0483396312373394
0.047358550540652286
0.046397538358867695
0.045456180622999005
0.04453407188896929
0.043630815156067364
0.04274602168926975
0.041879310845344436
0.041030309902656
0.04019865389459136
0.03938398544652849
0.03858595461627162
0.03780421873787884
0.037038442268808446
0.03628829664031244
0.03555346011100848
0.034833617623560825
0.034128460664403545
0.033437687126441046
0.032761001174661956
0.032098113114603005
0.03144873926360305
0.0308126018247856
0.030189428763713243
0.029578953687654674
0.028980915727410347
0.028395059421639585
0.027821134603637894
0.02725889629050996
0.026708104574688533
0.026168524517747732
0.02563992604646278
0.02512208385106697
0.024614777285659813
0.024117790270719773
0.023630911197676734
0.02315393283550013
0.02268665223925987
0.02222887066061753
0.021780393460206948
0.02134103002186352
0.020910593668663123
0.020488901580731723
0.02007577471478795
0.019671037725381785
0.019274518887793208
0.01888605002255514
0.0185054664215664
0.01813260677576068
0.01776731310429815
0.017409430685247786
0.017058807987728124
0.016715296605475792
0.016378751191811314
0.016049029395972306
0.01572599180078532
0.015409501861647586
0.015099425846790866
0.014795632778800322
0.0144979943773616
0.014206385003210033
0.013920681603256525
0.013640763656865161
0.01336651312325787
0.01309781439002259
0.012834554222701314
0.012576621715434935
0.012323908242643036
0.012076307411716083
0.011833715016699008
0.011596028992944912
0.01136314937271852
0.011134978241729189
0.010911419696573804
0.010692379803070352
0.010477766555463293
0.01026748983648226
0.010061461378236172
0.009859594723924947
0.009661805190351584
0.009468009831217832
0.009278127401186664
0.009092078320695578
0.008909784641504735
0.008731170012964494
0.008556159648987136
0.00838468029570794
0.008216660199821051
0.0080520290775759
0.007890718084420364
0.0077326597852767805
0.007577788125437869
0.007426038402069072
0.0072773472363048845
0.00713165254592649
0.006988893518608524
0.006849010585722973
0.006711945396688481
0.006577640793853642
0.006446040787902956
0.0063170905337745584
0.0061907363070789045
0.006066925481007911
0.005945606503724231
0.0058267288762205785
0.005710243130639274
0.005596100809042281
0.005484254442622346
0.0053746575313459305
0.005267264524018908
0.005162030798766162
0.005058912643916386
0.004957867239283594
0.004858852637837071
0.004761827747751526
0.004666752314829601
0.004573586905288841
0.004482292888905569
0.004392832422508115
0.004305168433812161
0.0042192646055910134
0.0041350853601737556
0.00405259584426452
0.0039717619140760595
0.0038925501207711173
0.003814927696205131
0.0037388625389639806
0.003664323200690637
0.003591278872694622
0.0035196993728384553
0.003449555132695182
0.0033808171849715168
0.003313457151190841
0.0032474472296307837
0.0031827601835100034
0.003119369329419035
0.003057248525990029
0.0029963721628004742
0.0029367151495060095
0.0028782529051975285
0.002820961347977915
0.00276481688475387
0.0027097964012382843
0.002655877252158839
0.002603037251668503
0.002551254663953715
0.002500508194036208
0.0024507769787643447
0.002402040577990113
0.002354278965927859
0.0023074725226910255
0.0022616020260031724
0.002216648643079644
0.0021725939226763715
0.002129419787302331
0.002087108525592225
0.0020456427848361057
0.002005005563662658
0.0019651802048729614
0.0019261503884215915
0.0018879001245420482
0.0018504137470134502
0.0018136759065656388
0.0017776715644197585
0.001742385985961558
0.0017078047345446198
0.0016739136654208542
0.0016406989197956076
0.001608146919004813
0.0015762443588116456
0.0015449782038202168
0.0015143356820038838
0.001484304279345791
0.0014548717345893541
0.0014260260340963672
0.001397755406810535
0.0013700483193242565
0.0013428934710464986
0.0013162797894696997
0.0012901964255336257
0.0012646327490842134
0.0012395783444254017
0.0012150230059620464
0.0011909567339320535
0.001167369730225853
0.0011442523942914468
0.001121595319123237
0.0010993892873329301
0.0010776252673007952
0.0010562944094056478
0.0010353880423319235
0.0010148976694522379
0.0009948149652839091
0.0009751317720178841
0.0009558400961186039
0.000936932104993328
0.0009184001237294994
0.0009002366318987369
0.0008824342604261007
0.0008649857885232651
0.0008478841406843042
0.0008311223837427856
0.000814693723988924
0.0007985915043455421
0.0007828092016016559
0.00076734042370247
0.0007521789070946408
0.0007373185141256712
0.0007227532304963159
0.0007084771627649153
0.0006944845359025847
0.0006807696908982266
0.0006673270824123234
0.0006541512764785267
0.000641236948252055
0.0006285788798039343
0.000616171957960153
0.0006040111721847938
0.0005920916125062565
0.0005804084674856716
0.0005689570222266595
0.0005577326564255614
0.0005467308424613431
0.0005359471435243273
0.0005253772117829836
0.0005150167865879835
0.0005048616927127581
0.0004949078386298159
0.0004851512148220822
0.00047558789212855205
0.000466214020123538
0.00045702582552884527
0.0004480196106581868
0.00043919175189318044
0.0004305386981902878
0.0004220569696180561
0.00041374315592404397
0.00040559391513083053
0.0003976059721605031
0.0003897761174870496
0.0003821012058160822
0.00037457815479133413
0.00036720394372738083
0.00035997561236805455
0.0003528902596700231
0.00034594504261102035
0.0003391371750222248
0.00033246392644429733
0.0003259226210065873
0.00031951063632904204
0.0003132254024463523
0.0003070644007538798
0.0003010251629749271
0.0002951052701489085
0.0002893023516399992
0.0002836140841658462
0.0002780381908459298
0.0002725724402691763
0.0002672146455804291
0.0002619626635853941
0.00025681439387368504
0.000251767777959597
0.0002468207984402496
0.00024197147817074405
0.0002372178794559903
0.00023255810325886398
0.0002279902884243581
0.00022351261091941042
0.00021912328308808072
0.00021482055292176876
0.0002106027033441705
0.00020646805151066505
0.00020241494812184708
0.0001984417767509117
0.00019454695318461265
0.0001907289247775172
0.00018698616981928864
0.00018331719691473087
0.00017972054437633537
0.00017619477962907746
0.00017273849862721436
0.00016935032528283807
0.00016602891090594803
0.0001627729336558074
0.0001595810980033556
0.00015645213420445052
0.0001533847977837245
0.00015037786902883483
0.00014743015249489967
0.00014454047651891381
0.00014170769274394113
0.00013893067565288444
0.00013620832211164055
0.00013353955092144904
0.00013092330238024985
0.0001283585378528644
0.00012584423934982648
0.00012337940911468057
0.00012096306921958478
0.00011859426116904202
0.00011627204551160073
0.000113995501459361
0.00011176372651512916
0.0001095758361070657
0.00010743096323067451
0.00010532825809798723
0.00010326688779379258
0.0001012460359387741
0.00009926490235941145
0.00009732270276451187
0.00009541866842823637
0.00009355204587948877
0.00009172209659754146
0.00008992809671376885
0.0000881693367193682
0.00008644512117894287
0.00008475476844983506
0.00008309761040708612
0.00008147299217391556
0.00007988027185760445
0.00007831882029067546
0.00007678802077726199
0.00007528726884456228
0.00007381597199927555
0.00007237354948891939
0.00007095943206793114
0.0000695730617684549
0.00006821389167572156
0.00006688138570792798
0.0000655750184005255
0.00006429427469482803
0.00006303864973085315
0.00006180764864431158
0.00006060078636766019
0.000059417587435137125
0.000058257585791699715
0.00005712032460578539
0.000056005356085818794
0.000054912241300391105
0.000053840550002035085
0.00005278986045452614
0.0000517597592636366
0.00005074984121127438
0.00004975970909293806
0.00004878897355842167
0.00004783725295570331
0.00004690417317795415
0.00004598936751360482
0.00004509247649940787
0.000044213147776435706
0.000043351035948955386
0.000042505802446122524
0.0000416771153864372
0.000040864649444906484
0.0000400680857228599
0.000039287111620363456
0.00003852142071118107
0.000037770712620231216
0.000037034692903489914
0.000036313072930289415
0.00003560556976796627
0.00003491190606881018
0.00003423180995926806
0.000033565014931357916
0.00003291125973624858
0.0000322702882799614
0.00003164184952115122
0.000031025697370925745
0.000030421590594661364
0.000029829292715776228
0.000029248571921421065
0.000028679200970048963
0.000028120957100827143
0.000027573621944853154
0.00002703698143813984
0.00002651082573633317
0.000025994949131128776
0.000025489149968352504
0.000024993230567672427
0.000024506997143908888
0.000024030259729911127
0.000023562832100968948
0.000023104531700728484
0.00002265517956858257
0.000022214600268505286
0.00002178262181930273
0.000021359075626250904
0.00002094379641409379
0.000020536622161373437
0.000020137394036066126
0.000019745956332498436
0.000019362156409517115
0.000018985844629888446
0.000018616874300901858
0.00001825510161615407
0.00001790038559849015
0.000017552588044078293
0.000017211573467595637
0.000016877209048502963
0.000016549364578386737
0.00001622791240934669
0.000015912727403408563
0.000015603686882941367
0.000015300670582058807
0.000015003560598985754
0.000014712241349370127
0.000014426599520521457
0.000014146524026557515
0.000013871905964441165
0.000013602638570889318
0.000013338617180136873
0.000013079739182538419
0.000012825903983475803
0.000012577012965648996
0.000012332969447506058
0.00001209367864505175
0.000011859047636951801
0.000011628985325770476
0.000011403402402501023
0.00001118221131129585
0.000010965326214895678
0.000010752662960743694
0.00001054413904777111
0.000010339673593840845
0.000010139187303835855
9.942602438379934e-6
9.74984278317759e-6
9.56083361896141e-6
9.37550169203421e-6
9.193775185394702e-6
9.01558369043452e-6
8.840858179195623e-6
8.669530977176776e-6
8.5015357366782e-6
8.336807410673635e-6
8.175282227199509e-6
8.016897664250623e-6
7.861592425172556e-6
7.709306414540852e-6
7.559980714517169e-6
7.413557561673069e-6
7.269980324272098e-6
7.1291934800010126e-6
6.991142594141265e-6
6.855774298172058e-6
6.723036268796209e-6
6.592877207380656e-6
6.465246819803216e-6
6.340095796697533e-6
6.217375794088448e-6
6.097039414409759e-6
5.979040187897167e-6
5.8633325543485875e-6
5.749871845244738e-6
5.638614266222859e-6
5.5295168798964235e-6
5.422537589014112e-6
5.317635119951233e-6
5.214769006527068e-6
5.113899574141564e-6
5.014987924225155e-6
4.917995918995422e-6
4.8228861665145946e-6
4.729622006041784e-6
4.638167493674255e-6
4.548487388271939e-6
4.46054713765955e-6
4.374312865100852e-6
4.289751356039644e-6
4.206830045102198e-6
4.1255170033559915e-6
4.045780925819605e-6
3.96759111921882e-6
3.890917489984099e-6
3.815730532484599e-6
3.742001317494037e-6
3.6697014808839e-6
3.598803212539355e-6
3.529279245493609e-6
3.4611028452762664e-6
3.3942477994715186e-6
3.328688407481971e-6
3.264399470494107e-6
3.2013562816413116e-6
3.1395346163605806e-6
3.0789107229391148e-6
3.0194613132470336e-6
2.961163553652447e-6
2.9039950561153976e-6
2.8479338694570745e-6
2.7929584708008236e-6
2.739047757181575e-6
2.6861810373203643e-6
2.634338023560685e-6
2.5834988239634504e-6
2.533643934557443e-6
2.4847542317422067e-6
2.436810964840312e-6
2.3897957487960973e-6
2.3436905570179644e-6
2.298477714361398e-6
2.2541398902499203e-6
2.210660091931293e-6
2.1680216578662436e-6
2.126208251247141e-6
2.0852038536440316e-6
2.0449927587755257e-6
2.005559566402091e-6
1.966889176339297e-6
1.9289667825886782e-6
1.8917778675838934e-6
1.8553081965498573e-6
1.8195438119727037e-6
1.7844710281782945e-6
1.7500764260172204e-6
1.7163468476541443e-6
1.6832693914594106e-6
1.6508314070009873e-6
1.6190204901346652e-6
1.5878244781906238e-6
1.5572314452544941e-6
1.527229697540983e-6
1.4978077688582876e-6
1.4689544161615076e-6
1.440658615193274e-6
1.4129095562098948e-6
1.3856966397913445e-6
1.3590094727334167e-6
1.3328378640204301e-6
1.3071718208769326e-6
1.2820015448967903e-6
1.2573174282481899e-6
1.2331100499530345e-6
1.2093701722392737e-6
1.186088736964717e-6
1.1632568621109473e-6
1.1408658383459618e-6
1.1189071256541287e-6
1.0973723500322111e-6
1.0762533002501163e-6
1.0555419246750858e-6
1.0352303281581184e-6
1.0153107689813613e-6
9.9577565586531e-7
9.766175450345815e-7
9.578291373411977e-7
9.394032754441373e-7
9.213329410441605e-7
9.036112521727367e-7
8.862314605340489e-7
8.691869488990325e-7
8.524712285504099e-7
8.360779367777351e-7
8.200008344214419e-7
8.0423380346497e-7
7.887708446739825e-7
7.736060752817818e-7
7.587337267199951e-7
7.441481423936572e-7
7.298437754998096e-7
7.158151868887463e-7
7.020570429671086e-7
6.88564113641969e-7
6.753312703051079e-7
6.623534838567149e-7
6.496258227677148e-7
6.371434511799669e-7
6.24901627043608e-7
6.128957002907952e-7
6.011211110451353e-7
5.895733878661096e-7
5.782481460277957e-7
5.671410858312285e-7
5.562479909497197e-7
5.455647268065105e-7
5.350872389841116e-7
5.248115516647069e-7
5.147337661010216e-7
5.0485005911705e-7
4.951566816380562e-7
4.856499572492804e-7
4.763262807827857e-7
4.6718211693188906e-7
4.5821399889263743e-7
4.494185270318107e-7
4.4079236758090777e-7
4.323322513556346e-7
4.2403497250036873e-7
4.158973872571295e-7
4.079164127585668e-7
4.000890258444925e-7
3.924122619015092e-7
3.848832137252613e-7
3.7749903040488986e-7
3.7025691622923503e-7
3.631541296143756e-7
3.561879820520779e-7
3.493558370787518e-7
3.426551092645086e-7
3.3608326322192523e-7
3.296378126341372e-7
3.233163193018698e-7
3.171163922090503e-7
3.110356866066285e-7
3.050719031142496e-7
2.992227868394356e-7
2.9348612651393046e-7
2.878597536468671e-7
2.8234154169443933e-7
2.76929405245745e-7
2.716212992244859e-7
2.664152181062251e-7
2.6130919515088007e-7
2.563013016501676e-7
2.5138964618970284e-7
2.465723739254645e-7
2.4184766587435057e-7
2.3721373821854405e-7
2.326688416234195e-7
2.2821126056873156e-7
2.238393126928153e-7
2.1955134814955573e-7
2.153457489778687e-7
2.1122092848345262e-7
2.071753306325688e-7
2.032074294576201e-7
1.9931572847429142e-7
1.9549876011002982e-7
1.9175508514364377e-7
1.8808329215580076e-7
1.844819969902136e-7
1.8094984222530605e-7
1.7748549665615275e-7
1.7408765478649167e-7
1.707550363306153e-7
1.6748638572494682e-7
1.6428047164911004e-7
1.6113608655630981e-7
1.5805204621284297e-7
1.5502718924655787e-7
1.520603767040892e-7
1.491504916167004e-7
1.4629643857455915e-7
1.4349714330928775e-7
1.407515522846236e-7
1.3805863229503332e-7
1.3541737007212154e-7
1.3282677189869028e-7
1.3028586323028866e-7
1.2779368832412049e-7
1.2534930987515235e-7
1.2295180865929126e-7
1.206002831834923e-7
1.1829384934265796e-7
1.1603164008320011e-7
1.1381280507313372e-7
1.1163651037857459e-7
1.0950193814651628e-7
1.0740828629376721e-7
1.0535476820191978e-7
1.0334061241824567e-7
1.0136506236238986e-7
9.942737603876014e-8
9.752682575449478e-8
9.566269784290389e-8
9.383429239227463e-8
9.20409229799387e-8
9.028191641149684e-8
8.85566124651033e-8
8.686436364070818e-8
8.520453491416365e-8
8.357650349609905e-8
8.19796585954707e-8
8.041340118769704e-8
7.887714378728911e-8
7.737031022488907e-8
7.589233542863045e-8
7.444266520973739e-8
7.302075605227889e-8
7.162607490699859e-8
7.025809898913955e-8
6.891631558018735e-8
6.760022183345446e-8
6.630932458343277e-8
6.50431401588386e-8
6.380119419928011e-8
6.258302147547715e-8
6.138816571296164e-8
6.021617941919565e-8
5.906662371403485e-8
5.793906816347763e-8
5.683309061663312e-8
5.574827704584516e-8
5.4684221389914024e-8
5.364052540035189e-8
5.2616798490615455e-8
5.1612657588257804e-8
5.0627726989941124e-8
4.9661638219257485e-8
4.8714029887299525e-8
4.778454755593165e-8
4.6872843603706016e-8
4.5978577094373915e-8
4.510141364794048e-8
4.424102531421582e-8
4.339709044881131e-8
4.256929359153572e-8
4.175732534714312e-8
4.096088226838829e-8
4.017966674134335e-8
3.941338687293331e-8
3.8661756380645675e-8
3.7924494484374025e-8
3.7201325800352205e-8
3.649198023713963e-8
3.579619289361805e-8
3.511370395895996e-8
3.444425861453089e-8
3.378760693768835e-8
3.3143503807440224e-8
3.2511708811926085e-8
3.189198615768742e-8
3.1284104580691104e-8
3.0687837259071824e-8
3.0102961727561325e-8
2.952925979357065e-8
2.8966517454893627e-8
2.8414524819001067e-8
2.7873076023893044e-8
2.734196916048096e-8
2.6821006196468337e-8
2.6309992901702147e-8
2.5808738774965606e-8
2.531705697218536e-8
2.483476423602409e-8
2.436168082683374e-8
2.389763045494112e-8
2.3442440214241407e-8
2.2995940517073523e-8
2.2557965030352785e-8
2.2128350612936308e-8
2.1706937254197724e-8
2.12935680137872e-8
2.088808896255417e-8
2.04903491246103e-8
2.0100200420510535e-8
1.9717497611530293e-8
1.934209824501811e-8
1.8973862600802707e-8
1.8612653638633654e-8
1.825833694663657e-8
1.7910780690761996e-8
1.75698555652099e-8
1.7235434743810172e-8
1.6907393832340913e-8
1.658561082176619e-8
1.626996604237573e-8
1.5960342118808807e-8
1.565662392594563e-8
1.5358698545648892e-8
1.5066455224339502e-8
1.4779785331390207e-8
1.4498582318321151e-8
1.4222741678782255e-8
1.3952160909306604e-8
1.3686739470820651e-8
1.3426378750895808e-8
1.3170982026727989e-8
1.2920454428830108e-8
1.2674702905424459e-8
1.2433636187521328e-8
1.2197164754669898e-8
1.1965200801369586e-8
1.1737658204128087e-8
1.151445248915428e-8
1.1295500800673117e-8
1.1080721869851117e-8
1.0870035984320066e-8
1.066336495828801e-8
1.0460632103225522e-8
1.0261762199116597e-8
1.0066681466263207e-8
9.87531753763252e-9
9.68759943173679e-9
9.503457526035132e-9
9.322823530847497e-9
9.14563046377074e-9
8.971812624587172e-9
8.801305570655939e-9
8.634046092778263e-9
8.469972191527007e-9
8.309023054031692e-9
8.151139031210495e-9
7.996261615440052e-9
7.844333418655084e-9
7.695298150869422e-9
7.549100599110108e-9
7.405686606756887e-9
7.265003053278986e-9
7.1269978343618205e-9
6.991619842415857e-9
6.8588189474603965e-9
6.728545978374881e-9
6.6007527045109695e-9
6.47539181765798e-9
6.352416914355245e-9
6.231782478544577e-9
6.113443864556121e-9
5.997357280421477e-9
5.883479771507547e-9
5.771769204464844e-9
5.662184251484736e-9
5.554684374858798e-9
5.449229811835305e-9
5.3457815597665564e-9
5.24430136154174e-9
5.144751691299672e-9
5.047095740416117e-9
4.951297403760265e-9
4.8573212662154415e-9
4.765132589458546e-9
4.67469729899372e-9
4.585981971434892e-9
4.498953822032746e-9
4.413580692441236e-9
4.329831038719045e-9
4.247673919561497e-9
4.167078984758486e-9
4.088016463874042e-9
4.0104571551432884e-9
3.934372414582582e-9
3.8597341453087626e-9
3.786514787063448e-9
3.714687305938444e-9
3.6442251842984316e-9
3.5751024108970674e-9
3.5072934711828072e-9
3.440773337790837e-9
3.3755174612174393e-9
3.3115017606733903e-9
3.248702615112866e-9
3.1870968544344666e-9
3.1266617508511823e-9
3.067375010425835e-9
3.009214764769004e-9
2.9521595628962165e-9
2.896188363241347e-9
2.841280525823221e-9
2.7874158045625163e-9
2.734574339746008e-9
2.682736650635358e-9
2.6318836282176943e-9
2.5819965280951698e-9
2.5330569635109417e-9
2.485046898508837e-9
2.4379486412242194e-9
2.3917448373034804e-9
2.3464184634497113e-9
2.301952821092119e-9
2.2583315301767937e-9
2.2155385230765283e-9
2.1735580386173792e-9
2.1323746162197218e-9
2.091973090151602e-9
2.0523385838922403e-9
2.0134565046035553e-9
1.975312537707637e-9
1.9378926415681413e-9
1.9011830422735677e-9
1.8651702285205603e-9
1.8298409465951685e-9
1.7951821954503245e-9
1.7611812218775972e-9
1.727825515771449e-9
1.6951028054842053e-9
1.6630010532700173e-9
1.6315084508160726e-9
1.6006134148594102e-9
1.570304582887676e-9
1.5405708089222245e-9
1.5114011593819565e-9
1.482784909026381e-9
1.4547115369763522e-9
1.427170722810995e-9
1.400152342739362e-9
1.3736464658453916e-9
1.3476433504047483e-9
1.3221334402721617e-9
1.2971073613379482e-9
1.272555918052325e-9
1.2484700900162743e-9
1.2248410286376483e-9
1.2016600538512754e-9
1.1789186509018215e-9
1.156608467188237e-9
1.1347213091685708e-9
1.1132491393240153e-9
1.0921840731810426e-9
1.071518376390507e-9
1.0512444618626393e-9
1.031354886956842e-9
1.0118423507252503e-9
9.926996912090115e-10
9.739198827862898e-10
9.554960335709904e-10
9.374213828612357e-10
9.196892986366425e-10
9.022932751033057e-10
8.852269302864767e-10
8.684840036677938e-10
8.520583538691701e-10
8.359439563802227e-10
8.201349013293037e-10
8.046253912972792e-10
7.894097391724336e-10
7.744823660477143e-10
7.598377991568398e-10
7.454706698505214e-10
7.313757116112386e-10
7.175477581059518e-10
7.039817412760332e-10
6.906726894637025e-10
6.776157255742611e-10
6.648060652734494e-10
6.522390152192456e-10
6.399099713274506e-10
6.278144170704085e-10
6.159479218082358e-10
6.043061391519246e-10
5.928848053577206e-10
5.816797377521707e-10
5.706868331872512e-10
5.599020665250112e-10
5.493214891511538e-10
5.389412275170045e-10
5.287574817093275e-10
5.187665240474541e-10
5.089646977071992e-10
4.993484153710534e-10
4.899141579041499e-10
4.806584730555129e-10
4.715779741840958e-10
4.626693390091489e-10
4.539293083844377e-10
4.4535468509586196e-10
4.3694233268203137e-10
4.286891742773421e-10
4.2059219147715e-10
4.1264842322459204e-10
4.0485496471865653e-10
3.9720896634309275e-10
3.897076326157595e-10
3.823482211580207e-10
3.751280416838108e-10
3.680444550079831e-10
3.610948720735854e-10
3.5427675299768805e-10
3.4758760613541853e-10
3.4102498716185153e-10
3.3458649817141086e-10
3.282697867944529e-10
3.2207254533069794e-10
3.159925098991927e-10
3.1002745960448315e-10
3.041752157186901e-10
2.9843364087918386e-10
2.9280063830155824e-10
2.872741510076137e-10
2.8185216106805914e-10
2.76532688859656e-10
2.7131379233652234e-10
2.6619356631533427e-10
2.6117014177415015e-10
2.562416851646055e-10
2.514063977372176e-10
2.466625148795503e-10
2.4200830546699507e-10
2.3744207122592874e-10
2.3296214610900454e-10
2.2856689568235035e-10
2.2425471652444898e-10
2.2002403563646923e-10
2.158733098638362e-10
2.1180102532882265e-10
2.0780569687395253e-10
2.038858675160084e-10
2.0004010791044302e-10
1.962670158259924e-10
1.9256521562930027e-10
1.8893335777935839e-10
1.8537011833157859e-10
1.8187419845131036e-10
1.784443239366254e-10
1.7507924475019128e-10
1.717777345600602e-10
1.6853859028920338e-10
1.6536063167362492e-10
1.6224270082889066e-10
1.5918366182490848e-10
1.5618240026880967e-10
1.532378228957688e-10
1.503488571676164e-10
1.475144508790923e-10
1.44733571771596e-10
1.4200520715428944e-10
1.3932836353241285e-10
1.3670206624267628e-10
1.3412535909559e-10
1.31597304024604e-10
1.2911698074192492e-10
1.2668348640088308e-10
1.2429593526472614e-10
1.2195345838171415e-10
1.1965520326639893e-10
1.1740033358696791e-10
1.1518802885853654e-10
1.1301748414227732e-10
1.1088790975027244e-10
1.0879853095598242e-10
1.0674858771022274e-10
1.0473733436254355e-10
1.0276403938790993e-10
1.008279851185805e-10
9.892846748108732e-11
9.706479573821727e-11
9.523629223590189e-11
9.344229215491948e-11
9.168214326732238e-11
8.995520569749305e-11
8.826085168774599e-11
8.659846536838634e-11
8.496744253214023e-11
8.336719041287547e-11
8.179712746852784e-11
8.025668316815573e-11
7.874529778304273e-11
7.726242218177143e-11
7.580751762919288e-11
7.438005558921762e-11
7.29795175313554e-11
7.160539474093186e-11
7.025718813291237e-11
6.893440806926465e-11
6.763657417979211e-11
6.636321518637219e-11
6.511386873053508e-11
6.388808120431862e-11
6.268540758433694e-11
6.150541126900328e-11
6.034766391884399e-11
5.921174529984761e-11
5.8097243129789876e-11
5.7003752927477934e-11
5.593087786485898e-11
5.487822862193764e-11
5.3845423244450264e-11
5.2832087004241623e-11
5.183785226229438e-11
5.0862358334359545e-11
4.990525135913949e-11
4.896618416897384e-11
4.804481616298167e-11
4.71408131826121e-11
4.6253847389558945e-11
4.538359714599287e-11
4.452974689706805e-11
4.369198705565935e-11
4.2870013889288646e-11
4.206352940919677e-11
4.1272241261522545e-11
4.049586262054668e-11
3.9734112083963236e-11
3.898671357013786e-11
3.825339621731746e-11
3.753389428475231e-11
3.6827947055694653e-11
3.6135298742239016e-11
3.545569839196792e-11
3.478889979636946e-11
3.413466140099292e-11
3.349274621730923e-11
3.2862921736243765e-11
3.224495984335004e-11