1
2.405274989117628e10
9.040299465427803e9
4.545460189390819e9
2.5796095075001683e9
1.56663854975773e9
9.94255897169697e8
6.510565460476761e8
4.3653349981629556e8
2.982239767711253e8
2.0687569021487853e8
1.4536031440703663e8
1.032635410496702e8
7.40610623972918e7
5.3564799873757504e7
3.9031324263887584e7
2.8632421943886306e7
2.1131648116832554e7
1.5681937697782902e7
1.1696350465556683e7
8.764051470862918e6
6.594845351206838e6
4.9820574546175655e6
3.7773890897203023e6
2.8736970398898297e6
2.1930828567320774e6
1.6785802087173017e6
1.2883053455776074e6
991309.502045377
764617.3832464096
591098.7711923922
457929.61471362226
355473.0533248823
276461.48953246867
215395.76040862154
168101.73812718038
131401.68444925558
102869.66194398428
80648.80029048245
63314.27792680423
49770.229237756226
39171.92559881487
30866.8539498331
24349.974260171326
19229.650418125697
15201.640752521138
12029.192449014352
9527.771652112473
7553.323568638117
5993.2274068488605
4759.313522419155
3782.462263998491
3008.4186125342767
2394.5432932760386
1907.2866365986238
1520.2212910809114
1212.5078355433047
967.696299382745
772.788758545826
617.5051634853944
493.70760838057373
394.948299638099
316.1142323837338
253.14757272019227
202.8253794293815
162.5858932544513
130.3914133254674
104.61995141750252
83.97954587629808
67.4404361833416
54.181329485563126
43.54679625173676
35.01346324860879
28.163166768367827
22.66161737065794
18.24143255176317
14.688633795675281
11.831893482796103
9.533966124602856
7.684855946056209
6.196365671672782
4.997744749484585
4.032213297052474
3.254184015549967
2.6270407381527363
2.121361160846753
1.713494224845534
1.384420823555404
1.1188409745012804
0.9044421025366015
0.7313122373090575
0.5914692196806675
0.4784828220419961
0.38717132000617693
0.3133577486905913
0.25367402681760476
0.20540348795139704
0.16635424092314133
0.13475728676328586
0.10918452354491553
0.08848273418176264
0.07172042380238534
0.05814499140546195
0.04714821584996749
0.038238433395086285
0.031018102577565623
0.02516570785641631
0.020421158681330296
0.016574005459994122
0.013453926317896577
0.010923044971800026
0.008869725607725754
0.007203559478620268
0.005851313312194462
0.004753654189106666
0.0038625014362537137
0.003138884981306761
0.0025512128991646526
0.0020738696461535923
0.0016860816053738288
0.0013709987653553561
0.0011149511940430749
0.0009068469094973378
0.0007376841564210483
0.0006001562706007761
0.0004883314906248466
0.00039739345035170965
0.0003234308116696544
0.00026326670013141564
0.0002143203868496568
0.00017449509987550255
0.0001420870127106725
0.00011571139952113496
0.000094242708718774
0.00007676592332293355
0.00006253707573736472
0.0000509511887602628
0.000041516241948105594
0.00003383202755547117
0.000027572975037139152
0.000022474197118014737
0.000018320151468222416
0.000014935426340040822
0.000012177251207074059
9.929408602651242e-6
8.097284309409674e-6
6.603842497660957e-6
5.386352526599616e-6
4.393726675448192e-6
3.5843544916655766e-6
2.9243408893793764e-6
2.3860725425015664e-6
1.9470512548787937e-6
1.5889444715328928e-6
1.2968124210398782e-6
1.0584789552660136e-6
8.640193082632223e-7
7.053429982280138e-7
5.758541617843093e-7
4.7017491435562505e-7
3.8392001681893656e-7
3.135133128880032e-7
2.5603817786921696e-7
2.0911566399427843e-7
1.708052025350573e-7
1.395236787714082e-7
1.1397947357996577e-7
9.311869823001662e-8
7.608136396498109e-8
6.216564710406151e-8
5.079875159360016e-8
4.151314870485552e-8
3.392719973175047e-8
2.772935169921622e-8
2.266524606682992e-8
1.8527202562136333e-8
1.514563977649051e-8
1.2382075212651773e-8
1.0123413512988906e-8
8.277285407743882e-9
6.7682437734424e-9
5.534658929406995e-9
4.5261844293044146e-9
3.7016883492702887e-9
3.0275644315809336e-9
2.4763532252147744e-9
2.025616233460326e-9
1.6570165728419276e-9
1.3555682060526536e-9
1.1090227919976904e-9
9.073688899307586e-10
7.424228995434717e-10
6.074949083391881e-10
4.971157094912061e-10
4.068137762893523e-10
3.3293303809481053e-10
2.7248398296080384e-10
2.23021983463703e-10
1.8254786168814826e-10
1.4942662309675024e-10
1.2232103501652733e-10
1.0013733454652484e-10
8.198084800638668e-11
6.711971014125748e-11
5.4955202931497e-11
4.499750470023375e-11
3.684586142683429e-11
3.0172372867279346e-11
2.4708733686787684e-11
2.023539039365995e-11
1.657267337967937e-11
1.3573543865549577e-11
1.1117661321610205e-11
9.106530680534043e-12
7.45953258147476e-12
6.11067578217297e-12
5.005940215272962e-12
4.101103146941282e-12
3.3599604995223925e-12
2.7528714257379725e-12
2.2555673236651267e-12
1.8481771936045367e-12
1.5144299964412665e-12
1.2410018348619903e-12
1.016981635271874e-12
8.334337976370933e-13
6.830401974307613e-13
5.598071274907996e-13
4.588253879640854e-13
3.7607387592681276e-13
3.0825877964914005e-13
2.5268191686878453e-13
2.0713292994916205e-13
1.698010109253595e-13
1.3920261502877395e-13
1.141222640927813e-13
9.356406725420042e-14
7.67120168238519e-14
6.289746948069611e-14
5.157251126094536e-14
4.2288140792431747e-14
3.467639837608848e-14
2.843572662128623e-14
2.3318977765520653e-14
1.912358875972637e-14
1.5683531939730488e-14
1.2862720119031889e-14
1.0549603081628364e-14
8.652740061121139e-15
7.097171774846763e-15
5.821447503384806e-15
4.775188846624919e-15
3.917093195479649e-15
3.2132974910188237e-15
2.6360372024044652e-15
2.1625472163149176e-15
1.7741609641355846e-15
1.4555720043288355e-15
1.1942287415197913e-15
9.798382592316918e-16
8.039595813672782e-16
6.59670231647352e-16
5.412928721093189e-16
4.44171187584404e-16
3.6448613793594454e-16
2.9910530166107626e-16
2.454593470460462e-16
2.0144074268933519e-16
1.6532070068122166e-16
1.3568106812558755e-16
1.1135847474094116e-16
9.139852952056744e-17
7.501825715020927e-17
6.157529087511409e-17
5.0542605721669595e-17
4.148779501902556e-17
3.405607272437165e-17
2.795633125388387e-17
2.2949705196064574e-17
1.8840190218124254e-17
1.5466947588915615e-17
1.2697991246214843e-17
1.0425008864798722e-17
8.559113092837462e-18
7.027355786480951e-18
5.769868136089399e-18
4.7375142308893315e-18
3.889965826232139e-18
3.194122657818202e-18
2.6228162450294558e-18
2.153746277721726e-18
1.7686078276030695e-18
1.4523751275331663e-18
1.1927138156082704e-18
9.794985883607097e-19
8.044173477420803e-19
6.606463229088898e-19
5.425834339653897e-19
4.456294504469084e-19
3.6600837241788023e-19
3.00620000398368e-19
2.4691892243711264e-19
2.0281518215196368e-19
1.6659274116972028e-19
1.3684254650856253e-19
1.1240758544690181e-19
9.233777977989248e-20
7.585295650904318e-20
6.231244806014061e-20
5.11901344828903e-20
4.20539529273689e-20
3.454907436531618e-20
2.8384090877232555e-20
2.331967447831867e-20
1.9159265017894906e-20
1.5741423940931502e-20
1.2933555750663644e-20
1.0626752404919822e-20
8.731559705748763e-21
7.174500717227955e-21
5.895220777390225e-21
4.844142911998389e-21
3.980542358299092e-21
3.2709652438014766e-21
2.687929876996518e-21
2.208860117752352e-21
1.8152093349631234e-21
1.491740880891812e-21
1.225937105272918e-21
1.0075139354573074e-21
8.280221569100325e-22
6.805199014635444e-22
5.593036204325588e-22
4.596870940028331e-22
3.778198958672735e-22
3.1053826567887087e-22
2.552426012716923e-22
2.0979681682338316e-22
1.7244566247038876e-22
1.417467984076122e-22
1.165149893575493e-22
9.577625577242579e-23
7.873020454066212e-23
6.471907933595791e-23
5.320233141499156e-23
4.3735725772523887e-23
3.5954173422651284e-23
2.955762502612881e-23
2.4299479738290407e-23
1.9977060619063744e-23
1.6423788011011907e-23
1.3502748061816233e-23
1.1101407597195114e-23
9.127270935769135e-24
7.504310701020677e-24
6.17003464176547e-24
5.073075083277478e-24
4.17120785068593e-24
3.4297241183545885e-24
2.8200922875327473e-24
2.3188582085351997e-24
1.9067412775306537e-24
1.5678915085945944e-24
1.2892789022017638e-24
1.0601915426504336e-24
8.718230568927953e-25
7.169335184484897e-25
5.895707160496738e-25
4.8484103712522e-25
3.987211313225928e-25
3.2790309305136543e-25
2.696671953635047e-25
2.2177727036030016e-25
1.8239470481492913e-25
1.5000773757796643e-25
1.2337333532658057e-25
1.0146940811727588e-25
8.345552473429382e-26
6.864061538013506e-26
5.645641847695406e-26
4.6435649629727445e-26
3.8194052683968215e-26
3.1415642310373415e-26
2.5840570433634306e-26
2.1255149832572629e-26
1.7483651269209337e-26
1.4381558756795402e-26
1.1830023682431583e-26
9.731304621219194e-27
8.005017593308538e-27
6.585052683616745e-27
5.417038567098179e-27
4.4562575472053396e-27
3.6659310327924465e-27
3.0158096159878482e-27
2.4810136185961147e-27
2.041079597925369e-27
1.6791762149206296e-27
1.381459372559131e-27
1.1365418808903423e-27
9.350573026120546e-28
7.6930124878867e-28
6.329363672734315e-28
5.2074971089318995e-28
4.284531824596299e-28
3.525194064380825e-28
2.9004673614669894e-28
2.3864822289210785e-28
1.9636029240382863e-28
1.6156762960569103e-28
1.329413941792926e-28
1.0938840039322012e-28
9.000931491143287e-29
7.406427188623244e-29
6.094458884953043e-29
5.0149500647008436e-29
4.126702088119599e-29
3.395819841557064e-29
2.794416650633667e-29
2.29954890577042e-29
1.8923396440606272e-29
1.557257564562289e-29
1.281523903118765e-29
1.0546244858136501e-29
8.679083046473909e-30
7.142572691973714e-30
5.87814510710131e-30
4.837608545715976e-30
3.9813091918448514e-30
3.276618144956452e-30
2.696686597785382e-30
2.2194216550441448e-30
1.8266436747580415e-30
1.5033929512606051e-30
1.2373592655752217e-30
1.018412523344737e-30
8.382165622585806e-31
6.899113877938284e-31
5.678517095429622e-31
4.673918003941824e-31
3.84708469572054e-31
3.16655395661439e-31
2.6064326285253515e-31
2.145411285166421e-31
1.7659526049104222e-31
1.4536234907984831e-31
1.1965454723654131e-31
9.849424363600874e-32
8.107684460591859e-32
6.674014634893373e-32
5.493913021376061e-32
4.522522056088242e-32
3.7229214912987054e-32
3.0647236075678027e-32
2.522917110456921e-32
2.0769156776528798e-32
1.7097749212504055e-32
1.4075479472737356e-32
1.1587549750526169e-32
9.539468242288566e-33
7.853456526871368e-33
6.46549270936341e-33
5.3228777960842e-33
4.382232691031143e-33
3.6078495994325376e-33
2.9703351161356304e-33
2.445493379595982e-33
2.0134068093571077e-33
1.6576794642889083e-33
1.364814246982582e-33
1.1237002723229509e-33
9.251909093638856e-34
7.617564548473316e-34
6.271982353883055e-34
5.164132715905501e-34
4.25200560111974e-34
3.5010161216483552e-34
2.8826918935124883e-34
2.373592496720197e-34
1.9544199880137295e-34
1.6092866786448875e-34
1.3251123661807774e-34
1.091128128545595e-34
8.984678374081174e-35
7.398318806362068e-35
6.092103266065125e-35
5.01655020994609e-35
4.1309196513062445e-35
3.401668547477133e-35
2.801179171303382e-35
2.3067122115083117e-35
1.8995448786093638e-35
1.5642613160446713e-35
1.2881683972553886e-35
1.0608147483007924e-35
8.735947529652128e-36
7.194225220630382e-36
5.924634632518064e-36
4.879132729477958e-36
4.018159708940619e-36
3.309140788696636e-36
2.725252641810929e-36
2.2444077222851834e-36
1.8484179869068e-36
1.522306320860394e-36
1.2537395746104996e-36
1.0325617298119729e-36
8.504095075120101e-37
7.003958566875948e-37
5.768493337670853e-37
4.750995018080456e-37
3.913002217863341e-37
3.222841441329033e-37
2.654428906825491e-37
2.186283903970405e-37
1.8007163349484053e-37
1.4831576834054532e-37
1.2216100862934467e-37
1.0061926563579165e-37
8.287678853352737e-38
6.82633989895397e-38
5.622715588308479e-38
4.6313491555417073e-38
3.81480302503276e-38
3.142243876954982e-38
2.5882774120804065e-38
2.131988742638805e-38
1.7561521165657316e-38
1.4465800892143976e-38
1.1915875321601145e-38
9.815502128542443e-39
8.085412560658958e-39
6.660317437114557e-39
5.486441353239789e-39
4.51949188872953e-39
3.7229870651111004e-39
3.0668778435019985e-39
2.526413608099231e-39
2.0812077665112307e-39
1.7144681625038374e-39
1.412363226167976e-39
1.1634999165833412e-39
9.584937368005779e-40
7.896145801864205e-40
6.504950324554311e-40
5.358901134036092e-40
4.4147938569094525e-40
3.6370395847037456e-40
2.996322317377027e-40
2.4684931280971945e-40
2.0336593036008327e-40
1.6754340774666849e-40
1.380318637784752e-40
1.1371930851225956e-40
9.368971301204527e-41
7.718847079143436e-41
6.359394768940202e-41
5.239404674669095e-41
4.3166903933672246e-41
3.556498648155117e-41
2.9301993975522727e-41
2.414206813054014e-41
1.989090428181488e-41
1.6388429372495839e-41
1.3502770319374238e-41
1.1125285315247373e-41
9.166470721465747e-42
7.552589229774408e-42
6.222892175456985e-42
5.127331290752214e-42
4.224673644208387e-42
3.4809487145971446e-42
2.8681690709191254e-42
2.3632764454239215e-42
1.9472734836352412e-42
1.6045084546897995e-42
1.3220859709094202e-42
1.0893815149184306e-42
8.97641484933903e-43
7.396536916513854e-43
6.0947589496572615e-43
5.0221215571980446e-43
4.1382857922850815e-43
3.4100151140883122e-43
2.809924709128497e-43
2.315451077987886e-43
1.908003089524214e-43
1.5722625396063712e-43
1.2956078820292777e-43
1.0676394378604168e-43
8.797882108316066e-44
7.249935845199688e-44
5.974377705853293e-44
4.923270139674686e-44
4.057113211945291e-44
3.343359281274693e-44
2.7551891819336134e-44
2.270503864453558e-44
1.8710935570263261e-44
1.5419531911085343e-44
1.2707183388277802e-44
1.0472004445723157e-44
8.630038692823853e-45
7.112103441237829e-45
5.861189663049345e-45
4.830319592750994e-45
3.980781410711523e-45
3.280674629663654e-45
2.7037114920468328e-45
2.22822931462318e-45
1.8363766500228893e-45
1.5134426713153267e-45
1.24730457131046e-45
1.0279722057198368e-45
8.4721286550561e-46
6.9824207627647254e-46
5.7546880478301295e-46
4.742854977969623e-46
3.9089506386128186e-46
3.2216829695693547e-46
2.6552638527202048e-46
2.188440910089446e-46
1.803699639785744e-46
1.486605918176461e-46
1.2252641709537177e-46
1.0098708617781981e-46
8.323465283387336e-47
6.860325465745169e-47
5.654412354022439e-47
4.6604991797549135e-47
3.841312065910598e-47
3.1661313890315044e-47
2.6096391424396937e-47
2.1509690271153616e-47
1.7729236098916538e-47
1.4613291621289505e-47
1.2045039617497585e-47
9.92820101667375e-48
8.183423582772125e-48
6.745305666830033e-48
5.559943333755478e-48
4.5829088171992975e-48
3.777584446303878e-48
3.113789530276766e-48
2.5666486818935105e-48
2.1156591220972052e-48
1.743921975089309e-48
1.4375087170860315e-48
1.1849390133035408e-48
9.76750357138745e-49
8.051433698367327e-49
6.6368945748340584e-49
5.470898614872995e-49
4.5097706662773105e-49
3.717511196101727e-49
3.064447205175107e-49
2.5261202872120794e-49
2.082370142186107e-49
1.7165791836721502e-49
1.415049920987676e-49
1.1664917758285046e-49
9.615980965162369e-50
7.926975148967164e-50
6.534665782284654e-50
5.386928856374198e-50
4.440798520619653e-50
3.6608578308837483e-50
3.017912302105018e-50
2.487896560756801e-50
2.050973129556977e-50
1.6907895777136996e-50
1.3938662050441549e-50
1.1490913200578337e-50
9.473052039703561e-51
7.809571757762954e-51
6.43822912549042e-51
5.307714367370466e-51
4.37573043020062e-51
3.607409710286516e-51
2.9740089440494315e-51
2.4518333867539107e-51
2.0213499927044953e-51
1.666456389496419e-51
1.3738782740336604e-51
1.1326726677124526e-51
9.338184326362517e-52
7.698787185271696e-52
6.3472270356637844e-52
5.23296212649241e-52
4.314326266595326e-52
3.556970049114896e-52
2.9325758638895266e-52
2.4177986040646103e-52
1.9933924222057285e-52
1.6434908557650809e-52
1.3550133826973715e-52
1.1171762003473456e-52
9.21088921659331e-53
7.594220983685261e-53
6.261331315344538e-53
5.162403148203349e-53
4.256365571204277e-53
3.5093581592704654e-53
2.893464967979985e-53
2.3856708325423993e-53
1.9670009317709685e-53
1.621811434185389e-53
1.337204695511067e-53
1.1025471362156662e-53
9.090717687301006e-54
7.495505103911356e-54
6.180240284144446e-54
5.0957901504225767e-54
4.2016456493051585e-54
3.4644078922446045e-54
2.8565400633631294e-54
2.3553384329041537e-54
1.9420840082309752e-54
1.6013431086874337e-54
1.3203907189820875e-54
1.0887350663106773e-54
8.97725650906672e-55
7.40230079663646e-55
6.103676246015034e-55
5.032895484516918e-55
4.149979878205279e-55
3.421966256327219e-55
2.8216757275611398e-55
2.326698582955156e-55
1.918557356479007e-55
1.5820167723016539e-55
1.3045147971888846e-55
1.0756935420216828e-55
8.870124875614586e-56
7.314295857186811e-56
6.0313832371118275e-56
4.973509294309592e-56
4.101196202316282e-56
3.381892186382696e-56
2.7887563028967183e-56
2.299656455458397e-56
1.8963432273795904e-56
1.5637686777171975e-56
1.2895246626005522e-56
1.063379707914165e-56
8.768971401627494e-57
7.231202171076757e-57
5.963125019117093e-57
4.9174378754660253e-57
4.0551357918068555e-57
3.344055447164932e-57
2.7576749998318564e-57
2.2741244850050577e-57
1.8753698183380514e-57
1.546539947161584e-57
1.275372035327842e-57
1.0517539740513551e-57
8.673471443399497e-58
7.152753523142006e-58
5.898683287773883e-58
4.864502210597597e-58
4.011651844729475e-58
3.308335653781035e-58
2.728333095961768e-58
2.2500217129912182e-58
1.855570737647833e-58
1.5302761343590415e-58
1.2620122649004505e-58
1.0407797230422683e-58
8.583324703065227e-59
7.078703638245668e-59
5.837856070528155e-59
4.814536658798194e-59
3.9706085152646717e-59
3.274621395150494e-59
2.700639219122443e-59
2.227273201289006e-59
1.8368845249404023e-59
1.514926980054961e-59
1.2494040094660752e-59
1.030423047653358e-59
8.498253082455763e-60
7.008824425868363e-60
5.780456290697182e-60
4.7673877811960704e-60
3.9318799530616287e-60
3.242809448208115e-60
2.674508704619136e-60
2.205809506461695e-60
1.819254221089798e-60
1.5004453214577948e-60
1.237508947988245e-60
1.020652515375968e-60
8.417998757152957e-61
6.94290440457766e-61
5.7263104785825465e-61
4.7229132865476054e-61
3.895349440644421e-61
3.2128040722209225e-61
2.6498630179042027e-61
2.1855662074485384e-61
1.8026269818006146e-61
1.4867882535686918e-61
1.226291521601784e-61
1.0114389568158216e-61
8.34232244517362e-62
6.880747285515909e-62
5.675257612507899e-62
4.68098108298631e-62
3.8609086175540222e-62
3.1845163739745924e-62
2.626629235161312e-62
2.1664834805647205e-62
1.7869537298574883e-62
1.4739153671701552e-62
1.2157187007821971e-62
1.0027552751760879e-62
8.271001848020436e-63
6.822170696739657e-63
5.627148074956524e-63
4.6414684238294795e-63
3.8284567813534185e-63
3.1578637357727185e-63
2.604739575221295e-63
2.148505716450766e-63
1.7721888416572017e-63
1.461789231031037e-63
1.2057597754123908e-63
9.945762744536849e-64
8.203830244671858e-64
6.767005032553933e-64
5.5818427108671606e-64
4.604261136879557e-64
3.7979002568746376e-64
3.132769299212193e-64
2.5841309770659282e-64
2.1315811742832602e-64
1.7582898641966426e-64
1.4503750125256302e-64
1.1963861651970299e-64
9.868785042675343e-65
8.140615221521581e-65
6.715092413973454e-65
5.539211976767081e-65
4.569252927978711e-65
3.7691518261633283e-65
3.109161498575814e-65
2.5647447178919066e-65
2.1156616691423147e-65
1.745217259165795e-65
1.4396402681574563e-65
1.1875712481911296e-65
9.79640119495404e-66
8.081177523381179e-66
6.666285748156397e-66
5.499135170819196e-66
4.5363447507146567e-66
3.7421302125058305e-66
3.08697363844109e-66
2.546526067324997e-66
2.1007022889349823e-66
1.7329341712055985e-66
1.4295547538404347e-66
1.179290205482635e-66
9.728407531186597e-67
8.025350012475426e-67
6.62044787613793e-67
5.461499735068066e-67
4.505444235160853e-67
3.716759612727247e-67
3.066143510759398e-67
2.5294239739088392e-67
2.0866611377097596e-67
1.7214062177460853e-67
1.4200902528267195e-67
1.1715198803051872e-67
9.6646140086717e-68
7.97297672393321e-68
6.577450799473859e-68
5.426200622215817e-68
4.476465169387904e-68
3.6929692726449736e-68
3.0466130472274974e-68
2.5133907804559606e-68
2.0734991025749468e-68
1.710601298148331e-68
1.4112204194217542e-68
1.164238650062359e-68
9.604843164238434e-69
7.923912007641369e-69
6.537174977517723e-69
5.393139720167625e-69
4.4493270282237013e-69
3.670693101166727e-69
3.028328003266507e-69
2.4983819652509413e-69
2.0611796417620862e-69
1.7004894201415408e-69
1.4029206368457418e-69
1.1574263099228759e-69
9.548929160937293e-70
7.878019747515228e-70
6.499508688022656e-70
5.362225328375765e-70
4.423954544384485e-70
3.649869319047997e-70
3.01123767035258e-70
2.484355906445758e-70
2.0496685916611386e-70
1.6910425417796966e-70
1.3951678877907687e-70
1.1510639668015684e-70
9.496716919692689e-71
7.835172650273727e-71
6.464347444603429e-71
5.333371680700159e-71
4.400277317660686e-71
3.63044013878225e-71
2.9952946138176296e-71
2.4712736672926942e-71
2.03893399090352e-71
1.6822344273457476e-71
1.387940636389015e-71
1.1451339426763305e-71
9.44806132733926e-72
7.795251596709209e-72
6.431593465330348e-72
5.306498510104285e-72
4.378229458332316e-72
3.6123514724978175e-72
2.9804544335654917e-72
2.4590988001270685e-72
2.0289459197867412e-72
1.6740405158087236e-72
1.381218720452364e-72
1.1396196863096722e-72
9.402826513429423e-73
7.758145049230821e-73
6.4011551873704e-73
5.281530651030892e-73
4.3577492614174245e-73
3.5955526650855255e-73
2.966675545434549e-73
2.447797167245356e-73
2.0196763535249462e-73
1.666437800595135e-73
1.3749832529709222e-73
1.1345056925473018e-73
9.360885189048109e-74
7.723748510152133e-74
6.372946823156076e-74
5.2583976757631006e-74
4.3387789087338116e-74
3.579996250088526e-74
2.9539189811890918e-74
2.437336777029234e-74
2.011099027976991e-74
1.6594047195722975e-74
1.3692165319693231e-74
1.1297774284570477e-74
9.322118041612306e-75
7.691964025800058e-75
6.346887954057393e-75
5.237033561480855e-75
4.3212641960842297e-75
3.5656377261554804e-75
2.9421482053415974e-75
2.427687633845799e-75
2.0031893166505428e-75
1.6529210542612493e-75
1.363901957917721e-75
1.1254212656515467e-75
9.286413180287151e-76
7.662699732055944e-76
6.322903157968402e-76
5.2173763850785116e-76
4.3051542831660817e-76
3.552435352095448e-76
2.9313289472021805e-76
2.4188216004126676e-76
1.9959241179098326e-76
1.646967837402507e-76
1.359023957980512e-76
1.1214244182084832e-76
9.253665627225257e-77
7.635869437408976e-77
6.300921667602975e-77
5.199368043122664e-77
4.2904014640624145e-77
3.540349958781994e-77
2.9214290467220454e-77
2.4107122714559078e-77
1.9892817514287905e-77
1.641527268090948e-77
1.3545679164619345e-77
1.117774885664226e-77
9.223776850342923e-78
7.611392240017179e-78
6.280877056633599e-78
5.182953994606095e-78
4.276960956397075e-78