c_k for q=1 of alpha=1*10^(-4), lambda=10^(-3), w=0
0.00016660695205108754
0.00006943344726729073
0.00003857799478445415
0.000024112854156733196
0.000016076039866294022
0.000011164363130478246
7.97481091136852e-6
5.815132431433533e-6
4.307613192403198e-6
3.230781687855606e-6
2.44761083597679e-6
1.8697367165216586e-6
1.4382829836925134e-6
1.1129741931309175e-6
8.656589610373038e-7
6.763050805912379e-7
5.304419877684275e-7
4.174824018731863e-7
3.295950320262161e-7
2.609321469793546e-7
2.0709107642922576e-7
1.6473310694049344e-7
1.313101920040668e-7
1.0486669021291449e-7
8.389405128159966e-8
6.72233352836618e-8
5.3945066729699494e-8
4.334903543795333e-8
3.48787833928098e-8
2.8096991504115633e-8
2.2659015175316394e-8
1.8292552141610502e-8
1.4781952703079906e-8
1.1956063617455332e-8
9.678775100147732e-9
7.841645006022933e-9
6.358125868149252e-9
5.1590335251468415e-9
4.188980892356517e-9
3.4035644291267213e-9
2.767139387763307e-9
2.2510569112335934e-9
1.8322643504494802e-9
1.4921919227688968e-9
1.215865611855852e-9
9.911991975839802e-10
8.084283923528831e-10
6.596579188587496e-10
5.384985040272747e-10
4.3977557328395446e-10
3.5929520619791467e-10
2.9365588742203345e-10
2.4009693203023944e-10
1.9637631816341191e-10
1.606721281225436e-10
1.315029640054393e-10
1.0766362989616087e-10
8.817310972424063e-11
7.223245760773872e-11
5.919068674094592e-11
4.851711806822546e-11
3.977895034388934e-11
3.2623053930042426e-11
2.676118388285754e-11
2.1957963086405886e-11
1.80211110127399e-11
1.4793494167450694e-11
1.2146655244093503e-11
9.97554330832617e-12
8.194220040275803e-12
6.732359643935615e-12
5.532394458233304e-12
4.547186158352619e-12
3.738124988704651e-12
3.0735777421015757e-12
2.5276200150566518e-12
2.079000288618058e-12
1.7102931412782924e-12
1.407206825720834e-12
1.1580168820136565e-12
9.531026971653183e-13
7.845681818183964e-13
6.459312030396071e-13
5.318692364933333e-13
4.380110023459539e-13
3.607657248217689e-13
2.9718318474920585e-13
2.448389821005479e-13
2.0174044375135423e-13
1.6624944298110443e-13
1.3701907617388274e-13
1.129416968807841e-13
9.31062607649777e-14
7.676330560633937e-14
6.329619368120194e-14
5.219749183118855e-14
4.304956748533048e-14
3.550864503393327e-14
2.929170298867397e-14
2.4165703785161002e-14
1.9938739370106086e-14
1.6452750523926377e-14
1.3577539190862421e-14
1.1205843366720094e-14
9.249285327837803e-15
7.635037808805306e-15
6.3030804886364805e-15
5.203941920526243e-15
4.296840735513903e-15
3.5481552995391093e-15
2.9301636079606747e-15
2.420005554437177e-15
1.9988282160624975e-15
1.6510817849466772e-15
1.3639395195672332e-15
1.1268198099004005e-15
9.309923312849603e-16
7.692534530989168e-16
6.356586926916161e-16
5.253021636252837e-16
4.3413474308172713e-16
3.5881414439779783e-16
2.9658128305799597e-16
2.451583140617616e-16
2.026645331688083e-16
1.6754700515216715e-16
1.3852333437384575e-16
1.1453444772230004e-16
9.470563446604617e-17
7.83143960720952e-17
6.476391318226202e-17
5.356114633623081e-17
4.4298759577767755e-17
3.6640198281063604e-17
3.030736973890235e-17
2.5070471668050022e-17
2.073959343643027e-17
1.7157780487377024e-17
1.4195306587614668e-17
1.1744943182974739e-17
9.718051977571513e-18
8.041357232675933e-18
6.654279343306696e-18
5.506731926786609e-18
4.557301717262397e-18
3.771744637348122e-18
3.121743035157332e-18
2.583878662819453e-18
2.1387838863143825e-18
1.7704401489867792e-18
1.4655981039516926e-18
1.2132982829842455e-18
1.0044748457149341e-18
8.3162798857875575e-19
6.88553099821108e-19
5.701168172163018e-19
4.720718551438776e-19
3.909038801263703e-19
3.237048807166799e-19
2.6806844153608466e-19
2.220031276369661e-19
1.8386084336510838e-19
1.522775736059112e-19
1.2612436459999107e-19
1.0446677282460334e-19
8.653131731633592e-20
7.16777244549662e-20
5.9375963886529e-20
4.918724757460379e-20
4.074830724292919e-20
3.3758383922804145e-20
2.7968461252307626e-20
2.3172355149755117e-20
1.91993394414687e-20
1.590804239373068e-20
1.3181394888784791e-20
1.0922448854543788e-20
9.050915878951411e-21
7.500301846538766e-21
6.215534863846335e-21
5.151001466847667e-21
4.268920767855865e-21
3.537998331210934e-21
2.9323116042176952e-21
2.430387034407103e-21
2.0144358756394303e-21
1.6697213714621623e-21
1.3840347092539833e-21
1.1472610323928162e-21
9.510200200633715e-22
7.883682112392872e-22
6.535524566855299e-22
5.418057098191411e-22
4.491778795370971e-22
3.7239571993919975e-22
3.0874676814323105e-22
2.5598319926153515e-22
2.1224217782475708e-22
1.7597987293859909e-22
1.4591679129481585e-22
1.2099248525008885e-22
1.003280269544757e-22
8.319491588838047e-23
6.898931603073698e-23
5.721070840704695e-23
4.744420172162745e-23
3.9345873766085344e-23
3.263062395334303e-23
2.7062106492903265e-23
2.244438757713525e-23
1.8615031121942804e-23
1.543936827726476e-23
1.2805747897706514e-23
1.0621599935206649e-23
8.810172521140347e-24
7.307827369134564e-24
6.0617979005320266e-24
5.028330874522285e-24
4.171145876377599e-24
3.460158261954051e-24
2.8704204738368918e-24
2.381244364872552e-24
1.9754735622218958e-24
1.638880206362334e-24
1.3596647925970518e-24
1.1280414832864869e-24
9.358942761785708e-25
7.764919147346155e-25
6.442514987550047e-25
5.345424712507095e-25
4.435240811549691e-25
3.6801060147849887e-25
3.0535956060490716e-25
2.533790551739868e-25
2.1025088505859553e-25
1.744668080471291e-25
1.4477567367258818e-25
1.2013957848577778e-25
9.969750246698329e-26
8.27351494066302e-26
6.865993224281166e-26
5.698022521523436e-26
4.728815465751632e-26
3.9245324588140016e-26
3.257097635568395e-26
2.7032167077702707e-26
2.2435622495102164e-26
1.8620978640506495e-26
1.545517545863902e-26
1.2827805934120691e-26
1.0647257799108103e-26
8.837512688583641e-27
7.335490662139706e-27
6.088847128016662e-27
5.054145059757051e-27
4.1953385451401696e-27
3.482514612916967e-27
2.8908493282383168e-27
2.3997416501137433e-27
1.9920947670762486e-27
1.6537197888211302e-27
1.3728409530097735e-27
1.1396850578477542e-27
9.461407769917011e-28
7.854759570879388e-28
6.521030254495463e-28
5.41384317072985e-28
4.494705252964876e-28
3.7316663777436107e-28
3.0982067961305765e-28
2.5723138210228005e-28
2.135715563602767e-28
1.7732449952474523e-28
1.4723121604365986e-28
1.2224661406729094e-28
1.0150315011421445e-28
8.428065503054514e-29
6.998128986688253e-29
5.810875919728589e-29
4.825105785057917e-29
4.0066150202769094e-29
3.327008339305011e-29
2.7627120644454676e-29
2.294155125529578e-29
1.905089223629899e-29
1.5820245039404604e-29
1.3137611049125215e-29
1.0910002889528778e-29
9.06021630387793e-30
7.524150355930986e-30
6.248582783648501e-30
5.189323172826115e-30
4.309679762030318e-30
3.579186599237063e-30
2.9725468248955264e-30
2.4687553712093053e-30
2.0503706050197208e-30
1.702909619029581e-30
1.414346173502617e-30
1.1746938576292145e-30