c_k for q=1 of alpha=0.5*10^(-4), lambda=10^(-3), w=0
0.00009088729447453918
0.000041316537819993925
0.000025041577967809046
0.0000170743722866418
0.000012418035742508339
9.407790987290293e-6
7.330868402966298e-6
5.831455898591404e-6
4.712346498416273e-6
3.855599065490571e-6
3.1864773731249817e-6
2.655421950917583e-6
2.2283446820423826e-6
1.881084655910337e-6
1.5960832297703213e-6
1.3603072758453295e-6
1.1639065478210086e-6
9.993195809905013e-7
8.606627937697182e-7
7.433035976320014e-7
6.435561161471774e-7
5.584604460620801e-7
4.856199865379592e-7
4.230798580443829e-7
3.6923486912912685e-7
3.2275904376626167e-7
2.8255109137465266e-7
2.4769180916314137e-7
2.1741051491375786e-7
1.9105838404698384e-7
1.680871151685608e-7
1.4803174371979836e-7
1.304967108046259e-7
1.1514450551400367e-7
1.0168635589419935e-7
8.987456123567085e-8
7.949614722211976e-8
7.036759322567354e-8
6.233043308472996e-8
5.524757098517678e-8
4.900018545818565e-8
4.348511912996009e-8
3.8612671289011355e-8
3.430472575815325e-8
3.049315886527918e-8
2.7118482178921926e-8
2.412868263208175e-8
2.147822910182015e-8
1.9127219753437415e-8
1.7040648738916524e-8
1.518777434956685e-8
1.3541573611981549e-8
1.2078270702922849e-8
1.0776928536733691e-8
9.619094523578059e-9
8.588492868607879e-9
7.670756929686258e-9
6.853196113915514e-9
6.124592602876903e-9
5.475023879227239e-9
4.895707604411659e-9
4.378865886215125e-9
3.91760639007109e-9
3.505818101351103e-9
3.13807984710882e-9
2.8095799431137492e-9
2.5160455522863194e-9
2.253680529515223e-9
2.0191106900538615e-9
1.8093355782439657e-9
1.6216859335548716e-9
1.4537861546842072e-9
1.3035211521280001e-9
1.169007057216943e-9
1.0485653228455707e-9
9.406998094491633e-10
8.440765004500274e-10
7.57505535458067e-10
6.799252878743703e-10
6.103882469841375e-10
5.48048493799728e-10
4.921505853949813e-10
4.4201968474750284e-10
3.970527925975239e-10
3.567109549034361e-10
3.205123344385577e-10
2.8802604820218805e-10
2.588666838449914e-10
2.3268941843746335e-10
2.0918567181693005e-10
1.8807923458632252e-10
1.6912281773990923e-10
1.5209497697315162e-10
1.367973700967196e-10
1.2305231070649424e-10
1.1070058543890137e-10
9.959950583123778e-11
8.962116906846608e-11
8.065090478261329e-11
7.25858876233563e-11
6.533389757807733e-11
5.881221202117263e-11
5.2946615246079543e-11
4.7670512806011555e-11
4.292413938421198e-11
3.865385015228302e-11
3.4811486673976306e-11
3.135380938774521e-11
2.824198956845222e-11
2.5441154439340893e-11
2.291997979068747e-11
2.06503250711387e-11
1.860690646017733e-11
1.6767003913003867e-11
1.5110198599073766e-11
1.3618137538505829e-11
1.2274322581821523e-11
1.1063921182630018e-11
9.973596684052411e-12
8.99135608152959e-12
8.106413440414422e-12
7.309067339280838e-12
6.5905908817368556e-12
5.9431329729671625e-12
5.359629694263461e-12
4.8337247312114156e-12
4.359697920580608e-12
3.932401078718249e-12
3.547200361635262e-12
3.1999244851117823e-12
2.8868182030324803e-12
2.6045005046768286e-12
2.349927047624003e-12
2.1203563929898047e-12
1.9133196545203574e-12
1.7265932131832468e-12
1.5581741848191315e-12
1.4062583605905089e-12
1.2692203687856519e-12
1.1455958323587166e-12
1.034065319727942e-12
9.334399070945696e-13
8.426481891380769e-13
7.607245916134089e-13
6.867988543247025e-13
6.200865663572059e-13
5.598806474756263e-13
5.055436803868658e-13
4.565010082466395e-13
4.1223452047787906e-13
3.722770577672124e-13
3.3620737410618913e-13
3.0364560002898455e-13
2.74249156841763e-13
2.477090767070216e-13
2.2374668799822858e-13
2.0211062942902398e-13
1.8257416013475098e-13
1.64932736184715e-13
1.4900182696956454e-13
1.34614947573761e-13
1.216218856390027e-13
1.0988710337817608e-13
9.928829733565996e-14
8.971510023073251e-14
8.106791078631379e-14
7.325683885312556e-14
6.620075440560524e-14
5.982643012489041e-14
5.406776830882079e-14
4.886510377074092e-14
4.4164575218324924e-14
3.9917558350023156e-14
3.608015457842133e-14
3.2612729894341637e-14
2.9479498929663085e-14
2.6648149766669753e-14
2.4089505482714618e-14
2.1777218816017034e-14
1.9687496695903687e-14
1.7798851702723907e-14
1.6091877812578416e-14
1.4549048043105092e-14
1.3154531851744246e-14
1.1894030349750001e-14
1.0754627586054662e-14
9.72465632702444e-15
8.793576913052241e-15
7.95186791251329e-15
7.190927419386614e-15
6.50298395419419e-15
5.881016030063812e-15
5.318679537794883e-15
4.810242186796467e-15
4.350524313579176e-15
3.934845436921943e-15
3.558975999636568e-15
3.2190937916712765e-15
2.9117445987222124e-15
2.633806665091727e-15
2.382458599724159e-15
2.1551503905959322e-15
1.9495772253265448e-15
1.7636558453610107e-15
1.595503187668432e-15
1.443417091890324e-15
1.305858872512584e-15
1.1814375751573099e-15
1.0688957537036904e-15
9.670966208382975e-16
8.750124389733059e-16
7.917140314091406e-16
7.163613052929622e-16
6.481946884602004e-16
5.865273917545535e-16
5.307384170032325e-16
4.802662385695011e-16
4.346030933953528e-16
3.9328982075755956e-16
3.559111986565606e-16
3.220917288998897e-16
2.9149182758414616e-16
2.6380438187062046e-16
2.387516377337113e-16
2.1608238677783913e-16
1.9556942330350946e-16
1.770072455888486e-16
1.60209977868394e-16
1.4500949176257086e-16
1.3125370796275856e-16
1.1880506082961536e-16
1.0753911023568662e-16
9.734328649469497e-17
8.811575558505274e-17
7.97643931082316e-17
7.220585653649365e-17
6.536474631069495e-17
5.917284725786604e-17
5.356844261946301e-17
4.8495693723090695e-17
4.3904079000796515e-17
3.9747886662659164e-17
3.5985755881601816e-17
3.258026183980934e-17
2.94975404339134e-17
2.6706948839847856e-17
2.4180758503119103e-17
2.1893877449949655e-17
1.9823599112724577e-17
1.7949375132466653e-17
1.625260984445555e-17
1.47164743730856e-17
1.3325738460887543e-17
1.2066618336357902e-17
1.0926639087688904e-17
9.894510156337288e-18
8.960012697111295e-18
8.113897671454801e-18
7.347793649087771e-18
6.654123391234602e-18
6.026028377336591e-18
5.457300517306343e-18
4.942320363858672e-18
4.4760012049823255e-18
4.053738475867767e-18
3.6713639831811575e-18
3.32510448301868e-18
3.01154419768126e-18
2.727590896022294e-18
2.4704451979430525e-18
2.2375727960051787e-18
2.02667931642608e-18
1.835687568217869e-18
1.6627169531925513e-18
1.5060648312279453e-18
1.3641896547897493e-18
1.2356957044336608e-18
1.119319273046744e-18
1.0139161610913075e-18
9.184503582340602e-19
8.319837986107186e-19
7.536670877111278e-19
6.827311085809399e-19
6.184794238204765e-19
5.602813978084769e-19
5.075659707678184e-19
4.598160227944031e-19
4.1656327185478567e-19
3.7738365508180393e-19
3.418931475141278e-19
3.097439767835423e-19
2.8062119619678837e-19
2.542395822264411e-19
2.303408256533869e-19
2.086909885244324e-19
1.8907820173159218e-19
1.7131058041129926e-19
1.5521433652597295e-19
1.4063206994884013e-19
1.2742122114518238e-19