c_k of alpha = 0.5*10^(-4), lambda=10^(-3), W=0.4, k=1:1:1000
0.000028263648442194614
0.000024120326661583474
0.000011616714321947145
6.6124239788050065e-6
4.184625259835758e-6
2.8529846276323095e-6
2.0551070122292364e-6
1.5437133752885795e-6
1.1980960629759223e-6
9.543724903253291e-7
7.764501344073503e-7
6.428006378072965e-7
5.399822263679879e-7
4.592692582181479e-7
3.948053544252044e-7
3.425450145189441e-7
2.9962272069817516e-7
2.6396379443756937e-7
2.3403680394011757e-7
2.0869177382013007e-7
1.870518572443605e-7
1.6843922040076847e-7
1.5232334342287152e-7
1.382843090386037e-7
1.2598632420132757e-7
1.1515834450722144e-7
1.0557969770087312e-7
9.706929395853575e-8
8.947743366097141e-8
8.267952310461884e-8
7.657120732930981e-8
7.106456674346424e-8
6.608512024645247e-8
6.156944544047582e-8
5.746327509159119e-8
5.371996412213023e-8
5.029924707650668e-8
4.716622492878305e-8
4.429053418626171e-8
4.164566184068294e-8
3.9208377543316586e-8
3.6958261002764874e-8
3.487730640901991e-8
3.294959018646622e-8
3.116099066455932e-8
2.9498950636142518e-8
2.795227548336083e-8
2.651096092508849e-8
2.5166045533368295e-8
2.390948404119278e-8
2.273403816719035e-8
2.163318225069675e-8
2.0601021451368082e-8
1.963222064277086e-8
1.8721942436347675e-8
1.7865793024225843e-8
1.705977473711067e-8
1.6300244385389594e-8
1.5583876594265143e-8
1.490763146259166e-8
1.4268725974414346e-8
1.3664608675471284e-8
1.309293719692691e-8
1.255155826764169e-8
1.2038489906207028e-8
1.1551905526308418e-8
1.1090119724973199e-8
1.0651575553938438e-8
1.0234833100590569e-8
9.838559227382992e-9
9.461518338096734e-9
9.102564054635566e-9
8.76063170614578e-9
8.434731538281132e-9
8.1239425674833e-9
7.82740701062517e-9
7.544325229714767e-9
7.273951138210826e-9
7.015588021640895e-9
6.768584730580796e-9
6.532332208755089e-9
6.30626032314242e-9
6.089834966593553e-9
5.882555406659533e-9
5.683951857139219e-9
5.4935832513381216e-9
5.311035198225433e-9
5.1359181046201586e-9
4.9678654482609706e-9
4.806532188145194e-9
4.6515932998835465e-9
4.50274242502938e-9
4.3596906244217446e-9
4.222165226546364e-9
4.089908762780982e-9
3.9626779821630615e-9
3.840242939009408e-9
3.7223861473374206e-9
3.60890179659469e-9
3.4995950237043836e-9
3.3942812368846485e-9
3.2927854871062858e-9
3.1949418834191865e-9
3.1005930487087976e-9
3.0095896127426727e-9
2.9217897396375644e-9
2.8370586871223833e-9
2.755268395194213e-9
2.676297101965959e-9
2.600028984687009e-9
2.5263538240844517e-9
2.45516669032359e-9
2.3863676490240745e-9
2.319861485893431e-9
2.2555574486540978e-9
2.1933690050445146e-9
2.1332136157701316e-9
2.0750125213674275e-9
2.0186905420237364e-9
1.9641758894687447e-9
1.9113999901204226e-9
1.8602973187294941e-9
1.8108052418228558e-9
1.762863870298084e-9
1.7164159205686025e-9
1.671406583702847e-9
1.6277834020408791e-9
1.5854961528089773e-9
1.5444967382867796e-9
1.5047390821130138e-9
1.4661790313448454e-9
1.428774263912649e-9
1.3924842011367292e-9
1.3572699249953636e-9
1.323094099854713e-9
1.2899208983908919e-9
1.2577159314508547e-9
1.226446181620928e-9
1.196079940278286e-9
1.1665867479241962e-9
1.137937337605765e-9
1.1101035812471433e-9
1.0830584387224649e-9
1.056775909513472e-9
1.031230986804774e-9
1.0063996138789678e-9
9.822586426824473e-10
9.587857944408184e-10
9.35959622210269e-10
9.137594752582781e-10
8.921654651735189e-10
8.711584336109079e-10
8.507199215834119e-10
8.308321402175208e-10
8.114779428942429e-10
7.926407987021017e-10
7.743047671329344e-10
7.564544739553368e-10
7.390750882043877e-10
7.221523002298254e-10
7.05672300748165e-10
6.896217608473644e-10
6.739878128955521e-10
6.587580323080699e-10
6.43920420129641e-10
6.294633863908952e-10
6.15375734200718e-10
6.016466445380423e-10
5.882656617086679e-10
5.752226794345891e-10
5.625079275450559e-10
5.501119592402712e-10
5.380256388731921e-10
5.262401232463769e-10
5.14746594428887e-10
5.03447405167753e-10
5.117894372436538e-10
0.
0.
0.
0.
0.
0.
0.
0.
0.
0.
0.
0.
0.
0.
0.
0.
0.
0.
0.
0.
0.
0.
0.
0.
0.
0.
0.
0.
0.
0.
0.
0.
0.
0.
0.
0.
0.
0.
0.
0.
0.
0.
0.
0.
0.
0.
0.
0.
0.
0.
0.
0.
0.
0.
0.
0.
0.
0.
0.
0.
0.
0.
0.
0.
0.
0.
0.
0.
0.
0.
0.
0.
0.
0.
0.
0.
0.
0.
0.
0.
0.
0.
0.
0.
0.
0.
0.
0.
0.
0.
0.
0.
0.
0.
0.
0.
0.
0.
0.
0.
0.
0.
0.
0.
0.
0.
0.
0.
0.
0.
0.
0.
0.
0.
0.
0.
0.
0.
0.
0.
0.
0.
0.