c_k of alpha = 0.5*10^(-4), lambda=10^(-3), W=0.2, k=1:1:1000
0.000015835941107380092
0.000014189684344685701
7.537159312594295e-6
4.563106288691341e-6
2.983618517360587e-6
2.056114042704756e-6
1.4734155950150413e-6
1.0887346666871904e-6
8.247844156740711e-7
6.379139504871238e-7
5.021119595685081e-7
4.01202147150478e-7
3.2476448118896596e-7
2.6588432459587874e-7
2.1985396370468679e-7
1.8339532114554137e-7
1.5417976609495157e-7
1.3052325116045866e-7
1.1118805220448297e-7
9.525104229932112e-8
8.201446564711014e-8
7.094442948845333e-8
6.16278170575705e-8
5.3741655238321354e-8
4.703103718301395e-8
4.129300772520889e-8
3.6364661638630525e-8
3.2114256252410956e-8
2.8434506533352266e-8
2.5237477922664565e-8
2.2450661085439037e-8
2.0013929540659503e-8
1.787716288456034e-8
1.5998376158498644e-8
1.4342237263164526e-8
1.287888417582728e-8
1.1582975484514566e-8
1.0432923749437331e-8
9.410273062343528e-9
8.49919103863216e-9
7.686052152423624e-9
6.959094388286618e-9
6.30813505069387e-9
5.724334545505866e-9
5.1999992479239835e-9
4.728416361427049e-9
4.303715073269834e-9
3.9207494146916925e-9
3.57499910617137e-9
3.262485361443876e-9
2.979699177852072e-9
2.7235400850326254e-9
2.4912636821138205e-9
2.280436583479532e-9
2.088897628697849e-9
1.9147244043472464e-9
1.7562042827799148e-9
1.611809312113481e-9
1.4801743983070804e-9
1.3600783083280046e-9
1.2504270965652259e-9
1.1502396175346764e-9
1.0586348387536228e-9
9.748207102197345e-10
8.980843826596645e-10
8.277835967877811e-10
7.633390911978125e-10
7.042278979844577e-10
6.499774134038405e-10
6.001601463626933e-10
5.543890607155375e-10
5.123134386106739e-10
4.736152017616307e-10
4.380056357825288e-10
4.052224698235681e-10
3.7502726985241147e-10
3.472031091959997e-10
3.215524845093352e-10
2.978954492774458e-10
2.760679403723354e-10
2.5592027615290347e-10
2.373158071758965e-10
2.201297028337326e-10
2.0424785919633915e-10
1.8956591504802688e-10
1.7598836461028056e-10
1.634277567557792e-10
1.518039716724627e-10
1.4104356695012058e-10
1.3107918595389857e-10
1.218490221349327e-10
1.132963336215122e-10
1.0536900304639679e-10
9.801913810727585e-11
9.120270883660768e-11
8.487921798181937e-11
7.901140127370111e-11
7.356495469554904e-11
6.850828616321638e-11
6.381228929111762e-11
5.945013715522355e-11
5.5397094174543413e-11
5.163034442045653e-11
4.812883483111363e-11
4.4873131958241494e-11
4.184529100805263e-11
3.902873605833882e-11
3.6408150441762836e-11
3.3969376382223826e-11
3.169932305816444e-11
2.958588234488129e-11
2.761785155823875e-11
2.5784862585506403e-11
2.4077316846087426e-11
2.2486325576335784e-11
2.1003654979062154e-11
1.9621675820222434e-11
1.833331709313241e-11
1.7132023404772e-11
1.601171576969896e-11
1.4966755525117526e-11
1.3991911106032684e-11
1.3082327442430303e-11
1.2233497761292254e-11
1.144123759519342e-11
1.0701660816424107e-11
1.0011157531204641e-11
9.366373682762066e-12
8.76419222495679e-12
8.201715739903569e-12
7.676250383735635e-12
7.1852910544127e-12
6.726507684362341e-12
6.297732568850084e-12
5.896948648369111e-12
5.522278670091597e-12
5.171975159588933e-12
4.844411139661288e-12
4.5380715382663085e-12
4.251545232245765e-12
3.9835176778574335e-12
3.732764083062972e-12
3.498143080133789e-12
3.278590860444787e-12
3.073115736357706e-12
2.8807930978753923e-12
2.700760734297519e-12
2.5322144934477327e-12
2.3744042531891424e-12
2.22663018191684e-12
2.0882392665270965e-12
1.958622088027267e-12
1.8372098264802053e-12
1.7234714783838383e-12
1.6169112708806758e-12
1.5170662583828666e-12
1.4235040882945866e-12
1.335820923522959e-12
1.2536395103984087e-12
1.1766073814820778e-12
1.10439518352746e-12
1.0366951215914383e-12
9.732195109612723e-13
9.136994291834234e-13
8.578834610517046e-13
8.055365299397823e-13
7.564388093501897e-13
7.103847090019358e-13
6.671819301944004e-13
6.266505855693158e-13
5.886223787476518e-13
5.529398396464691e-13
5.194556115650558e-13
4.880317782788092e-13
4.585392400945584e-13
4.307870439994248e-13
4.20592437155465e-13
0.
0.
0.
0.
0.
0.
0.
0.
0.
0.
0.
0.
0.
0.
0.
0.
0.
0.
0.
0.
0.
0.
0.
0.
0.
0.
0.
0.
0.
0.
0.
0.
0.
0.
0.
0.
0.
0.
0.
0.
0.
0.
0.
0.
0.
0.
0.
0.
0.
0.
0.
0.
0.
0.
0.
0.
0.
0.
0.
0.
0.
0.
0.
0.
0.
0.
0.
0.
0.
0.
0.
0.
0.
0.
0.
0.
0.
0.
0.
0.
0.
0.
0.
0.
0.
0.
0.
0.
0.
0.
0.
0.
0.
0.
0.
0.
0.
0.
0.
0.
0.
0.
0.
0.
0.
0.
0.
0.
0.
0.
0.
0.
0.
0.
0.
0.
0.
0.
0.
0.
0.
0.
0.