c_k of alpha = 0.5*10^(-4), lambda=10^(-3), W=0.6, k=1:1:1000
0.00003742333159424987
0.000030385580026109656
0.000013220749993126826
7.168290609150208e-6
4.451287453138842e-6
3.0227486295624273e-6
2.184111871263872e-6
1.6509425842293495e-6
1.2912020104141736e-6
1.037107622557736e-6
8.510148855103276e-7
7.106669643806794e-7
6.022209677443212e-7
5.167002405359036e-7
4.4807676587332516e-7
3.9218071369995203e-7
3.4605311436566944e-7
3.075471661011923e-7
2.7507471660494447e-7
2.474404920233548e-7
2.2373106671507462e-7
2.0323845977985755e-7
1.854075796553196e-7
1.697978244867671e-7
1.56056079038748e-7
1.4389663964959618e-7
1.330863473485165e-7
1.2343340945172078e-7
1.1477889976256304e-7
1.0699022823497316e-7
9.995607537899446e-8
9.358242766877832e-8
8.778944875987871e-8
8.250899107307214e-8
7.768260224887401e-8
7.32599196533641e-8
6.91973524049959e-8
6.545704045345769e-8
6.200595371201424e-8
5.881518151731172e-8
5.585932989254925e-8
5.3116020943774146e-8
5.05654734200764e-8
4.819014974421196e-8
4.597445774581817e-8
4.3904497621875255e-8
4.196784645592865e-8
4.015337405961771e-8
3.8451085041044175e-8
3.68519829182191e-8
3.534795283107437e-8
3.3931659999914105e-8
3.2596461560835504e-8
3.133632980224215e-8
3.014578514885416e-8
2.9019837504543892e-8
2.795393478392708e-8
2.6943917643669465e-8
2.5985979574912527e-8
2.5076631643666794e-8
2.4212671097954057e-8
2.339115436197037e-8
2.260937136418324e-8
2.1864824300115653e-8
2.115520804396686e-8
2.047839198795189e-8
1.9832405356529867e-8
1.9215422480633466e-8
1.862575032588616e-8
1.8061817117655528e-8
1.7522162086940006e-8
1.700542621270792e-8
1.6510343851615647e-8
1.6035735159276936e-8
1.5580499218736258e-8
1.5143607801773373e-8
1.4724099697346857e-8
1.4321075549053879e-8
1.393369315009701e-8
1.3561163150036364e-8
1.320274513267996e-8
1.2857744028921463e-8
1.2525506832254986e-8
1.2205419588150638e-8
1.1896904631523094e-8
1.1599418049219823e-8
1.1312447346840465e-8
1.1035509301313471e-8
1.0768147982533014e-8
1.050993292902774e-8
1.0260457464118736e-8
1.001933714034805e-8
9.78620830114105e-9
9.560726749722324e-9
9.342566516249939e-9
9.131418714979665e-9
8.926990484030496e-9
8.729004001004678e-9
8.537195568328987e-9
8.351314762735766e-9
8.171123643799659e-9
7.99639601689462e-9
7.826916746340777e-9
7.662481114876956e-9
7.502894225925841e-9
7.347970445418939e-9
7.197532880220366e-9
7.051412890435425e-9
6.909449633114023e-9
6.771489635062887e-9
6.63738639266589e-9
6.506999996780734e-9
6.380196780934226e-9
6.256848991178692e-9
6.136834476100486e-9
6.020036417332583e-9
5.906342968654409e-9
5.795647129494551e-9
5.6878464151694486e-9
5.582842650699018e-9
5.480541755945554e-9
5.380853543120909e-9
5.283691525855945e-9
5.1889727390848445e-9
5.096617569050717e-9
5.006549592788512e-9
4.918695426487002e-9
4.832984582173648e-9
4.749349332205068e-9
4.667724581081668e-9
4.588047744138049e-9
4.510258632691587e-9
4.434299345259677e-9
4.360114164482499e-9
4.287649459412298e-9
4.216853592852721e-9
4.147676833452513e-9
4.0800712722772175e-9
4.013990743600479e-9
3.949390749673131e-9
3.886228389243733e-9
3.824462289618629e-9
3.764052542062917e-9
3.7049606403561624e-9
3.6471494223282914e-9
3.5905830142118517e-9
3.535226777656916e-9
3.4810472592642037e-9
3.428012142500822e-9
3.376090201871124e-9
3.325251259222799e-9
3.2754661420754655e-9
3.2267066438656316e-9
3.1789454860081426e-9
3.1321562816800233e-9
3.0863135012380947e-9
3.0413924391867864e-9
2.997369182617403e-9
2.9542205810445085e-9
2.9119242175693333e-9
2.870458381304001e-9
2.8298020409940894e-9
2.7899348197804717e-9
2.7508369710446612e-9
2.712489355284898e-9
2.6748734179731228e-9
2.63797116834566e-9
2.6017651590829526e-9
2.5662384668360946e-9
2.5313746735601573e-9
2.4971578486164e-9
2.4635725316075592e-9
2.430603716013256e-9
2.3982368163867792e-9
2.3664503836933965e-9
2.334992719836748e-9
2.3944852682148854e-9
0.
0.
0.
0.
0.
0.
0.
0.
0.
0.
0.
0.
0.
0.
0.
0.
0.
0.
0.
0.
0.
0.
0.
0.
0.
0.
0.
0.
0.
0.
0.
0.
0.
0.
0.
0.
0.
0.
0.
0.
0.
0.
0.
0.
0.
0.
0.
0.
0.
0.
0.
0.
0.
0.
0.
0.
0.
0.
0.
0.
0.
0.
0.
0.
0.
0.
0.
0.
0.
0.
0.
0.
0.
0.
0.
0.
0.
0.
0.
0.
0.
0.
0.
0.
0.
0.
0.
0.
0.
0.
0.
0.
0.
0.
0.
0.
0.
0.
0.
0.
0.
0.
0.
0.
0.
0.
0.
0.
0.
0.
0.
0.
0.
0.
0.
0.
0.
0.
0.
0.
0.
0.
0.