c_k of alpha = 0.5*10^(-4), lambda=10^(-3), W=1, k=1:1:1000
0.00004999112794643218
0.000037493623764732386
0.000013886840611164746
7.29053347569281e-6
4.499093451149527e-6
3.0547998171699763e-6
2.210236580835263e-6
1.6735403456796093e-6
1.3112245800559673e-6
1.0551021270067956e-6
8.673562923696377e-7
7.256321618660129e-7
6.160219466560451e-7
5.295033769926639e-7
4.6001512229208e-7
4.033623959112993e-7
3.5656714973449483e-7
3.17467744371737e-7
2.844643132879491e-7
2.563522126547323e-7
2.322103698255931e-7
2.1132477817535671e-7
1.9313503757413766e-7
1.7719633364871602e-7
1.6315196190821363e-7
1.507131816095986e-7
1.396442466231966e-7
1.2975114668778147e-7
1.208730438915552e-7
1.1287569135995567e-7
1.0564632655158404e-7
9.908967326446034e-8
9.312478552447991e-8
8.768253666301893e-8
8.2703607123354e-8
7.81368609071373e-8
7.393802717701217e-8
7.006862317907444e-8
6.649506928957927e-8
6.318795799274363e-8
6.012144693113121e-8
5.7272752531652035e-8
5.462172560060079e-8
5.2150494066175216e-8
4.984316099532088e-8
4.7685548322555105e-8
4.566497855009194e-8
4.3770088122652425e-8
4.199066733115517e-8
4.031752252124092e-8
3.8742357124464995e-8
3.7257668629866036e-8
3.5856659100826694e-8
3.45331572395302e-8
3.3281601784957855e-8
3.209672463247068e-8
3.097401311307695e-8
2.9909149394983836e-8
2.8898227195116714e-8
2.793766445667105e-8
2.7024171584079853e-8
2.615472325034819e-8
2.5326533324867853e-8
2.4537032533131064e-8
2.378384851336441e-8
2.3064787980615195e-8
2.2377820747565077e-8
2.1721065384411577e-8
2.109277632844846e-8
2.049133227823896e-8
1.991522572813321e-8
1.9363053516851467e-8
1.8833508279371378e-8
1.8325370704784764e-8
1.7837502514431115e-8
1.736884008473111e-8
1.6918388647948624e-8
1.6485217011790525e-8
1.6068452745464688e-8
1.5667277785691347e-8
1.5280924421314732e-8
1.490867161968721e-8
1.454984166198003e-8
1.4203797058083551e-8
1.3869937714857464e-8
1.3547698334229701e-8
1.3236546020067104e-8
1.2935978074890652e-8
1.2645519969416774e-8
1.2364723469603541e-8
1.209316490739184e-8
1.183044358267901e-8
1.1576180285265257e-8
1.133001592658868e-8
1.1091610272026779e-8
1.0860640765405039e-8
1.0636801438126549e-8
1.0419801896031938e-8
1.0209366377723427e-8
1.0005232878649657e-8
9.807152335754907e-9
9.614887867953694e-9
9.42822486579297e-9
9.246927037738655e-9
9.070800889156519e-9
8.899641148190975e-9
8.733283210574975e-9
8.57153936770275e-9
8.414240613555808e-9
8.261225608704934e-9
8.112340266760031e-9
7.967437366612597e-9
7.826376188648658e-9
7.689022173253476e-9
7.555246600060625e-9
7.424926286517571e-9
7.29794330444975e-9
7.174184713405354e-9
7.053542309654899e-9
6.935912389804022e-9
6.821195528055259e-9
6.709296366225461e-9
6.600123415690852e-9
6.493588870491664e-9
6.3896084308834745e-9
6.288101136673203e-9
6.188989209724564e-9
6.092197905060935e-9
5.997655370033459e-9
5.905292511058886e-9
5.815042867465808e-9
5.726842492019188e-9
5.640629837722158e-9
5.556345650521065e-9
5.4739328675644565e-9
5.393336520689945e-9
5.314503644834132e-9
5.2373831910807155e-9
5.161925944080276e-9
5.088084443592348e-9
5.015812909916264e-9
4.945067172992051e-9
4.875804604966404e-9
4.8079840560315295e-9
4.74156579335658e-9
4.676511442942509e-9
4.612783934241455e-9
4.550347447391506e-9
4.4891673629266104e-9
4.429210213829835e-9
4.3704436398059944e-9
4.312836343657071e-9
4.256358049650563e-9
4.2009794637774516e-9
4.146672235802388e-9
4.093408923014295e-9
4.0411629555909024e-9
3.989908603495604e-9
3.9396209448296406e-9
3.890275835566961e-9
3.841849880603143e-9
3.79432040605357e-9
3.74766543273966e-9
3.7018636508052365e-9
3.6568943954083696e-9
3.612737623436873e-9
3.5693738911985336e-9
3.5267843330396925e-9
3.4849506408482965e-9
3.4438550443998746e-9
3.403480292507024e-9
3.3638096349357172e-9
3.32482680507578e-9
3.2865159551017447e-9
3.2488570358616306e-9
3.2118495435780027e-9
3.175465828909964e-9
0.
0.
0.
0.
0.
0.
0.
0.
0.
0.
0.
0.
0.
0.
0.
0.
0.
0.
0.
0.
0.
0.
0.
0.
0.
0.
0.
0.
0.
0.
0.
0.
0.
0.
0.
0.
0.
0.
0.
0.
0.
0.
0.
0.
0.
0.
0.
0.
0.
0.
0.
0.
0.
0.
0.
0.
0.
0.
0.
0.
0.
0.
0.
0.
0.
0.
0.
0.
0.
0.
0.
0.
0.
0.
0.
0.
0.
0.
0.
0.
0.
0.
0.
0.
0.
0.
0.
0.
0.
0.
0.
0.
0.
0.
0.
0.
0.
0.
0.
0.
0.
0.
0.
0.
0.
0.
0.
0.
0.
0.
0.
0.
0.
0.
0.
0.
0.
0.
0.
0.
0.
0.
0.