c_k of alpha = 0.5*10^(-4), lambda=10^(-3), W=0.8, k=1:1:1000
0.000044424343434321624
0.00003454945865816463
0.000013767777391974694
7.2779859933391706e-6
4.493626000989573e-6
3.0505617679105896e-6
2.206628582377395e-6
1.6703857914928486e-6
1.3084211367392756e-6
1.0525794421905969e-6
8.650634102673208e-7
7.235306917053103e-7
6.140824421141777e-7
5.27702701482063e-7
4.583347568474557e-7
4.0178731154719963e-7
3.550849611420131e-7
3.160681303738812e-7
2.831390613552893e-7
2.550929767747239e-7
2.3101129652385946e-7
2.1018039841335005e-7
1.9204059563711159e-7
1.7614766826214477e-7
1.6214541113031754e-7
1.4974550601330364e-7
1.3871256670329563e-7
1.288528914451071e-7
1.2000590828172782e-7
1.1203760083382902e-7
1.0483540731483194e-7
9.830422718398718e-8
9.236336341867242e-8
8.69435418136618e-8
8.19858472006101e-8
7.743915623769802e-8
7.325929373298118e-8
6.940786251033208e-8
6.585135974683786e-8
6.256044704769429e-8
5.9509344433135404e-8
5.6675324767188465e-8
5.40382900434576e-8
5.1580414724196774e-8
4.928584427417036e-8
4.71404393390572e-8
4.513155783776368e-8
4.324786868039972e-8
4.147919197311555e-8
3.9816361491635575e-8
3.825110594628325e-8
3.6775946160402325e-8
3.5384105770652795e-8
3.4069433454521944e-8
3.2826335015402265e-8
3.164971392280727e-8
3.0534919125826836e-8
2.9477699140586367e-8
2.8474161564299612e-8
2.752075120425788e-8
2.661414884297773e-8
2.575138220536915e-8
2.4929661857202114e-8
2.4146428466654926e-8
2.3399319002800578e-8
2.268614894604353e-8
2.2004896351132983e-8
2.1353687545520717e-8
2.0730784274072e-8
2.0134572125358256e-8
1.956355009557974e-8
1.9016321164103405e-8
1.84915837700897e-8
1.7988124093082762e-8
1.7504809052058862e-8
1.7040579947523575e-8
1.6594446680036513e-8
1.6165482486207514e-8
1.5752819139905697e-8
1.5355642572285595e-8
1.497318886937547e-8
1.4604740610488646e-8
1.4249623514691976e-8
1.390720336606688e-8
1.3576883191589021e-8
1.3258100668184831e-8
1.2950325737942113e-8
1.2653058412596508e-8
1.2365826750320192e-8
1.2088184989532287e-8
1.1819711825958309e-8
1.1560008820509929e-8
1.1308698926756612e-8
1.1065425127833086e-8
1.0829849173586692e-8
1.0601650409628899e-8
1.0380524690726933e-8
1.0166183371664639e-8
9.958352369325164e-9
9.756771290308778e-9
9.561192618905266e-9
9.371380960696188e-9
9.187112337474421e-9
9.008173529540938e-9
8.834361461775684e-9
8.665482630184843e-9
8.501352565903654e-9
8.341795333885132e-9
8.186643063733341e-9
8.03573551034748e-9
7.888920935107064e-9
7.746050536902509e-9
7.606985881882685e-9
7.471593357213795e-9
7.339743908193273e-9
7.211317741672175e-9
7.086196522590207e-9
6.964268133788388e-9
6.845425167157142e-9
6.729564688402143e-9
6.616588015401878e-9
6.506400509267055e-9
6.398911377276751e-9
6.294033486926224e-9
6.191683190376144e-9
6.091780158643717e-9
5.994247224922881e-9
5.899010236463733e-9
5.805997914481012e-9
5.715141721598266e-9
5.626375736367959e-9
5.539636534439265e-9
5.454863075974155e-9
5.3719965989391746e-9
5.290980517925123e-9
5.211760328169839e-9
5.134283514480618e-9
5.058499464772493e-9
4.984359387957061e-9
4.9118162359334774e-9
4.84082462944913e-9
4.771340787612192e-9
4.703322460852014e-9
4.636728867135892e-9
4.571520631262856e-9
4.507659727065927e-9
4.4451094223647754e-9
4.383834226520219e-9
4.3237998404509876e-9
4.264973108981588e-9
4.207321975397813e-9
4.1508154380938776e-9
4.095423509201837e-9
4.041117175100445e-9
3.987868358706512e-9
3.935649883457432e-9
3.8844354388987424e-9
3.834199547795559e-9
3.784917534691244e-9
3.736565495840984e-9
3.689120270452048e-9
3.642559413166209e-9
3.596861167723419e-9
3.552004441749167e-9
3.507968782611042e-9
3.4647343542930562e-9
3.4222819152389376e-9
3.3805927971183553e-9
3.3396488844723452e-9
3.2994325951966284e-9
3.2599268618236607e-9
3.221115113566255e-9
3.1829812589838243e-9
3.145509630801219e-9
3.1086810780774597e-9
3.0723270207456324e-9
3.155306237706592e-9
0.
0.
0.
0.
0.
0.
0.
0.
0.
0.
0.
0.
0.
0.
0.
0.
0.
0.
0.
0.
0.
0.
0.
0.
0.
0.
0.
0.
0.
0.
0.
0.
0.
0.
0.
0.
0.
0.
0.
0.
0.
0.
0.
0.
0.
0.
0.
0.
0.
0.
0.
0.
0.
0.
0.
0.
0.
0.
0.
0.
0.
0.
0.
0.
0.
0.
0.
0.
0.
0.
0.
0.
0.
0.
0.
0.
0.
0.
0.
0.
0.
0.
0.
0.
0.
0.
0.
0.
0.
0.
0.
0.
0.
0.
0.
0.
0.
0.
0.
0.
0.
0.
0.
0.
0.
0.
0.
0.
0.
0.
0.
0.
0.
0.
0.
0.
0.
0.
0.
0.
0.
0.
0.