c_k of alpha = 0.5*10^(-4), lambda=10^(-3), k=1:1:1000
8.218644108995483e-6
7.487931888582661e-6
4.110485993929782e-6
2.546900060251907e-6
1.688767120577456e-6
1.170174784354727e-6
8.366353242660395e-7
6.125149054784355e-7
4.5692240683382705e-7
3.461237256096248e-7
2.655904712978809e-7
2.060545511422311e-7
1.6140548886619797e-7
1.2750466274768188e-7
1.0148534009276026e-7
8.13236213242125e-8
6.55670227418165e-8
5.3158130118412136e-8
4.3317364190148024e-8
3.546347747131336e-8
2.9158690733672073e-8
2.407024480626227e-8
1.9943083378679677e-8
1.658020318259552e-8
1.3828360656186378e-8
1.1567568572540106e-8
9.703305385493718e-9
8.160686819488295e-9
6.880070655821423e-9
5.813717698861015e-9
4.9232375559054336e-9
4.177622100131921e-9
3.5517221833841096e-9
3.0250609286589257e-9
2.5809042321081257e-9
2.205529002636811e-9
1.887644282245033e-9
1.6179312025058663e-9
1.3886757859868136e-9
1.193474638544778e-9
1.026998131651797e-9
8.84799127846537e-10
7.631579368832457e-10
6.589562101332172e-10
5.695740373778999e-10
4.92805715375154e-10
4.2679059506780647e-10
3.6995614673065227e-10
3.209709569900353e-10
2.7870582432200966e-10
2.422014776195369e-10
2.1064172658511286e-10
1.833310790894642e-10
1.5967604161618645e-10
1.391694640779946e-10
1.2137740710566807e-10
1.0592810420510497e-10
9.250266752145998e-11
8.082724793820597e-11
7.066641071270716e-11
6.181752905814406e-11
5.410603181263391e-11
4.738136901604326e-11
4.151358198380143e-11
3.639038323994624e-11
3.1914667184777604e-11
2.800238521975171e-11
2.458072971406e-11
2.15865800633878e-11
1.8965171478516017e-11
1.6668953308023066e-11
1.465660885643019e-11
1.2892212979577531e-11
1.134450736471629e-11
9.98627645048216e-12
8.793809507804596e-12
7.746436566393092e-12
6.8261276985187946e-12
6.017146716936817e-12
5.305751652302968e-12
4.6799354850575576e-12
4.129201548937708e-12
3.6443688243131475e-12
3.217403021399645e-12
2.841269934508139e-12
2.5098080442933006e-12
2.217617768464788e-12
1.9599651235534467e-12
1.7326978703007086e-12
1.5321724808432181e-12
1.3551904936722562e-12
1.1989430179244197e-12
1.06096231662219e-12
9.390795430317172e-13
8.313878287390032e-13
7.362100292549352e-13
6.520705254050533e-13
5.776705585386548e-13
5.118666464933383e-13
4.5365168680351857e-13
4.0213840515149413e-13
3.565448516454121e-13
3.1618168612781075e-13
2.804410271925198e-13
2.487866686213218e-13
2.2074549215024395e-13
1.9589992735901564e-13
1.7388132849381173e-13
1.5436415456839486e-13
1.3706085347440882e-13
1.2171736335432546e-13
1.081091553977184e-13
9.603775172665763e-14
8.532766032370352e-14
7.582367618585657e-14
6.738850419808272e-14
5.990066473034397e-14
5.32526477761376e-14
4.73492856583159e-14
4.2106318007465e-14
3.744912593711388e-14
3.3311615157393514e-14
2.963523023562854e-14
2.6368084373224855e-14
2.3464190961835283e-14
2.0882784841860502e-14
1.858772264224133e-14
1.654695285782024e-14
1.4732047441614746e-14
1.3117787673627813e-14
1.168179793231698e-14
1.0404221754397176e-14
9.267435236230385e-15
8.255793416991057e-15
7.3554058000009e-15
6.553937622769152e-15
5.840433885942476e-15
5.205163503204369e-15
4.639481243985685e-15
4.1357054137534755e-15
3.6870094571028516e-15
3.287325880804728e-15
2.9312610807976504e-15
2.614019821870896e-15
2.3313382641159418e-15
2.0794245584492057e-15
1.8549061466728895e-15
1.6547830014372522e-15
1.476386129674281e-15
1.317340740976201e-15
1.1755335512128215e-15
1.0490837524924384e-15
9.363172343166351e-16
8.357436882914609e-16
7.460362707684179e-16
6.660135349435351e-16
5.946233768099553e-16
5.309287684398312e-16
4.740950778065711e-16
4.2337879713801195e-16
3.781175219584541e-16
3.3772104083569755e-16
3.016634116657838e-16
2.69475914339092e-16
2.407407820452711e-16
2.1508562447524702e-16
1.9217846592887773e-16
1.717233299803926e-16
1.5345631001752021e-16
1.3714207176643119e-16
1.2257073994251285e-16
1.0955512651434751e-16
9.792826281466237e-17
8.754120145512965e-17
7.826087264189021e-17
7.001210205720533e-17
6.498480417199912e-17
0.
0.
0.
0.
0.
0.
0.
0.
0.
0.
0.
0.
0.
0.
0.
0.
0.
0.
0.
0.
0.
0.
0.
0.
0.
0.
0.
0.
0.
0.
0.
0.
0.
0.
0.
0.
0.
0.
0.
0.
0.
0.
0.
0.
0.
0.
0.
0.
0.
0.
0.
0.
0.
0.
0.
0.
0.
0.
0.
0.
0.
0.
0.
0.
0.
0.
0.
0.
0.
0.
0.
0.
0.
0.
0.
0.
0.
0.
0.
0.
0.
0.
0.
0.
0.
0.
0.
0.
0.
0.
0.
0.
0.
0.
0.
0.
0.
0.
0.
0.
0.
0.
0.
0.
0.
0.
0.
0.
0.
0.
0.
0.
0.
0.
0.
0.
0.
0.
0.
0.
0.
0.
0.