c_k for q=2 of alpha=0.5*10^(-4), lambda=10^(-3), w=0
0.00008330882134879555
0.00007636989077061879
0.000042432152614569314
0.00002652257042667634
0.000017682862863168246
0.000012280379841551419
8.772056592092732e-6
6.396510561280465e-6
4.73829642101473e-6
3.5538151058192327e-6
2.692346990101896e-6
2.0566973268979472e-6
1.5821053094363494e-6
1.224269815650963e-6
9.522254475903326e-7
7.439374668427768e-7
5.834886806752879e-7
4.5923334787475214e-7
3.625572164012453e-7
2.870278871116704e-7
2.2780248812475232e-7
1.812084747597471e-7
1.4444301977575087e-7
1.1535493124971248e-7
9.228481099294e-8
7.39468281665937e-8
5.934056035479484e-8
4.7684775545187884e-8
3.836736832755318e-8
3.0907285742039695e-8
2.492541665931715e-8
2.012222655492374e-8
1.626049885156266e-8
1.3151963244463439e-8
1.0646897418046822e-8
8.626013646243171e-9
6.994108526032894e-9
5.675078453408646e-9
4.607996755303986e-9
3.744018786757842e-9
3.043934688452599e-9
2.4762301790060327e-9
2.0155468902081415e-9
1.6414576791033522e-9
1.3374908070556388e-9
1.0903511632672524e-9
8.89297806639905e-10
7.256457443918824e-10
5.923666194756027e-10
4.83768269259015e-10
3.9523727249084375e-10
3.2303187175620497e-10
2.6411523833706107e-10
2.1602108559529704e-10
1.7674525205724892e-10
1.446581568420009e-10
1.1843404858907816e-10
9.699377986778722e-11
7.945848552421615e-11
6.511205959937908e-11
5.337073815597346e-11
4.375842574992145e-11
3.588666811390898e-11
2.943838614174028e-11
2.415465699457441e-11
1.9823965453934975e-11
1.6273459176889965e-11
1.3361830571006003e-11
1.0973519835234107e-11
9.013991692454685e-12
7.405885178673482e-12
6.085873723072969e-12
5.002103393118077e-12
4.112101987560038e-12
3.381071761110896e-12
2.780494861849695e-12
2.286993784169255e-12
1.8813998731826628e-12
1.5479916344684958e-12
1.273871688147522e-12
1.0484569674705144e-12
8.630614491664352e-13
7.105545179065195e-13
5.850811740856925e-13
4.818328253604643e-13
3.968594655720875e-13
3.269157270922278e-13
2.6933466509984e-13
2.2192425237663998e-13
1.8288247766122874e-13
1.5072768745589365e-13
1.242414213723082e-13
1.024214898132907e-13
8.444345052240389e-14
6.96289739964912e-14
5.741986056344691e-14
4.735669518019205e-14
3.906130875964457e-14
3.222236448018151e-14
2.658351009921078e-14
2.1933637710466448e-14
1.8098874677057944e-14
1.493599692808373e-14
1.2327011114421344e-14
1.0174697477782734e-14
8.398942494795964e-15
6.933720886389166e-15
5.72461163665107e-15
4.72675323082238e-15
3.903160206788835e-15
3.223336980015882e-15
2.6621362904128146e-15
2.19881897546875e-15
1.816279461429061e-15
1.5004076819764944e-15
1.2395633268391603e-15
1.0241425919547264e-15
8.462211132012345e-16
6.99259652619861e-16
5.778614806238895e-16
4.775723511500005e-16
3.947155739927134e-16
3.2625601121885876e-16
2.6968791315240673e-16
2.2294240550193917e-16
1.8431117692311015e-16
1.5238352373799295e-16
1.2599440875127068e-16
1.0418160308757047e-16
8.615031933267804e-17
7.124402383231798e-17
5.892034634765132e-17
4.873119507723678e-17
4.030634148275269e-17
3.3339868286682154e-17
2.7578980289969792e-17
2.2814765275673705e-17
1.8874564505687526e-17
1.5615671886797684e-17
1.292013000766975e-17
1.0690431765094306e-17
8.845969717925319e-18
7.320102876372628e-18
6.0577333792161205e-18
5.013304278107738e-18
4.1491451337293825e-18
3.43410490798997e-18
2.84242218355591e-18
2.3527914475334677e-18
1.9475913622436097e-18
1.6122468784482484e-18
1.3347019442407335e-18
1.1049836068598785e-18
9.148416440374273e-19
7.574506191628439e-19
6.271635320484357e-19
5.193081181580198e-19
4.3001840294290186e-19
3.5609540145508724e-19
2.948919137642678e-19
2.442172427588735e-19
2.0225838474842731e-19
1.675148413947238e-19
1.3874469575539933e-19
1.149200036860567e-19
9.518988943107074e-20
7.885001325622275e-20
6.531730961200134e-20
5.410908496818798e-20
4.482572206991775e-20
3.7136367667479164e-20
3.076708850459259e-20
2.549106942743514e-20
2.1120501133917965e-20
1.7499865992660897e-20
1.4500380732729034e-20
1.2015396464147754e-20
9.956590944437602e-21
8.25081650516124e-21
6.83749062576207e-21
5.6664356421173365e-21
4.696090208863849e-21
3.892028480263228e-21
3.225734015851631e-21
2.6735845526709446e-21
2.21601134487447e-21
1.836803026320148e-21
1.5225291276742245e-21
1.2620626628570086e-21
1.0461847444699724e-21
8.672571216144651e-22
7.18950961686406e-22
5.960222075328072e-22
4.941255049447968e-22
4.096600725387257e-22
3.396420260357536e-22
2.815986126616649e-22
2.3348059267008366e-22
1.935896518282962e-22
1.6051826425356402e-22
1.3309986841419727e-22
1.1036758627502854e-22
9.152001959893772e-23
7.58929091803307e-23
6.293565127674934e-23
5.219183816581578e-23
4.3283132749223e-23
3.589590555523335e-23
2.977016057971439e-23
2.4690357649868733e-23
2.0477806289590286e-23
1.6984361807861427e-23
1.4087200506586178e-23
1.1684489155214518e-23
9.691795567383218e-24
8.03911336657355e-24
6.668395776769506e-24
5.531511293233553e-24
4.5885490179437684e-24
3.806413814150438e-24
3.1576616840474332e-24
2.6195342664490705e-24
2.173158388906162e-24
1.8028824404588595e-24
1.4957261639513633e-24
1.2409244717917288e-24
1.0295492081130494e-24
8.541955310271573e-25
7.087218684449248e-25
5.880342904551734e-25
4.879077073604101e-25
4.0483760055479322e-25
3.3591706939643377e-25
2.7873486910554154e-25
2.3129085402798075e-25
1.919258534574426e-25
1.592635152518538e-25
1.321620736471505e-25
1.0967434682908205e-25
9.101455929094685e-26
7.553082399280035e-26
6.268231830855101e-26
5.202035271599301e-26
4.317266796534636e-26
3.583040987362779e-26
2.9737324930035893e-26
2.4680797873017235e-26
2.0484417057955442e-26
1.700180705118621e-26
1.4111512347892588e-26
1.1712752982420613e-26
9.7219033763694e-27
8.06957112750568e-27
6.698173472461899e-27
5.559926597319549e-27
4.615177435307598e-27
3.83101958803226e-27
3.1801449571834426e-27
2.6398909268654514e-27
2.1914497822491647e-27
1.8192127283488333e-27
1.5102255825868202e-27
1.253737121614633e-27
1.0408243036013844e-27
8.640812754934206e-28
7.173613048130156e-28
5.955626255446945e-28
4.9445072236575325e-28
4.1051085066715175e-28
3.408256460667317e-28
2.8297355341841127e-28
2.349445323416342e-28
1.9507009947720751e-28
1.6196526812269108e-28
1.3448036111864898e-28
1.1166101736772768e-28
9.271499821790197e-29
7.698463712218345e-29
6.392397278951772e-29
5.307976934266802e-29
4.407576250391835e-29
3.659958327173238e-29
3.039190385795971e-29
2.5237428083777338e-29
2.0957412686333166e-29
1.7403459309699968e-29
1.445236120401101e-29
1.2001825379436389e-29
9.966921437994047e-30
8.27713359900851e-30
6.873913425309192e-30
5.7086481788518194e-30
4.740974193631658e-30
3.937376654468006e-30
3.270027130645987e-30
2.7158184805206773e-30
2.25556360499069e-30
1.8733302232115303e-30
1.5558885713668286e-30
1.2922528493348934e-30