a=0.0001, sigma_optimal; eta=0.0001, 0.00001, 0.000001
0.9360551680516278	0.936055168051628	0.9360551680516278
0.058552547429460346	0.058552547429460367	0.058552547429460346
0.004882985755476878	0.004882985755476881	0.004882985755476878
0.0004581030332251872	0.00045810303322518764	0.0004581030332251872
0.00004584187400136354	0.00004584187400136359	0.00004584187400136354
4.778438304767e-6	4.778438304767006e-6	4.778438304767e-6
5.123198278936187e-7	5.123198278936195e-7	5.123198278936187e-7
5.607239678787412e-8	5.607239678787422e-8	5.607239678787412e-8
6.234404110715697e-9	6.234404110715709e-9	6.234404110715697e-9
7.018343247274198e-10	7.018343247274213e-10	7.018343247274198e-10
7.980646967650215e-11	7.980646967650234e-11	7.980646967650215e-11
9.150502197708381e-12	9.150502197708407e-12	9.150502197708381e-12
1.0565195949400025e-12	1.0565195949400055e-12	1.0565195949400025e-12
1.2271200406396708e-13	1.2271200406396746e-13	1.2271200406396708e-13
1.432575515356703e-14	1.4325755153567074e-14	1.432575515356703e-14
1.6798947999937647e-15	1.6798947999937705e-15	1.6798947999937647e-15
1.977634684491342e-16	1.9776346844913493e-16	1.977634684491342e-16
2.336227278007197e-17	2.3362272780072066e-17	2.336227278007197e-17
2.7683838990101216e-18	2.7683838990101328e-18	2.7683838990101216e-18
3.2895916158380337e-19	3.289591615838048e-19	3.2895916158380337e-19
3.918722626949686e-20	3.918722626949704e-20	3.918722626949686e-20
4.678781555546305e-21	4.6787815555463275e-21	4.678781555546305e-21
5.597821640230984e-22	5.597821640231014e-22	5.597821640230984e-22
6.710068011277788e-23	6.710068011277824e-23	6.710068011277788e-23
8.057295077092461e-24	8.057295077092507e-24	8.057295077092461e-24
9.690515899903578e-25	9.690515899903635e-25	9.690515899903578e-25
1.1672054792022002e-25	1.167205479202207e-25	1.1672054792022002e-25
1.4078090801187742e-26	1.4078090801187828e-26	1.4078090801187742e-26
1.7001779998130887e-27	1.7001779998130994e-27	1.7001779998130887e-27
2.055708942219403e-28	2.0557089422194166e-28	2.055708942219403e-28
2.4883506280549845e-29	2.4883506280550013e-29	2.4883506280549845e-29
3.015182388952085e-30	3.0151823889521068e-30	3.015182388952085e-30
3.657125256741919e-31	3.657125256741946e-31	3.657125256741919e-31
4.4398161305337835e-32	4.4398161305338164e-32	4.4398161305337835e-32
5.394682711008733e-33	5.394682711008775e-33	5.394682711008733e-33
6.560265658805392e-34	6.560265658805443e-34	6.560265658805392e-34
7.983845251984348e-35	7.983845251984411e-35	7.983845251984348e-35
9.723443168237283e-36	9.723443168237363e-36	9.723443168237283e-36
1.1850286496392266e-36	1.1850286496392366e-36	1.1850286496392266e-36
1.4451841425138095e-37	1.4451841425138222e-37	1.4451841425138095e-37
1.7635549175003314e-38	1.7635549175003476e-38	1.7635549175003314e-38
2.153342775795793e-39	2.153342775795813e-39	2.153342775795793e-39
2.630774145932486e-40	2.6307741459325104e-40	2.630774145932486e-40
3.2157987260256245e-41	3.215798726025655e-41	3.2157987260256245e-41
3.9329505884869664e-42	3.9329505884870046e-42	3.9329505884869664e-42
4.812409739793659e-43	4.81240973979371e-43	4.812409739793659e-43
5.891311055511256e-44	5.89131105551132e-44	5.891311055511256e-44
7.215358544970921e-45	7.215358544970995e-45	7.215358544970921e-45
8.840816539687116e-46	8.840816539687209e-46	8.840816539687116e-46
1.0836966262199422e-46	1.0836966262199541e-46	1.0836966262199422e-46
1.3289137081729818e-47	1.3289137081729966e-47	1.3289137081729818e-47
1.6302447545828854e-48	1.6302447545829042e-48	1.6302447545828854e-48
2.0006423164118623e-49	2.0006423164118855e-49	2.0006423164118623e-49
2.4560697361236375e-50	2.456069736123666e-50	2.4560697361236375e-50
3.016205080644851e-51	3.016205080644888e-51	3.016205080644851e-51
3.705310469033741e-52	3.705310469033786e-52	3.705310469033741e-52
4.5533058207797035e-53	4.55330582077976e-53	4.5533058207797035e-53
5.597095293151208e-54	5.59709529315128e-54	5.597095293151208e-54
6.882206114529589e-55	6.882206114529679e-55	6.882206114529589e-55
8.464813678500812e-56	8.464813678500925e-56	8.464813678500812e-56
1.041424428892948e-56	1.041424428892962e-56	1.041424428892948e-56
1.2816068642565018e-57	1.2816068642565194e-57	1.2816068642565018e-57
1.5775925998258833e-58	1.5775925998259052e-58	1.5775925998258833e-58
1.94242522440353e-59	1.9424252244035579e-59	1.94242522440353e-59
2.3922126263682165e-60	2.3922126263682516e-60	2.3922126263682165e-60
2.946850001781811e-61	2.9468500017818545e-61	2.946850001781811e-61
3.6309140938969244e-62	3.6309140938969784e-62	3.6309140938969244e-62
4.474769350718219e-63	4.474769350718285e-63	4.474769350718219e-63
5.5159363831097484e-64	5.5159363831098314e-64	5.5159363831097484e-64
6.800785118365132e-65	6.800785118365236e-65	6.800785118365132e-65
8.386629927953394e-66	8.386629927953524e-66	8.386629927953394e-66
1.0344322451252213e-66	1.0344322451252372e-66	1.0344322451252213e-66
1.2761460692572577e-67	1.2761460692572776e-67	1.2761460692572577e-67
1.5746361294641177e-68	1.5746361294641428e-68	1.5746361294641177e-68
1.943297700010024e-69	1.943297700010056e-69	1.943297700010024e-69
2.3986984831037558e-70	2.398698483103795e-70	2.3986984831037558e-70
2.9613324463897052e-71	2.9613324463897547e-71	2.9613324463897052e-71
3.6565533157711573e-72	3.656553315771219e-72	3.6565533157711573e-72
4.5157306514337384e-73	4.5157306514338163e-73	4.5157306514337384e-73
5.577681716487828e-74	5.577681716487928e-74	5.577681716487828e-74
6.890445096938576e-75	6.8904450969387e-75	6.890445096938576e-75
8.513477842160432e-76	8.513477842160587e-76	8.513477842160432e-76
1.0520377503101031e-76	1.0520377503101227e-76	1.0520377503101031e-76
1.3002254764922678e-77	1.300225476492292e-77	1.3002254764922678e-77
1.607191253585381e-78	1.607191253585411e-78	1.607191253585381e-78
1.9869024772281878e-79	1.9869024772282253e-79	1.9869024772281878e-79
2.4566554738702164e-80	2.4566554738702636e-80	2.4566554738702164e-80
3.0378709988700367e-81	3.0378709988700957e-81	3.0378709988700367e-81
3.7570802801727513e-82	3.7570802801728245e-82	3.7570802801727513e-82
4.6471473461942794e-83	4.647147346194372e-83	4.6471473461942794e-83
5.748784376876284e-84	5.748784376876399e-84	5.748784376876284e-84
7.112430467502174e-85	7.112430467502324e-85	7.112430467502174e-85
8.800581135341242e-86	8.80058113534143e-86	8.800581135341242e-86
1.0890676923640923e-86	1.0890676923641155e-86	1.0890676923640923e-86
1.3478685552013354e-87	1.347868555201365e-87	1.3478685552013354e-87
1.668354445140215e-88	1.6683544451402496e-88	1.668354445140215e-88
2.065267072628073e-89	2.065267072628116e-89	2.065267072628073e-89
2.5568795495144393e-90	2.556879549514493e-90	2.5568795495144393e-90
3.1658441518351186e-91	3.1658441518351867e-91	3.1658441518351186e-91
3.9202439943349606e-92	3.9202439943350464e-92	3.9202439943349606e-92