c_k^s/C^s of alpha = 10, lambda=10, eta=1, k=1:1:1000
0.002005460831693023
0.007019112910925582
0.01715783156004031
0.032885843823410595
0.052617350117456954
0.07307965294091243
0.09047957030779634
0.10178951659627089
0.10555949869242907
0.10204084873601477
0.0927644079418316
0.07988046239435499
0.0655429435030605
0.05149802703811897
0.038909620428801
0.028371598229334064
0.020027010514824046
0.013722210908305364
0.00914814060553691
0.005946291393598991
0.0037754231070469785
0.002345338596801911
0.0014275974067489894
0.0008525928956973131
0.0005001878321424237
0.00028856990315909056
0.00016387920426318722
0.00009169431667106904
0.000050589967818520854
0.00002754342692341691
0.0000148082940448478
7.866906211325393e-6
4.132112353423439e-6
2.147077987563159e-6
1.1042115364610535e-6
5.623299491236846e-7
2.8369799235068773e-7
1.4184899617534387e-7
7.031830579632432e-8
3.457316701652612e-8
1.6864959520256642e-8
8.164781989965517e-9
3.9241587858749e-9
1.8728939659857477e-9
8.878904727636138e-10
4.182092806495282e-10
1.9575753562318343e-10
9.108163115800895e-11
4.213299944724224e-11
1.9381179745731428e-11
8.867206419615687e-12
4.0357157422609855e-12
1.8274939210238427e-12
8.235003471280278e-13
3.693274284089337e-13
1.6487831625398825e-13
7.327925166843922e-14
3.2428174588907014e-14
1.429038202223021e-14
6.271889887534369e-15
2.7418097869002708e-15
1.1940139394565694e-15
5.180377938383e-16
2.239434212946818e-16
9.646793532693985e-17
4.1413002539342853e-17
1.7718996111360627e-17
7.556630694550855e-18
3.2124806817414265e-18
1.3614799079761285e-18
5.752732005532937e-19
2.4236046875161913e-19
1.0181353025182173e-19
4.2651614024411804e-20
1.7818896525754266e-20
7.424540219064278e-21
3.0855232079228164e-21
1.2790416716603128e-21
5.288864296316905e-22
2.1816565222307235e-22
8.978010379550301e-23
3.686093692416994e-23
1.509966090869612e-23
6.171686799982938e-24
2.517080106659708e-24
1.0243930666638347e-24
4.160370309056187e-25
1.6862106934432273e-25
6.82062752404002e-26
2.7535125930383783e-26
1.1094739385868924e-26
4.462014753012502e-27
1.7912030549727607e-27
7.177515787656806e-28
2.8710063150627227e-28
1.146408771639629e-28
4.5698768903847744e-29
1.818624476785778e-29
7.225511389249893e-30
2.8661195177357905e-30
1.1350968387072436e-30
4.488454819724721e-31
1.7721407378848417e-31
6.986324062815241e-32
2.7501720120288566e-32
1.081042457558513e-32
4.243344225930611e-33
1.6632861626332953e-33
6.510722593793939e-34
2.545100650301267e-34
9.93582836453948e-35
3.8737902254603335e-35
1.5083784948695105e-35
5.865916368936984e-36
2.2783559230074086e-36
8.838449701321841e-37
3.424584499657466e-37
1.3253335493024657e-37
5.123138089740623e-38
1.9781005402054074e-38
7.62903789610901e-39
2.9390555829272414e-39
1.1310186796088571e-39
4.347733096345876e-40
1.6695295089968163e-40
6.404279862553926e-41
2.454133490637462e-41
9.394729768846533e-42
3.592816552427098e-42
1.3726401700298401e-42
5.2390846184345046e-43
1.9977317610697225e-43
7.61040670883704e-44
2.89649807575141e-44
1.1013844534955978e-44
4.184181134603374e-45
1.5881563430611348e-45
6.022718499048265e-46
2.281989263428359e-46
8.63895935440736e-47
3.267691481572524e-47
1.2349726021905548e-47
4.6635329033769203e-48
1.7596200538204586e-48
6.6339698580817285e-49
2.49909823420887e-49
9.407036437158105e-50
3.5382321734355936e-50
1.329805380620089e-50
4.994157984995445e-51
1.8741873232874737e-51
7.028202462328027e-52
2.6336619248810907e-52
9.86198080096166e-53
3.690289590037266e-53
1.3799159791806017e-53
5.156373934942376e-54
1.925481406086077e-54
7.185234597134628e-55
2.6794937351814547e-55
9.985690938564428e-56
3.718950740494159e-56
1.3841493553577442e-56
5.148360407123317e-57
1.9137339695165464e-57
7.109252698003235e-58
2.6393632771029972e-58
9.79287565115596e-59
3.6312832789296264e-59
1.3457108621915677e-59
4.984114304413214e-60
1.8448950235327982e-60
6.825045173762952e-61
2.523436242406609e-61
9.324697733845374e-62
3.4437804130678935e-62
1.2711505856145143e-62
4.689450662285754e-63
1.729071193915418e-63
6.371947547947559e-64
2.346942006610519e-64
8.639841452906856e-65
3.1789580573537063e-65
1.1690733435558015e-65
4.2971344519888925e-66
1.5786963488489658e-66
5.796995505577307e-67
2.127620690876778e-67
7.805028283992412e-68
2.861843704130551e-68
1.0488432423515107e-68
3.842116738475152e-69
1.406785403379503e-69
5.148544517522924e-70
1.8833991910254798e-70
6.886578674667996e-71
2.5169221552086075e-71
9.194816627613937e-72
3.3575712308540007e-72
1.2255134992617102e-72
4.4711935296447135e-73
1.6305837789628414e-73
5.94399998242612e-74
2.1658692746421973e-74
7.8886945938187355e-75
2.872097546293229e-75
1.0452400087959255e-75
3.802395544818511e-76
1.3826892890249133e-76
5.025965828360399e-77
1.8261803167818192e-77
6.632824735481136e-78
2.4081617192983155e-78
8.739901566923793e-79
3.1707549870700274e-79
1.1498879968540997e-79
4.1685647812222345e-80
1.510626686773195e-80
5.472285410228622e-81
1.9816306258252129e-81
7.17332353239896e-82
2.5957522091713954e-82
9.389716511501909e-83
3.395388559962744e-83
1.2273700868606066e-83
4.435186892047915e-84
1.6021379962463836e-84
5.785498319778608e-85
2.088505943675538e-85
7.536782318481289e-86
2.718896940289065e-86
9.805217413973498e-87
3.5349281664110463e-87
1.2739840827663744e-87
4.589956837200838e-88
1.6531624201782676e-88
5.9523147618232995e-89
2.1424998512445204e-89
7.709413690670658e-90
2.7732474248384736e-90
9.972950628741398e-91
3.5853169615723214e-91
1.288550128850409e-91
4.629626829066361e-92
1.662886371256488e-92
5.971068948278719e-93
2.143460648100053e-93
7.692257971004222e-94
2.7597391381916083e-94
9.898264375647236e-95
3.549178461387455e-95
1.2722584167142862e-95
4.5593450506757025e-96
1.6334661402027125e-96
5.850584606739126e-97
2.094935894340182e-97
7.499381411645788e-98
2.683887146028273e-98
9.602582066870782e-99
3.43476973930378e-99
1.2282701494317477e-99
4.3911439184519224e-100
1.569458282640611e-100
5.6080390654961225e-101
2.0033749617621367e-101
7.154910577721919e-102
2.5546871725698733e-102
9.1193435140243e-103
3.254486904633207e-103
1.1611687844925887e-103
4.1419304735898e-104
1.477085499772833e-104
5.266287740337817e-105
1.877156092358857e-105
6.689501710951563e-106
2.3833369622351586e-106
8.489383162714884e-107
3.023197601110696e-107
1.0763594804432348e-107
3.831327198244371e-108
1.3634616363858973e-108
4.8510869095999425e-109
1.7255927522958568e-109
6.136791126122589e-110
2.1819701781769206e-110
7.75642079654966e-111
2.756637356265036e-111
9.794996161728772e-112
3.479652615700648e-112
1.2358766186798856e-112
4.3885653126089856e-113
1.5580408815312723e-113
5.530247497585404e-114
1.9625481482360903e-114
6.963165181312229e-115
2.4700417028303515e-115
8.760192795672179e-116
3.106242859315526e-116
1.1012098431018254e-116
3.903177110549803e-117
1.3831856870165415e-117
4.900691010290395e-118
1.7359983556804264e-118
6.148327509701509e-119
2.1771126919598787e-119
7.707642972624844e-120
2.7282210739149828e-120
9.655068086257568e-121
3.416248470649927e-121
1.2085438138105655e-121
4.274592267497177e-122
1.5116346586982537e-122
5.344650763448565e-123
1.8893510660598434e-123
6.6777064133755305e-124
2.3597380258236316e-124
8.337244760007783e-125
2.945127341847613e-125
1.0401808166609126e-125
3.673138508833848e-126
1.2968505638665712e-126
4.577909340357152e-127
1.6157327083613472e-127
5.701608219834796e-128
2.0116443360237639e-128
7.096291369408983e-129
2.5028713698425154e-129
8.826182574546271e-130
3.111967108350661e-130
1.0970469907215965e-130
3.866731588646111e-131
1.3626734815409486e-131
4.80141206709123e-132
1.6915154288255532e-132
5.958173749295978e-133
2.0983647628968973e-133
7.388900648776415e-134
2.6014176840366664e-134
9.157399517061225e-135
3.2230455162989994e-135
1.1342095658530205e-135
3.990737361334702e-136
1.4039328715288259e-136
4.938252251598487e-137
1.7367379899341537e-137
6.107026650539172e-138
2.1471390529273174e-138
7.547893030884343e-139
2.6529366144846588e-139
9.323177245188944e-140
3.275950219107226e-140
1.1509256925083156e-140
4.0429117810490403e-141
1.4199680737582786e-141
4.986554550099495e-142
1.750896962815834e-142
6.146939850782013e-143
2.157724696224226e-143
7.573072749979178e-144
2.657587566890841e-144
9.324868655757337e-145
3.271431821218735e-145
1.14755459660749e-145
4.024848081507955e-146
1.4114535737890908e-146
4.9490858461639334e-147
1.735101849790444e-147
6.08228637562411e-148
2.1318221443018564e-148
7.4709803075083065e-149
2.6178637196120752e-149
9.171906042726894e-150
3.213035897005311e-150
1.1254216644590794e-150
3.941476762638909e-151
1.3802157103212493e-151
4.8325855109391215e-152
1.6918310827538197e-152
5.922152778680916e-153
2.0727534725383205e-153
7.253730437579424e-154
2.538172692381631e-154
8.880290881961842e-155
3.1065600915196377e-155
1.0866236164276482e-155
3.8003675704075776e-156
1.328982974664493e-156
4.646873459522755e-157
1.6246138573138683e-157
5.679205706336514e-158
1.9850591130417483e-158
6.93757904302856e-159
2.4243278759353404e-159
8.470790294088794e-160
2.959415343251275e-160
1.0338024978529285e-160
3.6109306390161064e-161
1.2611039166413035e-161
4.403854947001377e-162
1.5376793523279809e-162
5.368456591668762e-163
1.874063204886027e-163
6.541395140296967e-164
2.2830116702521596e-164
7.967053071497249e-165
2.779965152205526e-165
9.699141317277263e-166
3.383605671958654e-166
1.1802634291754716e-166
4.116528545660791e-167
1.435610117302628e-167
5.006051460820652e-168
1.7454513567994528e-168
6.085188707682473e-169
2.1212625695856973e-169
7.393823860334762e-170
2.57690423909349e-170
8.980120833204587e-171
3.1291113165820276e-171
1.0902221174440558e-171
3.7980818026554594e-172
1.3230284952378024e-172
4.60818435693545e-173
1.6048943947503177e-173
5.588808715836401e-174
1.9460249440901398e-174
6.775387393163171e-175
2.3587213121058703e-175
8.2106227492108e-176
2.857805902632286e-176
9.945960217977794e-177
3.461132761040112e-177
1.2043356489531412e-177
4.190200068938348e-178
1.457740100611502e-178
5.070884906561418e-179
1.7637860544561454e-179
6.134324405528603e-180
2.133273027890737e-180
7.41797211971097e-181
2.579189096800489e-181
8.96686405448737e-182
3.117149129550915e-182
1.0835135487853403e-182
3.765919750085378e-183
1.3087837696485058e-183
4.5480479989276936e-184
1.5803113210559766e-184
5.490613943980676e-185
1.907479955353287e-185
6.626131404405357e-186
2.301554492238144e-186
7.993625609539396e-187
2.776053534003036e-187
9.639922162032518e-188
3.34719519515018e-188
1.1621188277837242e-188
4.03442999165092e-189
1.400477513441641e-189
4.861077745931493e-190
1.6871419508655942e-190
5.855088588501809e-191
2.031787400761607e-191
7.049951972470232e-192
2.446004842061356e-192
8.485782177394548e-193
2.9436760444066734e-193
1.0210614199615742e-193
3.5414212717928095e-194
1.2281950368132507e-194
4.2591335317656965e-195
1.4768605678650826e-195
5.120615922407474e-196
1.7752908929302987e-196
6.154341762158369e-197
2.1333327536893506e-197
7.394360907267072e-198
2.562759672881265e-198
8.881380077208558e-199
3.0776449017549107e-199
1.0664050248631014e-199
3.694805791538131e-200
1.2800500395804982e-200
4.434333126094977e-201
1.5360164230597035e-201
5.320221492765091e-202
1.8425955341130295e-202
6.38111978002258e-203
2.209685649796504e-203
7.651224460860003e-204
2.6491001188313655e-204
9.171342552322682e-205
3.1749340005336125e-205
1.0990156155693275e-205
3.8040001777955176e-206
1.3165726421805722e-206
4.556347976962946e-207
1.5767281821217156e-207
5.455879748423839e-208
1.8877343929546484e-208
6.531083728119873e-209
2.2594253800467823e-209
7.815904893203581e-210
2.7035173671597044e-210
9.350779540539175e-211
3.2339652561153274e-211
1.1183864067828154e-211
3.867386065449762e-212
1.3372494057350846e-212
4.6235616708095415e-213
1.59849164091915e-213
5.52603555552128e-214
1.910234513019702e-214
6.602820982097932e-215
2.2821400675988967e-215
7.88724118969903e-216
2.7257003724556284e-216
9.418925997481806e-217
3.254580723600007e-217
1.1244993653976947e-217
3.885026598302976e-218
1.3421452041391507e-218
4.6363460844067545e-219
1.6014859566366843e-219
5.531481653399087e-220
1.9104293416365665e-220
6.597687669409016e-221
2.278368153514351e-221
7.867333006464173e-222
2.7164564909112143e-222
9.378851663535267e-223
3.2379368838395565e-223
1.1177868417007099e-223
3.8585276121129372e-224
1.3318531446171762e-224
4.596881189443611e-225
1.5865089642027606e-225
5.4751269706377806e-226
1.889375911945505e-226
6.519513177639118e-227
2.2494931481687655e-227
7.761166396818435e-228
2.677578585028828e-228
9.23698984908842e-229
3.1863377828048127e-229
1.0990725563398771e-229
3.790829170556798e-230
1.3074210095533481e-230
4.508895770651498e-231
1.5548858748489106e-231
5.361675430513486e-232
1.848741950980193e-232
6.374203712843101e-233
2.197604529157098e-233
7.576126124541587e-234
2.611674173627946e-234
9.002539341769579e-235
3.1030258065717127e-235
1.069498459271586e-235
3.6859500471324303e-236
1.270262048328467e-236
4.377356168913638e-237
1.50836074026509e-237
5.197247704341296e-238
1.790674135301072e-238
6.169283681690973e-239
2.1253381760557963e-239
7.321440782539627e-240
2.5219725718414185e-240
8.686794414120443e-241
2.9919490393059313e-241
1.0304439873134065e-241
3.5487076235575136e-242
1.2220578517825816e-242
4.2081296461382816e-243
1.4489798260719198e-243
4.9889773329801513e-244
1.717658285922232e-244
5.913411945777172e-245
2.035709054896854e-245
7.00760431978263e-246
2.412124969180619e-246
8.302454153497613e-247
2.8575227480359936e-247
9.834437263895954e-248
3.384433756915275e-248
1.1646603388362615e-248
4.0076464040454123e-249
1.3789751067683137e-249
4.7446092656604696e-250
1.632381078428024e-250
5.6159056245468614e-251
1.931947297483238e-251
6.645811971701598e-252
2.2860103925068794e-252
7.862955209126013e-253
2.70440000492553e-253
9.301085858634626e-254
3.198703984772509e-254
1.0999987592078796e-254
3.7825803145251537e-255
1.3006546928682842e-255
4.4721239301496546e-256
1.5376011084344567e-256
5.286298025692016e-257
1.8173466809997308e-257
6.247441088994131e-258
2.1475578743417326e-258
7.381862863090355e-259
2.5372632463846084e-259
8.720544709341535e-260
2.9970935248336102e-260
1.0299962521451014e-260
3.539563667795056e-261
1.2163053470905504e-261
4.1794041959009716e-262
1.4360351532107065e-262
4.933950337622546e-263
1.6951321030711816e-263
5.823598999260672e-264
2.000592248806672e-264
6.872345291988623e-265
2.3606450922721752e-265
8.108412362879321e-266
2.7849693662369504e-266
9.564990634839367e-267
3.284946278631702e-267
1.1281105319929463e-267
3.873956675842232e-268
1.3302634299585233e-268
4.56772968554168e-269
1.5683502243078236e-269
5.384751691672991e-270
1.8487081254797389e-270
6.346746005583985e-271
2.178783350973538e-271
7.47923536493271e-272
2.5673237381195355e-272
8.812201458960115e-273
3.0246045632576652e-273
1.0380858095424124e-273
3.5626932508179357e-274
1.2226557449670678e-274
4.1957596217037575e-275
1.4397852138559663e-275
4.940439459309689e-276
1.6951739721278992e-276
5.816260490788627e-277
1.9955120738812542e-277
6.846141422700303e-278
2.348650667285818e-278
8.056976471108301e-279
2.7638020360310255e-279
9.480319929912743e-280
3.2517738589115467e-280
1.1153187778278932e-280
3.8252434998054585e-281
1.3118996197407779e-281
4.499079120810559e-282
1.5428660217325093e-282
5.290715556117532e-283
1.8141879625961927e-283
6.220594220666684e-284
2.1328643838932458e-284
7.312677887633985e-285
2.5070992757904308e-285
8.595052989466442e-286
2.9465076865087057e-286
1.01006342218136e-286
3.4623567058853585e-287
1.186798870869795e-287
4.0678473202927994e-288
1.3942299879359175e-288
4.778444023934672e-289
1.6376494580793394e-289
5.612260223693989e-290
1.923256088474159e-290
6.590508818419315e-291
2.2583088636508012e-291
7.738028900450539e-292
2.6513070143491815e-292
9.083901354148466e-293
3.1122004639395914e-293
1.0662168256089341e-293
3.652635743205302e-294
1.2512673464333034e-294
4.2862433118967105e-295
1.4682044677863247e-295
5.028973213317456e-296
1.7224840619526936e-296
5.899487139345936e-297
2.020489092521657e-297
6.919616324557094e-298
2.369686090014029e-298
8.114896250695523e-299
2.7788078636241857e-299
9.515190962959909e-300
3.2580668196954415e-300
1.1155421919605755e-300
3.819403981045971e-301
1.307641876534997e-301
4.4767796437879056e-302
1.5325912294048683e-302
5.246512589297917e-303
1.795969321348318e-303
6.147675911130927e-304
2.104296422197573e-304
7.202558846222391e-305
2.4651917442641744e-305
8.437205547270344e-306
2.887557454058768e-306
9.882043534255427e-307
3.381793299240286e-307
1.1572616658931513e-307
3.960046912660014e-308
1.3550439854772397e-308
4.63650568717456e-309
1.58639957820225e-309
5.4277370825835e-310
1.8569896777913e-310
6.353085351667e-311
2.1734239360966e-311
7.435133981483e-312
2.543418300296e-312
8.7002446686e-313
2.9759790074e-313
1.01791854173e-313
3.4816169904e-314
1.190786241e-314
4.072597694e-315
1.392817266e-315
4.7632321e-316
1.62889975e-316
5.5702157e-317
1.9047357e-317
6.513025e-318
2.226976e-318
7.6144e-319
2.6034e-319
8.9006e-320
3.043e-320
1.0405e-320
3.557e-321
1.215e-321
4.15e-322
1.43e-322
5.e-323
1.5e-323
5.e-324
0.
0.
0.
0.
0.
0.
0.
0.
0.
0.
0.
0.
0.
0.
0.
0.
0.
0.
0.
0.
0.
0.
0.
0.
0.
0.
0.
0.
0.
0.
0.
0.
0.
0.
0.
0.
0.
0.
0.
0.
0.
0.
0.
0.
0.
0.
0.
0.
0.
0.
0.
0.
0.
0.
0.
0.
0.
0.
0.
0.
0.
0.
0.
0.
0.
0.
0.
0.
0.
0.
0.
0.
0.
0.
0.
0.
0.
0.
0.
0.
0.
0.
0.
0.
0.
0.
0.
0.
0.
0.
0.
0.
0.
0.
0.
0.
0.
0.
0.
0.
0.
0.
0.
0.
0.
0.
0.
0.
0.
0.
0.
0.
0.
0.
0.
0.
0.
0.
0.
0.
0.
0.
0.
0.
0.
0.
0.
0.
0.
0.
0.
0.
0.
0.
0.
0.
0.
0.
0.
0.
0.
0.
0.
0.
0.
0.
0.
0.
0.
0.
0.
0.
0.
0.
0.
0.
0.
0.
0.
0.
0.
0.
0.
0.
0.
0.
0.
0.
0.
0.
0.
0.
0.
0.
0.
0.
0.
0.
0.
0.
0.
0.
0.
0.
0.
0.
0.
0.
0.
0.
0.
0.
0.
0.
0.
0.
0.
0.
0.
0.
0.
0.
0.
0.
0.
0.
0.
0.
0.
0.
0.
0.
0.
0.
0.
0.
0.
0.
0.
0.
0.
0.
0.
0.
0.
0.
0.
0.
0.
0.
0.
0.
0.
0.
0.
0.
0.
0.
0.
0.
0.
0.
0.
0.
0.
0.
0.
0.
0.
0.
0.