c_k^s/C^s of alpha = 10^(-5), lambda=10^(-2), eta=1, k=1:1:1000
0.16052841938151322
0.08010560376741559
0.0532976745332357
0.039893734918462515
0.03185144462046875
0.02648999669514906
0.0226604662062772
0.019788387806045978
0.017554612798416934
0.01576765132515054
0.014305645854158217
0.013087357826734652
0.01205654503822911
0.01117303440461072
0.010407365610461622
0.009737443382250282
0.009146371308258317
0.008621007716113193
0.008150977587466739
0.007727980897276439
0.0073452985697722035
0.006997433173252933
0.006679843346360669
0.0063887446175633035
0.006120958027800863
0.0058737936862498915
0.005644960202497631
0.005432493526042204
0.0052347005086052795
0.0050501137539442215
0.004877455206380842
0.00471560656645803
0.004563585085549758
0.004420523631996116
0.0042856541744608085
0.004158294018053111
0.0040378342724225165
0.0039237301406744
0.00381549270229362
0.0037126819286253795
0.0036149007204774293
0.0035217897974904717
0.0034330233006172714
0.0033483049942616746
0.003267364974797373
0.0031899568084088627
0.003115855034313157
0.0030448529800777427
0.002976760844449697
0.002911404010244552
0.0028486215557181286
0.0027882649377025887
0.002730196823820912
0.0026742900544548835
0.0026204267179525454
0.0025684973249202373
0.002518400069430959
0.0024700401666591996
0.002423329257874707
0.0023781848749366745
0.002334529957460455
0.002292292416709918
0.0022514047410237183
0.002211803638232739
0.00217342971108503
0.0021362271621774816
0.002100143525311422
0.002065129420552069
0.002031138330587074
0.001998126396254273
0.001966052229348726
0.0019348767410291101
0.0019045629843276563
0.0018750760094295004
0.0018463827305296502
0.001818451803201208
0.0017912535113192816
0.0017647596626830305
0.001738943492565118
0.0017137795744949374
0.0016892437376504583
0.0016653129902945555
0.001641965448746042
0.0016191802714241815
0.0015969375975488631
0.0015752184901175012
0.0015540048828145418
0.0015332795305407685
0.0015130259632776947
0.001493228443027657
0.0014738719235930114
0.0014549420129784186
0.0014364249382187748
0.001418307512452168
0.0014005771040724244
0.0013832216078096139
0.0013662294175993898
0.0013495894011133769
0.0013332908758331716
0.0013173235865598953
0.0013016776842598098
0.0012863437061543036
0.0012713125569696832
0.0012565754912686983
0.0012421240967916969
0.0012279502787407271
0.0012140462449449015
0.0012004044918499052
0.0011870177912787236
0.0011738791779145042
0.0011609819374600264
0.0011483195954314733
0.0011358859065472324
0.0011236748446751702
0.0011116805933044027
0.0010998975365098956
0.001088320250380424
0.0010769434948823928
0.0010657622061338856
0.0010547714890650076
0.0010439666104421793
0.0010333429922354954
0.0010228962053096269
0.0010126219634200005
0.0010025161174971604
0.0009925746502033028
0.0009827936707459816
0.0009731694099349199
0.0009636982154687367
0.0009543765474392086
0.0009452009740414444
0.0009361681674790473
0.0009272749000540091
0.0009185180404316829
0.0009098945500717552
0.0009014014798166753
0.0008930359666294959
0.0008847952304735477
0.000876676571326801
0.0008686773663241857
0.0008607950670215124
0.0008530271967750035
0.0008453713482307722
0.0008378251809189078
0.0008303864189471152
0.0008230528487891345
0.0008158223171634326
0.0008086927289978888
0.000801662045476444
0.0007947282821638794
0.0007878895072051099
0.0007811438395955571
0.00077448944751935
0.0007679245467522715
0.0007614473991265258
0.0007550563110545543
0.0007487496321092636
0.0007425257536581712
0.0007363831075490913
0.0007303201648451077
0.0007243354346066906
0.0007184274627189193
0.0007125948307618764
0.0007068361549223654
0.0007011500849452067
0.0006955353031224344
0.0006899905233188125
0.0006845144900321511
0.0006791059774869857
0.0006737637887602449
0.000668486754937595
0.0006632737342992148
0.0006581236115338088
0.0006530352969797253
0.0006480077258920907
0.0006430398577349302
0.0006381306754972817
0.000633279185032364
0.000628484414418897
0.0006237454133437061
0.000619061252504799
0.000614431023034117
0.0006098538359392131
0.0006053288215631386
0.0006008551290618434
0.0005964319258984376
0.0005920583973536772
0.0005877337460520744
0.0005834571915030516
0.0005792279696565847
0.0005750453324728056
0.0005709085475050551
0.000566816897495897
0.000562769679985627
0.0005587662069328279
0.0005548058043465395
0.0005508878119296322
0.0005470115827329874
0.0005431764828201042
0.0005393818909417686
0.0005356271982204324
0.0005319118078439699
0.0005282351347684831
0.00052459660542985
0.0005209956574637141
0.0005174317394336306
0.0005139043105670913
0.0005104128404991655
0.0005069568090234997
0.0005035357058504306
0.0005001490303719791
0.0004967962914334923
0.0004934770071117213
0.0004901907044991175
0.00048693691949415236
0.00048371519659745854
0.0004805250887136095
0.00047736615695835415
0.0004742379704711323
0.00047114010623270454
0.00046807214888773183
0.0004650336905721517
0.00046202433074519795
0.00045904367602592026
0.0004560913400340637
0.00045316694323517184
0.0004502701127897847
0.0004474004824066052
0.00044455769219951206
0.00044174138854830377
0.0004389512239630594
0.00043618685695200635
0.0004334479518927921
0.00043073417890705594
0.000428045213738203
0.00042538073763228625
0.0004227404372219035
0.0004201240044130222
0.00041753113627464474
0.0004149615349312325
0.0004124149074578085
0.00040989096577765955
0.00040738942656256595
0.00040491001113548335
0.00040245244537560855
0.0004000164596257607
0.0003976017886020119
0.0003952081713055048
0.00039283535093639465
0.00039048307480985754
0.0003881510942741046
0.00038583916463035104
0.0003835470450546802
0.00038127449852175564
0.0003790212917303272
0.00037678719503048304
0.0003745719823526005
0.00037237543113794884
0.0003701973222708999
0.00036803744001270356
0.0003658955719367844
0.0003637715088655215
0.0003616650448084698
0.00035957597690198563
0.00035750410535021924
0.00035544923336743885
0.0003534111671216497
0.00035138971567947615
0.0003493846909522736
0.0003473959076434368
0.000345423183196876
0.0003434663377466283
0.0003415251940675778
0.0003395995775272544
0.0003376893160386835
0.00033579424001426247
0.0003339141823206339
0.0003320489782345354
0.0003301984653995965
0.00032836248378406306
0.00032654087563942344
0.0003247334854599153
0.00032294015994289093
0.0003211607479500202
0.0003193951004693094
0.00031764307057791823
0.00031590451340575307
0.00031417928609981906
0.00031246724778931275
0.0003107682595514363
0.0003090821843779167
0.0003074088871422137
0.0003057482345673981
0.00030410009519468657
0.00030246433935261595
0.00030084083912684264
0.00029922946833055167
0.0002976301024754626
0.0002960426187434159
0.00029446689595852857
0.00029290281455990514
0.0002913502565748891
0.0002898091055928461
0.00028827924673946345
0.0002867605666515553
0.00028525295345236225
0.00028375629672733343
0.00028227048750038006
0.00028079541821059113
0.0002793309826893987
0.00027787707613818424
0.00027643359510631565
0.00027500043746960515
0.000273577502409179
0.00027216469039074943
0.00027076190314428067
0.0002693690436440392
0.000267986016089021
0.0002666127258837466
0.00026524907961941643
0.00026389498505541834
0.0002625503511011795
0.00026121508779835634
0.00025988910630335275
0.0002585723188701624
0.00025726463883352676
0.0002559659805924008
0.00025467625959372316
0.0002533953923164807
0.0002521232962560636
0.00025085988990890403
0.0002496050927573919
0.00024835882525506335
0.0002471210088120544
0.0002458915657808154
0.0002446704194420816
0.00024345749399109142
0.0002422527145240516
0.00024105600702484034
0.00023986729835194623
0.00023868651622563572
0.00023751358921534737
0.0002363484467273051
0.00023519101899234843
0.00023404123705397393
0.0002328990327565843
0.00023176433873394088
0.0002306370883978143
0.00022951721592683158
0.0002284046562555134
0.0002272993450634992
0.00022620121876495628
0.00022511021449816792
0.00022402627011529924
0.00022294932417233514
0.0002218793159191882
0.00022081618528997277
0.00021975987289344213
0.0002187103200035854
0.0002176674685503813
0.0002166312611107056
0.0002156016408993889
0.00021457855176042296
0.00021356193815831131
0.00021255174516956248
0.00021154791847432242
0.00021055040434814394
0.00020955914965389039
0.00020857410183377055
0.0002075952089015034
0.00020662241943460904
0.00020565568256682428
0.00020469494798063998
0.00020374016589995856
0.00020279128708286848
0.00020184826281453424
0.00020091104490019997
0.0001999795856583032
0.00019905383791369853
0.00019813375499098775
0.00019721929070795537
0.00019631039936910682
0.00019540703575930853
0.0001945091551375267
0.0001936167132306643
0.0001927296662274932
0.00019184797077268124
0.00019097158396091083
0.00019010046333108865
0.00018923456686064478
0.0001883738529599185
0.00018751828046663106
0.00018666780864044167
0.00018582239715758775
0.0001849820061056053
0.00018414659597813015
0.0001833161276697775
0.00018249056247109853
0.00018166986206361325
0.00018085398851491752
0.0001800429042738632
0.0001792365721658107
0.00017843495538795198
0.0001776380175047029
0.00017684572244316385
0.00017605803448864787
0.00017527491828027417
0.0001744963388066268
0.000173722261401477
0.000172952651739568
0.0001721874758324614
0.0001714267000244442
0.00017067029098849517
0.0001699182157223098
0.0001691704415443825
0.00016842693609014561
0.00016768766730816375
0.000166952603456383
0.00016622171309843355
0.0001654949650999856
0.00016477232862515648
0.0001640537731329697
0.0001633392683738638
0.0001626287843862505
0.00016192229149312174
0.0001612197602987044
0.00016052116168516195
0.00015982646680934252
0.00015913564709957222
0.0001584486742524937
0.00015776552022994794
0.00015708615725590016
0.00015641055781340785
0.0001557386946416309
0.000155070540732883
0.0001544060693297234
0.00015374525392208898
0.00015308806824446532
0.0001524344862730966
0.00015178448222323335
0.0001511380305464181
0.00015049510592780727
0.00014985568328352986
0.0001492197377580816
0.00014858724472175417
0.00014795817976809948
0.00014733251871142716
0.0001467102375843365
0.00014609131263528067
0.00014547572032616384
0.00014486343732997005
0.00014425444052842374
0.0001436487070096812
0.00014304621406605232
0.00014244693919175284
0.00014185086008068582
0.00014125795462425242
0.00014066820090919137
0.00014008157721544635
0.0001394980620140619
0.00013891763396510604
0.00013834027191562024
0.0001377659548975957
0.00013719466212597632
0.00013662637299668672
0.00013606106708468642
0.00013549872414204823
0.00013493932409606215
0.00013438284704736278
0.00013382927326808106
0.00013327858320001939
0.00013273075745285026
0.00013218577680233708
0.00013164362218857852
0.0001311042747142739
0.00013056771564301143
0.0001300339263975775
0.0001295028885582872
0.0001289745838613359
0.00012844899419717145
0.00012792610160888653
0.0001274058882906313
0.0001268883365860454
0.00012637342898670975
0.00012586114813061732
0.00012535147680066278
0.00012484439792315096
0.00012433989456632323
0.0001238379499389026
0.00012333854738865612
0.00012284167040097494
0.0001223473025974719
0.0001218554277345962
0.00012136602970226445
0.00012087909252250899
0.00012039460034814203
0.00011991253746143618
0.00011943288827282089
0.0001189556373195944
0.00011848076926465141
0.00011800826889522569
0.00011753812112164807
0.0001170703109761188
0.00011660482361149523
0.00011614164430009304
0.00011568075843250232
0.00011522215151641755
0.00011476580917548117
0.0001143117171481411
0.00011385986128652137
0.00011341022755530645
0.00011296280203063825
0.00011251757089902617
0.00011207452045627003
0.00011163363710639537
0.00011119490736060121
0.00011075831783621995
0.00011032385525568953
0.00010989150644553721
0.0001094612583353753
0.0001090330979569083
0.0001086070124429516
0.00010818298902646138
0.00010776101503957561
0.00010734107791266593
0.00010692316517340068
0.00010650726444581815
0.00010609336344941076
0.00010568144999821934
0.00010527151199993793
0.00010486353745502844
0.00010445751445584554
0.00010405343118577127
0.00010365127591835937
0.00010325103701648928
0.00010285270293152969
0.00010245626220251112
0.0001020617034553082
0.00010166901540183063
0.00010127818683922342
0.00010088920664907595
0.00010050206379663961
0.00010011674733005434
0.00009973324637958357
0.00009935155015685764
0.00009897164795412548
0.00009859352914351456
0.00009821718317629894
0.00009784259958217532
0.000097469767968547
0.00009709867801981556
0.00009672931949668044
0.00009636168223544589
0.00009599575614733571
0.000095631531217815
0.00009526899750591975
0.00009490814514359311
0.00009454896433502934
0.00009419144535602435
0.00009383557855333356
0.00009348135434403627
0.00009312876321490727
0.0000927777957217947
0.00009242844248900483
0.00009208069420869336
0.00009173454164026301
0.00009138997560976759
0.00009104698700932243
0.00009070556679652098
0.00009036570599385751
0.0000900273956881559
0.00008969062703000457
0.00008935539123319704
0.00008902167957417871
0.00008868948339149902
0.00008835879408526976
0.00008802960311662856
0.0000877019020072083
0.00008737568233861197
0.00008705093575189271
0.00008672765394703964
0.00008640582868246859
0.00008608545177451836
0.00008576651509695205
0.00008544901058046351
0.00008513293021218889
0.00008481826603522305
0.00008450501014814123
0.00008419315470452516
0.00008388269191249435
0.00008357361403424203
0.00008326591338557565
0.00008295958233546239
0.00008265461330557882
0.00008235099876986545
0.00008204873125408566
0.00008174780333538899
0.00008144820764187893
0.00008114993685218503
0.00008085298369503921
0.00008055734094885637
0.00008026300144131919
0.00007996995804896704
0.000079678203696789
0.00007938773135782093
0.00007909853405274648
0.00007881060484950207
0.00007852393686288582
0.00007823852325417033
0.00007795435723071921
0.00007767143204560743
0.00007738974099724535
0.00007710927742900654
0.00007683003472885915
0.00007655200632900089
0.00007627518570549755
0.00007599956637792522
0.0000757251419090156
0.00007545190590430524
0.00007517985201178782
0.00007490897392156989
0.00007463926536553
0.00007437072011698107
0.00007410333199033602
0.00007383709484077654
0.00007357200256392523
0.00007330804909552068
0.00007304522841109573
0.00007278353452565883
0.00007252296149337848
0.00007226350340727052
0.00007200515439888856
0.00007174790863801726
0.00007149176033236853
0.00007123670372728065
0.00007098273310542011
0.00007072984278648647
0.00007047802712691973
0.00007022728051961074
0.00006997759739361413
0.00006972897221386399
0.0000694813994808922
0.00006923487373054945
0.00006898938953372879
0.00006874494149609173
0.00006850152425779709
0.0000682591324932321
0.00006801776091074612
0.00006777740425238691
0.00006753805729363916
0.00006729971484316558
0.00006706237174255032
0.00006682602286604471
0.0000665906631203154
0.00006635628744419488
0.00006612289080843402
0.00006589046821545729
0.00006565901469911969
0.00006542852532446647
0.00006519899518749457
0.0000649704194149165
0.0000647427931639262
0.00006451611162196725
0.00006429037000650282
0.00006406556356478813
0.00006384168757364457
0.00006361873733923614
0.0000633967081968477
0.00006317559551066542
0.00006295539467355894
0.00006273610110686583
0.00006251771026017755
0.00006230021761112771
0.00006208361866518195
0.00006186790895542988
0.00006165308404237877
0.00006143913951374908
0.00006122607098427174
0.000061013874095487465
0.00006080254451554754
0.00006059207793901654
0.000060382470086676845
0.00006017371670533459
0.000059965813567627695
0.00005975875647183532
0.0000595525412416891
0.00005934716372618599
0.000059142619799402716
0.000058938905360311986
0.00005873601633260011
0.00005853394866448637
0.000058332698328543866
0.000058132261321521915
0.00005793263366417009
0.00005773381140106365
0.000057535790600430565
0.00005733856735397997
0.00005714213777673219
0.00005694649800685013
0.0000567516442054722
0.00005655757255654657
0.00005636427926666696
0.000056171760564909705
0.00005598001270267239
0.00005578903195351371
0.00005559881461299469
0.00005540935699852143
0.000055220655449188885
0.00005503270632562639
0.00005484550600984402
0.000054659050905080654
0.00005447333743565308
0.00005428836204680645
0.000054104121204565985
0.00005392061139558999
0.00005373782912702399
0.00005355577092635616
0.00005337443334127398
0.000053193812939522045
0.00005301390630876111
0.00005283471005642822
0.00005265622080959818
0.00005247843521484598
0.00005230134993811044
0.0000521249616645591
0.00005194926709845403
0.00005177426296301889
0.00005159994600030708
0.00005142631297107085
0.0000512533606546317
0.00005108108584875169
0.000050909485369505794
0.000050738556051155466
0.00005056829474602305
0.000050398698324367334
0.00005022976367426011
0.00005006148770146373
0.00004989386732930956
0.000049726899498577684
0.000049560581167377264
0.00004939490931102814
0.000049229880921943226
0.00004906549300951193
0.000048901742599984466
0.00004873862673635721
0.00004857614247825884
0.000048414286901837493
0.000048253057099648754
0.000048092450180544657
0.00004793246326956348
0.00004777309350782041
0.00004761433805239919
0.00004745619407624452
0.00004729865876805541
0.00004714172933217929
0.00004698540298850706
0.00004682967697236886
0.000046674548534430816
0.00004652001494059251
0.00004636607347188519
0.000046212721424371
0.000046059956109042755
0.00004590777485172472
0.00004575617499297408
0.000045605153887983114
0.00004545470890648228
0.00004530483743264399
0.00004515553686498705
0.00004500680461628213
0.000044858638113457565
0.00004471103479750626
0.00004456399212339315
0.000044417507559963316
0.00004427157858985105
0.000044126202709389324
0.000043981377428520245
0.00004383710027070603
0.00004369336877284069
0.00004355018048516244
0.00004340753297116684
0.00004326542380752042
0.000043123850583975175
0.0000429828109032836
0.0000428423023811144
0.00004270232264596887
0.00004256286933909791
0.00004242394011441962
0.000042285532638437655
0.00004214764459016001
0.00004201027366101866
0.00004187341755478954
0.00004173707398751347
0.000041601240687417266
0.00004146591539483591
0.000041331095862134875
0.00004119677985363336
0.00004106296514552796
0.000040929649525816894
0.0000407968307942249
0.000040664506762128634
0.000040532675252482616
0.00004040133409974573
0.00004027048114980843
0.000040140114259920195
0.00004001023129861783
0.000039880830145654086
0.00003975190869192691
0.00003962346483940929
0.00003949549650107943
0.00003936800160085161
0.00003924097807350754
0.00003911442386462809
0.000038988336930525784
0.00003886271523817745
0.00003873755676515772
0.00003861285949957277
0.00003848862143999463
0.00003836484059539605
0.00003824151498508573
0.000038118642638644065
0.000037996221595859426
0.000037874249906664797
0.00003775272563107498
0.00003763164683912421
0.0000375110116108042
0.00003739081803600268
0.00003727106421444243
0.00003715174825562061
0.000037032868278748685
0.00003691442241269272
0.000036796408795914076
0.0000366788255764106
0.000036561670911658245
0.000036444942968552985
0.000036328639923353357
0.00003621275996162322
0.00003609730127817508
0.00003598226207701372
0.00003586764057128026
0.00003575343498319663
0.00003563964354401051
0.00003552626449394052
0.00003541329608212189
0.00003530073656655252
0.00003518858421403946
0.00003507683730014561
0.000034965494109137
0.0000348545529339304
0.000034744012076041134
0.00003463386984553148
0.00003452412456095934
0.00003441477454932728
0.000034305818146031884
0.000034197253694813615
0.0000340890795477068
0.00003398129406499024
0.0000338738956151379
0.000033766882574770145
0.00003366025332860523
0.00003355400626941113
0.00003344813979795774
0.000033342652322969384
0.00003323754226107768
0.0000331328080367747
0.000033028448082366475
0.00003292446083792687
0.000032820844751251705
0.00003271759827781318
0.00003261471988071475
0.0000325122080306462
0.000032410061205839004
0.000032308277892022154
0.000032206856582378056
0.00003210579577749898
0.000032005093985343626
0.00003190474972119408
0.00003180476150761307
0.00003170512787440142
0.00003160584735855593
0.000031506918504227455
0.00003140833986267933
0.000031310109992245994
0.000031212227458291994
0.00003111469083317119
0.000031017498696186314
0.00003092064963354878
0.00003082414223833867
0.00003072797511046515
0.000030632146856627086
0.00003053665609027385
0.000030441501431566545
0.000030346681507339386
0.000030252194951061324
0.000030158040402798056
0.000030064216509174134
0.00002997072192333545
0.000029877555304911912
0.00002978471531998042
0.000029692200641027972
0.00002960000994691524
0.000029508141922840124
0.00002941659526030178
0.00002932536865706474
0.0000292344608171233
0.000029143870450666277
0.000029053596274041747
0.000028963637009722284
0.000028873991386270257
0.000028784658138303388
0.00002869563600646064
0.000028606923737368186
0.000028518520083605695
0.00002843042380367283
0.000028342633661955922
0.000028255148428694943
0.00002816796687995063
0.000028081087797571826
0.000027994509969163113
0.00002790823218805255
0.000027822253253259715
0.000027736571969463898
0.000027651187146972534
0.000027566097601689815
0.000027481302155085552
0.00002739679963416421
0.000027312588871434117
0.00002722866870487694
0.000027145037977917335
0.000027061695539392737
0.000026978640243523452
0.00002689587094988285
0.000026813386523367806
0.00002673118583416931
0.000026649267757743276
0.00002656763117478153
0.000026486274971183013
0.000026405198038025122
0.000026324399271535285
0.0000262438775730627
0.00002616363184905023
0.000026083661011006518
0.000026003963975478296
0.00002592453966402278
0.000025845387003180374
0.000025766504924447417
0.000025687892364249206
0.000025609548263913143
0.000025531471569642053
0.00002545366123248771
0.00002537611620832447
0.000025298835457823122
0.000025221817946424904
0.000025145062644315632
0.000025068568526400082
0.000024992334572276443
0.000024916359766210983
0.000024840643097112875
0.000024765183558509163
0.000024689980148519907
0.00002461503186983345
0.000024540337729681893
0.00002446589673981668
0.000024391707916484355
0.00002431777028040247
0.00002424408285673563
0.00002417064467507174
0.000024097454769398327
0.00002402451217807904
0.00002395181594383035
0.0000238793651136983
0.00002380715873903548
0.000023735195875478085
0.00002366347558292317
0.000023591996925506033
0.000023520758971577675
0.00002344976079368253
0.00002337900146853617
0.000023308480077003322
0.000023238195704075863
0.00002316814743885106
0.00002309833437450989
0.00002302875560829551
0.0000229594102414919
0.00002289029737940252
0.00002282141613132925
0.000022752765610551334
0.000022684344934304574
0.000022616153223760487
0.000022548189604005766
0.00002248045320402175
0.000022412943156664064
0.000022345658598642386
0.000022278598670500305
0.000022211762516595358
0.000022145149285079123
0.00002207875812787749
0.00002201258820067102
0.00002194663866287542
0.000021880908677622178
0.000021815397411739253