c_k^s/C^s of alpha = 10, lambda=100, eta(-6,-3,1), k=1:1:1000
0.9999475010937424	0.9994751093674521	0.9947609299437172	0.9485861104044342
0.00005249698132251486	0.000524698197508037	0.005219884939734649	0.04955300576739582
1.924879690760425e-9	1.9237972010027522e-7	0.000019130013105807477	0.0018079040246811078
5.5340014409290154e-14	5.5306404208618685e-11	5.4971302028182394e-8	0.000051718647472220744
1.3281537050544387e-18	1.3272873366400167e-14	1.31865192271502e-10	1.2350721784410925e-6
2.766973050664827e-23	2.765043699148411e-18	2.7458185963581124e-13	2.5602657098695946e-8
5.138638543756246e-28	5.134824414340617e-22	5.096828978747121e-16	4.731123557683686e-10
8.671409185542739e-33	8.664582970051288e-26	8.5966006013351e-19	7.94405074984201e-12
1.3488791289110035e-37	1.3477566297320473e-29	1.3365806920838623e-21	1.2295932614459716e-13
1.9558649575961672e-42	1.9541494056411863e-33	1.9370734667882064e-24	1.774040028951899e-15
2.667075243164012e-47	2.664615958712773e-37	2.640143746474317e-27	2.407109944303798e-17
3.444954964312027e-52	3.441623532160724e-41	3.408481431813419e-30	3.093715102546341e-19
4.2399233718440976e-57	4.235632565646455e-45	4.192957591128644e-33	3.7887058278409075e-21
4.997027560249885e-62	4.991745936500782e-49	4.939230402914445e-36	4.443045213885926e-23
5.66326958526861e-67	5.657029209907058e-53	5.5949969581572926e-39	5.010399246173183e-25
6.194170138036852e-72	6.187066345018593e-57	6.116469688140468e-42	5.452859876121312e-27
6.558500294831664e-77	6.550683889942838e-61	6.473025509981976e-45	5.744891880022454e-29
6.740647155341211e-82	6.732310715794348e-65	6.649507020637823e-48	5.8750967263911215e-31
6.74061345227395e-87	6.731974117088493e-69	6.646183928673485e-51	5.845867389443903e-33
6.572065255640823e-92	6.56334659683144e-73	6.476790934989154e-54	5.671363885281398e-35
6.259078471884614e-97	6.25049375800871e-77	6.165289674200189e-57	5.374426804341528e-37
5.832293960059044e-102	5.824032527427199e-81	5.74205798560283e-60	4.983073246901914e-39
5.325111337975482e-107	5.317329049894079e-85	5.240128531284767e-63	4.5271268953034917e-41
4.770388388327761e-112	4.763202447074425e-89	4.691935841355259e-66	4.035374305515136e-43
4.197920792124468e-117	4.191408582996344e-93	4.1268401203324623e-69	3.533462078461014e-45
3.632797906118182e-122	3.6269991545583386e-97	3.5695191906923613e-72	3.04259076790558e-47
3.09459015077955e-127	3.089511470902077e-101	3.039181941841091e-75	2.578941870714146e-49
2.597232318956956e-132	2.5928531989900076e-105	2.549467253275706e-78	2.1537005672275207e-51
2.149422896160241e-137	2.1457022588787864e-109	2.108849508990917e-81	1.773505356440573e-53
1.7553532550979214e-142	1.7522358996226948e-113	1.721366415801348e-84	1.4411569231440806e-55
1.4156003857867175e-147	1.413022816296842e-117	1.3875049699354741e-87	1.1564411195186012e-57
1.1280509171692046e-152	1.1259462594235748e-121	1.1051154651847388e-90	9.169542458869505e-60
8.887629454701005e-158	8.870648208502588e-126	8.702619022247422e-94	7.188545271539489e-62
6.92708832189888e-163	6.913541897179218e-130	6.779533882751468e-97	5.5749619460285765e-64
5.343727129686345e-168	5.333037097397669e-134	5.227312481881621e-100	4.2792884873566897e-66
4.081993369654665e-173	4.0736441005293046e-138	3.991090378470336e-103	3.2526377391461846e-68
3.0890606182193585e-178	3.082603567519476e-142	3.018775223122747e-106	2.449209538687459e-70
2.31678387974512e-183	2.311837083785418e-146	2.262949942370875e-109	1.8277683124533278e-72
1.7227281174519376e-188	1.7189723957334728e-150	1.6818654346866409e-112	1.3523480306454012e-74
1.2705056340926335e-193	1.2676787579155404e-154	1.2397558801413269e-115	9.923946991054562e-77
9.29633620680165e-199	9.275234466926947e-159	9.066851063307322e-119	7.225298136916318e-79
6.750877062458744e-204	6.735250171807408e-163	6.580970406008266e-122	5.220838502154648e-81
4.86688703617461e-209	4.855402702563236e-167	4.742049500511517e-125	3.745134642295363e-83
3.4842312524687434e-214	3.475853142132483e-171	3.3931797570785696e-128	2.667836753331161e-85
2.4776631689952615e-219	2.4715942102503644e-175	2.4117219662727357e-131	1.8876899083824686e-87
1.7505141385672638e-224	1.7461477324641775e-179	1.7030824566817438e-134	1.3270586636908984e-89
1.229078249773e-229	1.2259573228001975e-183	1.195183707518529e-137	9.271289489107578e-92
8.577899062045419e-235	8.555732695408275e-188	8.337217683214794e-141	6.438395478546929e-94
5.951981834163161e-240	5.936334033173471e-192	5.782117129788228e-144	4.445231927517424e-96
4.1068469313379245e-245	4.0958656896052144e-196	3.987666986060847e-147	3.051950278594053e-98
2.8184102725923103e-250	2.8107476809724707e-200	2.7352665728337723e-150	2.084055404366244e-100
1.9240973925327877e-255	1.918779881669815e-204	1.866412242640197e-153	1.415690142652156e-102
1.3069275433090828e-260	1.3032570209246771e-208	1.2671181529055682e-156	9.568167677739155e-105
8.833817929203228e-266	8.808611655296998e-213	8.560499857673614e-160	6.435196613920751e-107
5.942720529679523e-271	5.92549702053059e-217	5.75600372057469e-163	4.307594296066355e-109
3.979480457293824e-276	3.967768366401271e-221	3.852540506917092e-166	2.870198758039949e-111
2.6529737066606823e-281	2.645046658601251e-225	2.5670767995449556e-169	1.903946108152537e-113
1.7610168450267447e-286	1.755675946481092e-229	1.7031562974113082e-172	1.2575386029142677e-115
1.1640561620250042e-291	1.1604735341667254e-233	1.125252553368079e-175	8.271187370546662e-118
7.663331416674194e-297	7.639402129824454e-238	7.404210537737652e-179	5.418107813210501e-120
5.025110229645045e-302	5.0091935598790235e-242	4.852793627932035e-182	3.5351816740628013e-122
3.2825152696917857e-307	3.2719709042789867e-246	3.168385838230036e-185	2.2977829850673e-124
2.136229415003e-312	2.129271426514999e-250	2.0609349193249644e-188	1.487942863267145e-126
1.3852044e-317	1.3806304091103643e-254	1.3357196269363135e-191	9.6003776159183e-129
9.e-323	8.920550462113095e-259	8.62649049803178e-195	6.172458627915326e-131
0.	5.744006657845994e-263	5.552160982635206e-198	3.954914694503262e-133
0.	3.686267720753929e-267	3.5615464245983564e-201	2.5256008296374883e-135
0.	2.358009244431836e-271	2.277203596290509e-204	1.6076036887508157e-137
0.	1.5035828897685663e-275	1.4514041274548578e-207	1.0200383921701044e-139
0.	9.558013327148099e-280	9.222172295529546e-211	6.4522684366125995e-142
0.	6.057592891083114e-284	5.842117719996756e-214	4.069120308984192e-144
0.	3.827870780687101e-288	3.690048812536127e-217	2.558664649789673e-146
0.	2.4119623595752627e-292	2.324074200935995e-220	1.604287792412253e-148
0.	1.515549218758653e-296	1.4596681435434145e-223	1.0030843397494927e-150
0.	9.496966922541433e-301	9.142682358359551e-227	6.254721587824366e-153
0.	5.935307561210333e-305	5.711320813567936e-230	3.8897522312340575e-155
0.	3.699746998859096e-309	3.558524621471873e-233	2.412717026545646e-157
0.	2.3003686924e-313	2.211566577498249e-236	1.492751317610203e-159
0.	1.4267396e-317	1.371045645498949e-239	9.2127734193463e-162
0.	8.84e-322	8.479105378835331e-243	5.6720433365378335e-164
0.	0.	5.231399965964753e-246	3.4838421083089704e-166
0.	0.	3.2201667249450887e-249	2.1348625951899402e-168
0.	0.	1.9776678284014561e-252	1.3052567566347416e-170
0.	0.	1.2118927817362151e-255	7.962653751088509e-173
0.	0.	7.410227198198923e-259	4.84703535331112e-175
0.	0.	4.521424495954853e-262	2.9442248761869e-177
0.	0.	2.753054487533328e-265	1.784684833738271e-179
0.	0.	1.6728955418090162e-268	1.0796092108208672e-181
0.	0.	1.014508018549005e-271	6.517848665026199e-184
0.	0.	6.140339498131021e-275	3.927283054106443e-186
0.	0.	3.7093395324009e-278	2.3618234976311235e-188
0.	0.	2.2365811012781646e-281	1.4177071611348405e-190
0.	0.	1.3460854698626733e-284	8.494259992890502e-193
0.	0.	8.086789482624756e-288	5.0801914851096996e-195
0.	0.	4.8496488651422826e-291	3.0329501403639996e-197
0.	0.	2.9032859585382435e-294	1.80757289667216e-199
0.	0.	1.7351178595776145e-297	1.0754395856489232e-201
0.	0.	1.0352415097072938e-300	6.387777008880293e-204
0.	0.	6.1665378495328434e-304	3.7879174182012885e-206
0.	0.	3.667256392275904e-307	2.2425978744574796e-208
0.	0.	2.1774794141202e-310	1.3256083194665165e-210
0.	0.	1.29089871294e-313	7.823559001826579e-213
0.	0.	7.6413077e-317	4.610318302771785e-215
0.	0.	4.5163e-320	2.7127303446274853e-217
0.	0.	2.5e-323	1.59383351212418e-219
0.	0.	0.	9.350849010397187e-222
0.	0.	0.	5.478248827405243e-224
0.	0.	0.	3.204982499910014e-226
0.	0.	0.	1.8724622757245053e-228
0.	0.	0.	1.092481382037364e-230
0.	0.	0.	6.365585570564175e-233
0.	0.	0.	3.70420979808061e-235
0.	0.	0.	2.1527569821099837e-237
0.	0.	0.	1.2495272698814167e-239
0.	0.	0.	7.2436363471386465e-242
0.	0.	0.	4.1940766291976206e-244
0.	0.	0.	2.4254557195682975e-246
0.	0.	0.	1.4009926367352084e-248
0.	0.	0.	8.082987744866374e-251
0.	0.	0.	4.65810653622067e-253
0.	0.	0.	2.681365548583092e-255
0.	0.	0.	1.5417687886396542e-257
0.	0.	0.	8.855364154302912e-260
0.	0.	0.	5.0807136658053144e-262
0.	0.	0.	2.9119314144317023e-264
0.	0.	0.	1.6671801906838698e-266
0.	0.	0.	9.535327607625063e-269
0.	0.	0.	5.448123283274581e-271
0.	0.	0.	3.1097313661330483e-273
0.	0.	0.	1.7732490377107696e-275
0.	0.	0.	1.0101680743481655e-277
0.	0.	0.	5.749109725108284e-280
0.	0.	0.	3.268861250949984e-282
0.	0.	0.	1.8568937825623654e-284
0.	0.	0.	1.0538479547249097e-286
0.	0.	0.	5.975506035351223e-289
0.	0.	0.	3.3851869902850376e-291
0.	0.	0.	1.9160514726178917e-293
0.	0.	0.	1.0835610890641288e-295
0.	0.	0.	6.122466707931645e-298
0.	0.	0.	3.456457687692965e-300
0.	0.	0.	1.949722120799409e-302
0.	0.	0.	1.0988935865062947e-304
0.	0.	0.	6.188490001400153e-307
0.	0.	0.	3.482286362084835e-309
0.	0.	0.	1.957940604321e-311
0.	0.	0.	1.10000385935e-313
0.	0.	0.	6.1752267e-316
0.	0.	0.	3.46402e-318
0.	0.	0.	1.9417e-320
0.	0.	0.	1.1e-322
0.	0.	0.	0.
0.	0.	0.	0.
0.	0.	0.	0.
0.	0.	0.	0.
0.	0.	0.	0.
0.	0.	0.	0.
0.	0.	0.	0.
0.	0.	0.	0.
0.	0.	0.	0.
0.	0.	0.	0.
0.	0.	0.	0.
0.	0.	0.	0.
0.	0.	0.	0.
0.	0.	0.	0.
0.	0.	0.	0.
0.	0.	0.	0.
0.	0.	0.	0.
0.	0.	0.	0.
0.	0.	0.	0.
0.	0.	0.	0.
0.	0.	0.	0.
0.	0.	0.	0.
0.	0.	0.	0.
0.	0.	0.	0.
0.	0.	0.	0.
0.	0.	0.	0.
0.	0.	0.	0.
0.	0.	0.	0.
0.	0.	0.	0.
0.	0.	0.	0.
0.	0.	0.	0.
0.	0.	0.	0.
0.	0.	0.	0.
0.	0.	0.	0.
0.	0.	0.	0.
0.	0.	0.	0.
0.	0.	0.	0.
0.	0.	0.	0.
0.	0.	0.	0.
0.	0.	0.	0.
0.	0.	0.	0.
0.	0.	0.	0.
0.	0.	0.	0.
0.	0.	0.	0.
0.	0.	0.	0.
0.	0.	0.	0.
0.	0.	0.	0.
0.	0.	0.	0.
0.	0.	0.	0.
0.	0.	0.	0.
0.	0.	0.	0.
0.	0.	0.	0.
0.	0.	0.	0.
0.	0.	0.	0.
0.	0.	0.	0.
0.	0.	0.	0.
0.	0.	0.	0.
0.	0.	0.	0.
0.	0.	0.	0.
0.	0.	0.	0.
0.	0.	0.	0.
0.	0.	0.	0.
0.	0.	0.	0.
0.	0.	0.	0.
0.	0.	0.	0.
0.	0.	0.	0.
0.	0.	0.	0.
0.	0.	0.	0.
0.	0.	0.	0.
0.	0.	0.	0.
0.	0.	0.	0.
0.	0.	0.	0.
0.	0.	0.	0.
0.	0.	0.	0.
0.	0.	0.	0.
0.	0.	0.	0.
0.	0.	0.	0.
0.	0.	0.	0.
0.	0.	0.	0.
0.	0.	0.	0.
0.	0.	0.	0.
0.	0.	0.	0.
0.	0.	0.	0.
0.	0.	0.	0.
0.	0.	0.	0.
0.	0.	0.	0.
0.	0.	0.	0.
0.	0.	0.	0.
0.	0.	0.	0.
0.	0.	0.	0.
0.	0.	0.	0.
0.	0.	0.	0.
0.	0.	0.	0.
0.	0.	0.	0.
0.	0.	0.	0.
0.	0.	0.	0.
0.	0.	0.	0.
0.	0.	0.	0.
0.	0.	0.	0.
0.	0.	0.	0.
0.	0.	0.	0.
0.	0.	0.	0.
0.	0.	0.	0.
0.	0.	0.	0.
0.	0.	0.	0.
0.	0.	0.	0.
0.	0.	0.	0.
0.	0.	0.	0.
0.	0.	0.	0.
0.	0.	0.	0.
0.	0.	0.	0.
0.	0.	0.	0.
0.	0.	0.	0.
0.	0.	0.	0.
0.	0.	0.	0.
0.	0.	0.	0.
0.	0.	0.	0.
0.	0.	0.	0.
0.	0.	0.	0.
0.	0.	0.	0.
0.	0.	0.	0.
0.	0.	0.	0.
0.	0.	0.	0.
0.	0.	0.	0.
0.	0.	0.	0.
0.	0.	0.	0.
0.	0.	0.	0.
0.	0.	0.	0.
0.	0.	0.	0.
0.	0.	0.	0.
0.	0.	0.	0.
0.	0.	0.	0.
0.	0.	0.	0.
0.	0.	0.	0.
0.	0.	0.	0.
0.	0.	0.	0.
0.	0.	0.	0.
0.	0.	0.	0.
0.	0.	0.	0.
0.	0.	0.	0.
0.	0.	0.	0.
0.	0.	0.	0.
0.	0.	0.	0.
0.	0.	0.	0.
0.	0.	0.	0.
0.	0.	0.	0.
0.	0.	0.	0.
0.	0.	0.	0.
0.	0.	0.	0.
0.	0.	0.	0.
0.	0.	0.	0.
0.	0.	0.	0.
0.	0.	0.	0.
0.	0.	0.	0.
0.	0.	0.	0.
0.	0.	0.	0.
0.	0.	0.	0.
0.	0.	0.	0.
0.	0.	0.	0.
0.	0.	0.	0.
0.	0.	0.	0.
0.	0.	0.	0.
0.	0.	0.	0.
0.	0.	0.	0.
0.	0.	0.	0.
0.	0.	0.	0.
0.	0.	0.	0.
0.	0.	0.	0.
0.	0.	0.	0.
0.	0.	0.	0.
0.	0.	0.	0.
0.	0.	0.	0.
0.	0.	0.	0.
0.	0.	0.	0.
0.	0.	0.	0.
0.	0.	0.	0.
0.	0.	0.	0.
0.	0.	0.	0.
0.	0.	0.	0.
0.	0.	0.	0.
0.	0.	0.	0.
0.	0.	0.	0.
0.	0.	0.	0.
0.	0.	0.	0.
0.	0.	0.	0.
0.	0.	0.	0.
0.	0.	0.	0.
0.	0.	0.	0.
0.	0.	0.	0.
0.	0.	0.	0.
0.	0.	0.	0.
0.	0.	0.	0.
0.	0.	0.	0.
0.	0.	0.	0.
0.	0.	0.	0.
0.	0.	0.	0.
0.	0.	0.	0.
0.	0.	0.	0.
0.	0.	0.	0.
0.	0.	0.	0.
0.	0.	0.	0.
0.	0.	0.	0.
0.	0.	0.	0.
0.	0.	0.	0.
0.	0.	0.	0.
0.	0.	0.	0.
0.	0.	0.	0.
0.	0.	0.	0.
0.	0.	0.	0.
0.	0.	0.	0.
0.	0.	0.	0.
0.	0.	0.	0.
0.	0.	0.	0.
0.	0.	0.	0.
0.	0.	0.	0.
0.	0.	0.	0.
0.	0.	0.	0.
0.	0.	0.	0.
0.	0.	0.	0.
0.	0.	0.	0.
0.	0.	0.	0.
0.	0.	0.	0.
0.	0.	0.	0.
0.	0.	0.	0.
0.	0.	0.	0.
0.	0.	0.	0.
0.	0.	0.	0.
0.	0.	0.	0.
0.	0.	0.	0.
0.	0.	0.	0.
0.	0.	0.	0.
0.	0.	0.	0.
0.	0.	0.	0.
0.	0.	0.	0.
0.	0.	0.	0.
0.	0.	0.	0.
0.	0.	0.	0.
0.	0.	0.	0.
0.	0.	0.	0.
0.	0.	0.	0.
0.	0.	0.	0.
0.	0.	0.	0.
0.	0.	0.	0.
0.	0.	0.	0.
0.	0.	0.	0.
0.	0.	0.	0.
0.	0.	0.	0.
0.	0.	0.	0.
0.	0.	0.	0.
0.	0.	0.	0.
0.	0.	0.	0.
0.	0.	0.	0.
0.	0.	0.	0.
0.	0.	0.	0.
0.	0.	0.	0.
0.	0.	0.	0.
0.	0.	0.	0.
0.	0.	0.	0.
0.	0.	0.	0.
0.	0.	0.	0.
0.	0.	0.	0.
0.	0.	0.	0.
0.	0.	0.	0.
0.	0.	0.	0.
0.	0.	0.	0.
0.	0.	0.	0.
0.	0.	0.	0.
0.	0.	0.	0.
0.	0.	0.	0.
0.	0.	0.	0.
0.	0.	0.	0.
0.	0.	0.	0.
0.	0.	0.	0.
0.	0.	0.	0.
0.	0.	0.	0.
0.	0.	0.	0.
0.	0.	0.	0.
0.	0.	0.	0.
0.	0.	0.	0.
0.	0.	0.	0.
0.	0.	0.	0.
0.	0.	0.	0.
0.	0.	0.	0.
0.	0.	0.	0.
0.	0.	0.	0.
0.	0.	0.	0.
0.	0.	0.	0.
0.	0.	0.	0.
0.	0.	0.	0.
0.	0.	0.	0.
0.	0.	0.	0.
0.	0.	0.	0.
0.	0.	0.	0.
0.	0.	0.	0.
0.	0.	0.	0.
0.	0.	0.	0.
0.	0.	0.	0.
0.	0.	0.	0.
0.	0.	0.	0.
0.	0.	0.	0.
0.	0.	0.	0.
0.	0.	0.	0.
0.	0.	0.	0.
0.	0.	0.	0.
0.	0.	0.	0.
0.	0.	0.	0.
0.	0.	0.	0.
0.	0.	0.	0.
0.	0.	0.	0.
0.	0.	0.	0.
0.	0.	0.	0.
0.	0.	0.	0.
0.	0.	0.	0.
0.	0.	0.	0.
0.	0.	0.	0.
0.	0.	0.	0.
0.	0.	0.	0.
0.	0.	0.	0.
0.	0.	0.	0.
0.	0.	0.	0.
0.	0.	0.	0.
0.	0.	0.	0.
0.	0.	0.	0.
0.	0.	0.	0.
0.	0.	0.	0.
0.	0.	0.	0.
0.	0.	0.	0.
0.	0.	0.	0.
0.	0.	0.	0.
0.	0.	0.	0.
0.	0.	0.	0.
0.	0.	0.	0.
0.	0.	0.	0.
0.	0.	0.	0.
0.	0.	0.	0.
0.	0.	0.	0.
0.	0.	0.	0.
0.	0.	0.	0.
0.	0.	0.	0.
0.	0.	0.	0.
0.	0.	0.	0.
0.	0.	0.	0.
0.	0.	0.	0.
0.	0.	0.	0.
0.	0.	0.	0.
0.	0.	0.	0.
0.	0.	0.	0.
0.	0.	0.	0.
0.	0.	0.	0.
0.	0.	0.	0.
0.	0.	0.	0.
0.	0.	0.	0.
0.	0.	0.	0.
0.	0.	0.	0.
0.	0.	0.	0.
0.	0.	0.	0.
0.	0.	0.	0.
0.	0.	0.	0.
0.	0.	0.	0.
0.	0.	0.	0.
0.	0.	0.	0.
0.	0.	0.	0.
0.	0.	0.	0.
0.	0.	0.	0.
0.	0.	0.	0.
0.	0.	0.	0.
0.	0.	0.	0.
0.	0.	0.	0.
0.	0.	0.	0.
0.	0.	0.	0.
0.	0.	0.	0.
0.	0.	0.	0.
0.	0.	0.	0.
0.	0.	0.	0.
0.	0.	0.	0.
0.	0.	0.	0.
0.	0.	0.	0.
0.	0.	0.	0.
0.	0.	0.	0.
0.	0.	0.	0.
0.	0.	0.	0.
0.	0.	0.	0.
0.	0.	0.	0.
0.	0.	0.	0.
0.	0.	0.	0.
0.	0.	0.	0.
0.	0.	0.	0.
0.	0.	0.	0.
0.	0.	0.	0.
0.	0.	0.	0.
0.	0.	0.	0.
0.	0.	0.	0.
0.	0.	0.	0.
0.	0.	0.	0.
0.	0.	0.	0.
0.	0.	0.	0.
0.	0.	0.	0.
0.	0.	0.	0.
0.	0.	0.	0.
0.	0.	0.	0.
0.	0.	0.	0.
0.	0.	0.	0.
0.	0.	0.	0.
0.	0.	0.	0.
0.	0.	0.	0.
0.	0.	0.	0.
0.	0.	0.	0.
0.	0.	0.	0.
0.	0.	0.	0.
0.	0.	0.	0.
0.	0.	0.	0.
0.	0.	0.	0.
0.	0.	0.	0.
0.	0.	0.	0.
0.	0.	0.	0.
0.	0.	0.	0.
0.	0.	0.	0.
0.	0.	0.	0.
0.	0.	0.	0.
0.	0.	0.	0.
0.	0.	0.	0.
0.	0.	0.	0.
0.	0.	0.	0.
0.	0.	0.	0.
0.	0.	0.	0.
0.	0.	0.	0.
0.	0.	0.	0.
0.	0.	0.	0.
0.	0.	0.	0.
0.	0.	0.	0.
0.	0.	0.	0.
0.	0.	0.	0.
0.	0.	0.	0.
0.	0.	0.	0.
0.	0.	0.	0.
0.	0.	0.	0.
0.	0.	0.	0.
0.	0.	0.	0.
0.	0.	0.	0.
0.	0.	0.	0.
0.	0.	0.	0.
0.	0.	0.	0.
0.	0.	0.	0.
0.	0.	0.	0.
0.	0.	0.	0.
0.	0.	0.	0.
0.	0.	0.	0.
0.	0.	0.	0.
0.	0.	0.	0.
0.	0.	0.	0.
0.	0.	0.	0.
0.	0.	0.	0.
0.	0.	0.	0.
0.	0.	0.	0.
0.	0.	0.	0.
0.	0.	0.	0.
0.	0.	0.	0.
0.	0.	0.	0.
0.	0.	0.	0.
0.	0.	0.	0.
0.	0.	0.	0.
0.	0.	0.	0.
0.	0.	0.	0.
0.	0.	0.	0.
0.	0.	0.	0.
0.	0.	0.	0.
0.	0.	0.	0.
0.	0.	0.	0.
0.	0.	0.	0.
0.	0.	0.	0.
0.	0.	0.	0.
0.	0.	0.	0.
0.	0.	0.	0.
0.	0.	0.	0.
0.	0.	0.	0.
0.	0.	0.	0.
0.	0.	0.	0.
0.	0.	0.	0.
0.	0.	0.	0.
0.	0.	0.	0.
0.	0.	0.	0.
0.	0.	0.	0.
0.	0.	0.	0.
0.	0.	0.	0.
0.	0.	0.	0.
0.	0.	0.	0.
0.	0.	0.	0.
0.	0.	0.	0.
0.	0.	0.	0.
0.	0.	0.	0.
0.	0.	0.	0.
0.	0.	0.	0.
0.	0.	0.	0.
0.	0.	0.	0.
0.	0.	0.	0.
0.	0.	0.	0.
0.	0.	0.	0.
0.	0.	0.	0.
0.	0.	0.	0.
0.	0.	0.	0.
0.	0.	0.	0.
0.	0.	0.	0.
0.	0.	0.	0.
0.	0.	0.	0.
0.	0.	0.	0.
0.	0.	0.	0.
0.	0.	0.	0.
0.	0.	0.	0.
0.	0.	0.	0.
0.	0.	0.	0.
0.	0.	0.	0.
0.	0.	0.	0.
0.	0.	0.	0.
0.	0.	0.	0.
0.	0.	0.	0.
0.	0.	0.	0.
0.	0.	0.	0.
0.	0.	0.	0.
0.	0.	0.	0.
0.	0.	0.	0.
0.	0.	0.	0.
0.	0.	0.	0.
0.	0.	0.	0.
0.	0.	0.	0.
0.	0.	0.	0.
0.	0.	0.	0.
0.	0.	0.	0.
0.	0.	0.	0.
0.	0.	0.	0.
0.	0.	0.	0.
0.	0.	0.	0.
0.	0.	0.	0.
0.	0.	0.	0.
0.	0.	0.	0.
0.	0.	0.	0.
0.	0.	0.	0.
0.	0.	0.	0.
0.	0.	0.	0.
0.	0.	0.	0.
0.	0.	0.	0.
0.	0.	0.	0.
0.	0.	0.	0.
0.	0.	0.	0.
0.	0.	0.	0.
0.	0.	0.	0.
0.	0.	0.	0.
0.	0.	0.	0.
0.	0.	0.	0.
0.	0.	0.	0.
0.	0.	0.	0.
0.	0.	0.	0.
0.	0.	0.	0.
0.	0.	0.	0.
0.	0.	0.	0.
0.	0.	0.	0.
0.	0.	0.	0.
0.	0.	0.	0.
0.	0.	0.	0.
0.	0.	0.	0.
0.	0.	0.	0.
0.	0.	0.	0.
0.	0.	0.	0.
0.	0.	0.	0.
0.	0.	0.	0.
0.	0.	0.	0.
0.	0.	0.	0.
0.	0.	0.	0.
0.	0.	0.	0.
0.	0.	0.	0.
0.	0.	0.	0.
0.	0.	0.	0.
0.	0.	0.	0.
0.	0.	0.	0.
0.	0.	0.	0.
0.	0.	0.	0.
0.	0.	0.	0.
0.	0.	0.	0.
0.	0.	0.	0.
0.	0.	0.	0.
0.	0.	0.	0.
0.	0.	0.	0.
0.	0.	0.	0.
0.	0.	0.	0.
0.	0.	0.	0.
0.	0.	0.	0.
0.	0.	0.	0.
0.	0.	0.	0.
0.	0.	0.	0.
0.	0.	0.	0.
0.	0.	0.	0.
0.	0.	0.	0.
0.	0.	0.	0.
0.	0.	0.	0.
0.	0.	0.	0.
0.	0.	0.	0.
0.	0.	0.	0.
0.	0.	0.	0.
0.	0.	0.	0.
0.	0.	0.	0.
0.	0.	0.	0.
0.	0.	0.	0.
0.	0.	0.	0.
0.	0.	0.	0.
0.	0.	0.	0.
0.	0.	0.	0.
0.	0.	0.	0.
0.	0.	0.	0.
0.	0.	0.	0.
0.	0.	0.	0.
0.	0.	0.	0.
0.	0.	0.	0.
0.	0.	0.	0.
0.	0.	0.	0.
0.	0.	0.	0.
0.	0.	0.	0.
0.	0.	0.	0.
0.	0.	0.	0.
0.	0.	0.	0.
0.	0.	0.	0.
0.	0.	0.	0.
0.	0.	0.	0.
0.	0.	0.	0.
0.	0.	0.	0.
0.	0.	0.	0.
0.	0.	0.	0.
0.	0.	0.	0.
0.	0.	0.	0.
0.	0.	0.	0.
0.	0.	0.	0.
0.	0.	0.	0.
0.	0.	0.	0.
0.	0.	0.	0.
0.	0.	0.	0.
0.	0.	0.	0.
0.	0.	0.	0.
0.	0.	0.	0.
0.	0.	0.	0.
0.	0.	0.	0.
0.	0.	0.	0.
0.	0.	0.	0.
0.	0.	0.	0.
0.	0.	0.	0.
0.	0.	0.	0.
0.	0.	0.	0.
0.	0.	0.	0.
0.	0.	0.	0.
0.	0.	0.	0.
0.	0.	0.	0.
0.	0.	0.	0.
0.	0.	0.	0.
0.	0.	0.	0.
0.	0.	0.	0.
0.	0.	0.	0.
0.	0.	0.	0.
0.	0.	0.	0.
0.	0.	0.	0.
0.	0.	0.	0.
0.	0.	0.	0.
0.	0.	0.	0.
0.	0.	0.	0.
0.	0.	0.	0.
0.	0.	0.	0.
0.	0.	0.	0.
0.	0.	0.	0.
0.	0.	0.	0.
0.	0.	0.	0.
0.	0.	0.	0.
0.	0.	0.	0.
0.	0.	0.	0.
0.	0.	0.	0.
0.	0.	0.	0.
0.	0.	0.	0.
0.	0.	0.	0.
0.	0.	0.	0.
0.	0.	0.	0.
0.	0.	0.	0.
0.	0.	0.	0.
0.	0.	0.	0.
0.	0.	0.	0.
0.	0.	0.	0.
0.	0.	0.	0.
0.	0.	0.	0.
0.	0.	0.	0.
0.	0.	0.	0.
0.	0.	0.	0.
0.	0.	0.	0.
0.	0.	0.	0.
0.	0.	0.	0.
0.	0.	0.	0.
0.	0.	0.	0.
0.	0.	0.	0.
0.	0.	0.	0.
0.	0.	0.	0.
0.	0.	0.	0.
0.	0.	0.	0.
0.	0.	0.	0.
0.	0.	0.	0.
0.	0.	0.	0.
0.	0.	0.	0.
0.	0.	0.	0.
0.	0.	0.	0.
0.	0.	0.	0.
0.	0.	0.	0.
0.	0.	0.	0.
0.	0.	0.	0.
0.	0.	0.	0.
0.	0.	0.	0.
0.	0.	0.	0.
0.	0.	0.	0.
0.	0.	0.	0.
0.	0.	0.	0.
0.	0.	0.	0.
0.	0.	0.	0.
0.	0.	0.	0.
0.	0.	0.	0.
0.	0.	0.	0.
0.	0.	0.	0.
0.	0.	0.	0.
0.	0.	0.	0.
0.	0.	0.	0.
0.	0.	0.	0.
0.	0.	0.	0.
0.	0.	0.	0.
0.	0.	0.	0.
0.	0.	0.	0.
0.	0.	0.	0.
0.	0.	0.	0.
0.	0.	0.	0.
0.	0.	0.	0.
0.	0.	0.	0.
0.	0.	0.	0.
0.	0.	0.	0.
0.	0.	0.	0.
0.	0.	0.	0.
0.	0.	0.	0.
0.	0.	0.	0.
0.	0.	0.	0.
0.	0.	0.	0.
0.	0.	0.	0.
0.	0.	0.	0.
0.	0.	0.	0.
0.	0.	0.	0.
0.	0.	0.	0.
0.	0.	0.	0.
0.	0.	0.	0.
0.	0.	0.	0.
0.	0.	0.	0.
0.	0.	0.	0.
0.	0.	0.	0.
0.	0.	0.	0.
0.	0.	0.	0.
0.	0.	0.	0.
0.	0.	0.	0.
0.	0.	0.	0.
0.	0.	0.	0.
0.	0.	0.	0.
0.	0.	0.	0.
0.	0.	0.	0.
0.	0.	0.	0.
0.	0.	0.	0.
0.	0.	0.	0.
0.	0.	0.	0.
0.	0.	0.	0.
0.	0.	0.	0.
0.	0.	0.	0.
0.	0.	0.	0.
0.	0.	0.	0.
0.	0.	0.	0.
0.	0.	0.	0.
0.	0.	0.	0.
0.	0.	0.	0.
0.	0.	0.	0.
0.	0.	0.	0.
0.	0.	0.	0.
0.	0.	0.	0.
0.	0.	0.	0.
0.	0.	0.	0.
0.	0.	0.	0.
0.	0.	0.	0.
0.	0.	0.	0.
0.	0.	0.	0.
0.	0.	0.	0.
0.	0.	0.	0.
0.	0.	0.	0.
0.	0.	0.	0.
0.	0.	0.	0.
0.	0.	0.	0.
0.	0.	0.	0.
0.	0.	0.	0.
0.	0.	0.	0.
0.	0.	0.	0.
0.	0.	0.	0.
0.	0.	0.	0.
0.	0.	0.	0.
0.	0.	0.	0.
0.	0.	0.	0.
0.	0.	0.	0.
0.	0.	0.	0.
0.	0.	0.	0.
0.	0.	0.	0.
0.	0.	0.	0.
0.	0.	0.	0.
0.	0.	0.	0.
0.	0.	0.	0.
0.	0.	0.	0.
0.	0.	0.	0.
0.	0.	0.	0.
0.	0.	0.	0.
0.	0.	0.	0.
0.	0.	0.	0.
0.	0.	0.	0.
0.	0.	0.	0.
0.	0.	0.	0.
0.	0.	0.	0.
0.	0.	0.	0.
0.	0.	0.	0.
0.	0.	0.	0.
0.	0.	0.	0.
0.	0.	0.	0.
0.	0.	0.	0.
0.	0.	0.	0.
0.	0.	0.	0.
0.	0.	0.	0.
0.	0.	0.	0.
0.	0.	0.	0.
0.	0.	0.	0.
0.	0.	0.	0.
0.	0.	0.	0.
0.	0.	0.	0.
0.	0.	0.	0.
0.	0.	0.	0.
0.	0.	0.	0.
0.	0.	0.	0.
0.	0.	0.	0.
0.	0.	0.	0.
0.	0.	0.	0.
0.	0.	0.	0.
0.	0.	0.	0.
0.	0.	0.	0.
0.	0.	0.	0.
0.	0.	0.	0.
0.	0.	0.	0.
0.	0.	0.	0.
0.	0.	0.	0.
0.	0.	0.	0.
0.	0.	0.	0.
0.	0.	0.	0.
0.	0.	0.	0.
0.	0.	0.	0.