c_k^s/C^s of alpha = 10, lambda=1, eta=1, k=1:1:1000
4.5585187129854236e-15
3.9887038738622454e-14
2.43754125624915e-13
1.1679885186193843e-12
4.671954074477537e-12
1.6222062758602562e-11
5.021114663376983e-11
1.4121884990747765e-10
3.6612294420457166e-10
8.847971151610483e-10
2.0109025344569278e-9
4.329026289455886e-9
8.880053927088998e-9
1.7442963071067673e-8
3.2947819134238936e-8
6.006112863012307e-8
1.0599022699433482e-7
1.815573332773328e-7
3.025955554622213e-7
4.917177776261097e-7
7.805044089303328e-7
1.2121469987175625e-6
1.844571519787595e-6
2.754047755238423e-6
4.039270041016353e-6
5.8258702514658946e-6
8.271297270599727e-6
0.000011569969396374617
0.00001595857847775809
0.000021721398483615182
0.000029195428069375246
0.00003877517790463899
0.00005091690027881888
0.00006614205183277943
0.00008503978092785928
0.00010826823960722824
0.00013655453644154913
0.00017069317055193642
0.00021154281820539127
0.00026002138071079344
0.0003170992447692603
0.00038379075259771593
0.00046114392753989115
0.0005502285499055519
0.0006521227258139875
0.0007678981372809635
0.0008986042032011276
0.001045251416917978
0.0012087941556194306
0.0013901132789623453
0.0015899988484863426
0.0018091333051687552
0.002048075439813685
0.0023072454800370217
0.0025869115988293883
0.0028871781236935136
0.003207975692992792
0.003549053568397199
0.0039099742702681005
0.004290110657655276
0.004688645527492106
0.005104573759769631
0.0055367069881099166
0.005983680729337542
0.006443963862363506
0.0069158703068295194
0.007397572716260431
0.00788711796954237
0.008382444218837303
0.008881399231863334
0.00938175975196831
0.009881251590614771
0.010377570163659347
0.010868401184913506
0.011351441237576329
0.011824417955808677
0.012285109564476546
0.012731363544382748
0.013161114212547564
0.013572399031689678
0.013963373489392672
0.014332324414925405
0.014677681629742884
0.01499802785578886
0.015292106833353348
0.015558829626958348
0.015797279123156944
0.016006712747895765
0.016186563452928304
0.016336439040455418
0.016456119912546665
0.016545555346853983
0.01660485841261332
0.016634299650933552
0.016634299650933552
0.016605420658484017
0.016548357357252113
0.016463926962572255
0.0163530587675381
0.016216783277808615
0.016056221067137243
0.015872571479768026
0.015667101298800154
0.015441133491605918
0.015196036134596302
0.0149332116102558
0.014654086159596815
0.01436009986318515
0.014052697113820331
0.013733317633960778
0.013403388081192949
0.013064314275567533
0.012717474073561316
0.01236421090485128
0.012005827980072981
0.0116435831703294
0.01127868455245583
0.010912286607955145
0.010545487058107914
0.010179324313034721
0.009814775508435682
0.009452755100337645
0.009094113985419686
0.00873963911233209
0.008390053547838805
0.008046016960559703
0.007708126484525698
0.007376917924643735
0.007052867266455251
0.006736392453216874
0.00642785539429091
0.006127564170062674
0.005835775400059689
0.005552696742594107
0.00527848949604625
0.0050132712738184355
0.004757118726980997
0.004510070290676429
0.004272128932415323
0.004043264882464502
0.0038234183285716324
0.0036125020592724932
0.0034104040419705357
0.0032169899238495216
0.003032105445467365
0.002855578758573717
0.0026872226412881918
0.0025268366052653606
0.002374208890853359
0.0022291183475234315
0.0020913361980076342
0.001960627685632157
0.0018367536052763128
0.0017194717192251198
0.0016085380599202732
0.0015037081222545289
0.001404737948602957
0.0013113851102464313
0.0012234095892236097
0.0011405745649532616
0.001062647110204902
0.0009893988011681443
0.0009206062464856967
0.0008560515401772483
0.0007955226433970389
0.0007388136999420291
0.0006857252903653562
0.0006360646294559604
0.0005896457117244605
0.0005462894093917795
0.0005058235272146106
0.0004680828183042182
0.0004329089649056353
0.00040015052790607096
0.000369662868637037
0.0003413080463268097
0.00031495469435054
0.0002904778782165561
0.00026775893802084784
0.0002466853178988366
0.00022715038480555864
0.0002090532387633575
0.00019229851653095726
0.0001767961904700377
0.00016246136421571035
0.00014921406659597052
0.0001369790450925576
0.0001256855599918414
0.00011526718023943128
0.00010566158188614534
0.00009681034989568289
0.0000886587839756471
0.00008115570899325209
0.00007425329044485695
0.00006790685536409994
0.00006207471897653693
0.000056718017338967754
0.00005180054613870372
0.00004728860577151345
0.00004315085276650602
0.00003935815758139022
0.00003588346875201007
0.0000327016833454279
0.00002978952363574519
0.000027125419895963094
0.000024689399177150878
0.00002246297992768155
0.000020429072289998847
0.000018571883899998955
0.00001687683100436413
0.00001533045470380628
0.000013920342124918435
0.000012635052319957266
0.000011464046692173064
0.000010397623744063942
9.426857946971553e-6
8.543542532585586e-6
7.740136010025932e-6
7.009712216081323e-6
6.345913710770592e-6
5.742908335538997e-6
5.195348757000369e-6
4.698334825090019e-6
4.24737858071754e-6
3.838371754426221e-6
3.467555604109234e-6
3.1314929464422597e-6
2.827042243315929e-6
2.551333611143924e-6
2.301746627445062e-6
2.075889815516831e-6
1.8715816943057633e-6
1.6868332867133493e-6
1.5198319855358878e-6
1.368926682007502e-6
1.2326140674855684e-6
1.1095260241782893e-6
9.98418025958755e-7
8.981584752348632e-7
8.077189065480194e-7
7.26164992055619e-7
6.526482883144509e-7
5.86398667827113e-7
5.267173826452551e-7
4.7297071094675976e-7
4.245841409244286e-7
3.810370495475642e-7
3.418578367916654e-7
3.0661947878235053e-7
2.7493546597484097e-7
2.464560949973674e-7
2.2086508513322277e-7
1.9787649260947494e-7
1.7723189790809273e-7
1.5869784322489346e-7
1.4206349898061753e-7
1.271385399437433e-7
1.1375121306336208e-7
1.0174658053930068e-7
9.098492298225927e-8
8.134028874531481e-8
7.269917664578074e-8
6.495934034889153e-8
5.802870365762721e-8
5.182437685146581e-8
4.6271765045951624e-8
4.130376030943247e-8
3.686000997763408e-8
3.288625425513821e-8
2.9333726789305374e-8
2.6158612450487573e-8
2.332155705604131e-8
2.078722423798554e-8
1.852389507825354e-8
1.6503106524262244e-8
1.469932495367561e-8
1.3089651583297175e-8
1.1653556715345505e-8
1.0372640087135486e-8
9.230414839444972e-9
8.212112846481291e-9
7.304509358129044e-9
6.495765094684839e-9
5.775284107070147e-9
5.133585872951241e-9
4.562190242570305e-9
4.053513978590341e-9
3.6007777529723223e-9
3.1979225718439313e-9
2.839534697413146e-9
2.520778225080399e-9
2.237334554794532e-9
1.98534806910095e-9
1.761377396906455e-9
1.562351702340754e-9
1.3855314927852967e-9
1.2284734896749545e-9
1.0889991505228205e-9
9.651664711991553e-10
8.552447342014738e-10
7.576919018396224e-10
6.711343832519833e-10
5.943489312627576e-10
5.262464495555666e-10
4.658575127213212e-10
4.123194216623894e-10
3.6486463480439457e-10
3.2281043176687505e-10
2.8554968074308254e-10
2.52542593990522e-10
2.2330936767650654e-10
1.974236129832363e-10
1.7450649496920781e-10
1.5422150431195912e-10
1.3626979481532896e-10
1.203860265378038e-10
1.063346606643062e-10
9.390665787177983e-11
8.29165369923239e-11
7.319975531353593e-11
6.461037592575861e-11
5.701899117671762e-11
5.031087456769201e-11
4.4384336359872326e-11
3.914926078922072e-11
3.452580514386797e-11
3.0443243067732713e-11
2.6838936342742e-11
2.3657421092386565e-11
2.0849595861724525e-11
1.8372000381680723e-11
1.6186175035065094e-11
1.4258092122980265e-11
1.255765099653701e-11
1.1058229982025127e-11
9.736288798658035e-12
8.571015856385412e-12
7.544015435723847e-12
6.63903029987497e-12
5.8416957785664555e-12
5.139321799325327e-12
4.520699730888019e-12
3.975931250197918e-12
3.49627675344439e-12
3.0740211068931356e-12
2.70235477845856e-12
2.3752686093079567e-12
2.0874606791571364e-12
1.834253891905029e-12
1.611523062173704e-12
1.415630420238059e-12
1.2433685745935607e-12
1.0919100796713987e-12
9.58762852442165e-13
8.417307671675345e-13
7.388788335389172e-13
6.485024309305157e-13
5.691001314264535e-13
4.993496974911778e-13
4.380868873823065e-13
3.842867433178127e-13
3.3704707459504293e-13
2.9557388084321943e-13
2.591684898419255e-13
2.2721621027237302e-13
1.9917632275697543e-13
1.745732529159685e-13
1.5298878822119521e-13
1.3405521641784944e-13
1.1744927744716992e-13
1.0288683334320814e-13
9.011817167830281e-14
7.892386795776298e-14
6.911114105927104e-14
6.051064350522843e-14
5.2973635160827196e-14
4.636949496836332e-14
4.05835306491187e-14
3.551505100780396e-14
3.1075669631828463e-14
2.7187812451293495e-14
2.378340487122315e-14
2.0802717054464112e-14
1.819334846560121e-14
1.5909335021867724e-14
1.39103641706745e-14
1.2161084955413107e-14
1.0630501668499e-14
9.291441047017121e-15
8.120084162884621e-15
7.095555214796877e-15
6.1995603598671685e-15
5.416070543395406e-15
4.731043008507409e-15
4.132176804898876e-15
3.608698177678943e-15
3.151172212246936e-15
2.7513375471251513e-15
2.4019613506648143e-15
2.0967120956844943e-15
1.8300479638143967e-15
1.5971189733952343e-15
1.3936811554441454e-15
1.2160213051833202e-15
1.060891015221662e-15
9.25448853590325e-16
8.072096880210451e-16
7.040002793810993e-16
6.139203740324176e-16
5.353086188209495e-16
4.667127049736583e-16
4.068632197484764e-16
3.5465074844903514e-16
3.0910582543967835e-16
2.693813820096795e-16
2.3473738215987697e-16
2.0452737534313824e-16
1.7818672851864313e-16
1.5522232913915215e-16
1.3520357637319008e-16
1.1775450040420352e-16
1.0254686942783128e-16
8.929416132210684e-17
7.774629218886267e-17
6.76850073173628e-17
5.891985183142888e-17
5.1284648549604376e-17
4.463441959048512e-17
3.884269614711991e-17
3.3799167771427985e-17
2.940762857142806e-17
2.5584183035713844e-17
2.225567885323837e-17
1.935833817303568e-17
1.6836562319077006e-17
1.464188810240833e-17
1.2732076610789854e-17
1.1070317753293308e-17
9.62453593585485e-18
8.36678408060109e-18
7.272714809290442e-18
6.321119017878759e-18
5.493523299962353e-18
4.77383875353335e-18
4.1480546472649345e-18
3.603971246222336e-18
3.1309668171879352e-18
2.7197944635914545e-18
2.3624049906473657e-18
2.0517924826178046e-18
1.7818596948085148e-18
1.5473007305582788e-18
1.3434987947452312e-18
1.1664370960251362e-18
1.012621215230613e-18
8.790114715543514e-19
7.629640052149369e-19
6.621794586745357e-19
5.746582811300438e-19
4.986618055458169e-19
4.3267835622196693e-19
3.753937397957542e-19
3.256655554023641e-19
2.8250083200312836e-19
2.4503656395970276e-19
2.1252277095932733e-19
1.843077563994166e-19
1.5982528021103258e-19
1.3858339861937436e-19
1.201547551859469e-19
1.0416813524613233e-19
9.030112006682728e-20
7.827369815517798e-20
6.784270954729738e-20
5.879701494099106e-20
5.095329551083784e-20
4.415240142099156e-20
3.825617766079638e-20
3.314470507146241e-20
2.8713902483784286e-20
2.4873442900021034e-20
2.154494276091034e-20
1.866038865765526e-20
1.6160770480028572e-20
1.3994894023942267e-20
1.2118349592062494e-20
1.049261617656335e-20
9.084283472536917e-21
7.864376285018326e-21
6.807767906588993e-21
5.892670794909006e-21
5.100194404130254e-21
4.413961350430511e-21
3.819774245564865e-21
3.3053265357244795e-21
2.8599515556083786e-21
2.474404766421736e-21
2.1406748062918968e-21
1.8518195552090892e-21
1.601823915255862e-21
1.3854764403410649e-21
1.1982623263905957e-21
1.036270600357672e-21
8.961136309309897e-22
7.748573310360373e-22
6.69960637012384e-22
5.792230359443031e-22
5.007390747090677e-22
4.328589250923179e-22
3.7415420159123557e-22
3.2338833470866744e-22
2.7949089474333077e-22
2.4153534113621175e-22
2.0871974193515053e-22
1.8035006827406213e-22
1.5582572113472745e-22
1.346269931144647e-22
1.1630420737205204e-22
1.0046831015761723e-22
8.678272303678796e-23
7.495628669204334e-23
6.473715054341546e-23
5.59074818268502e-23
4.8278884592842963e-23
4.1688433680169157e-23
3.5995241374670775e-23
3.1077485437334347e-23
2.6829836701739095e-23
2.3161232691482394e-23
1.9992950861043762e-23
1.7256941264240537e-23
1.4894383829255225e-23
1.2854440077781245e-23
1.1093173163253789e-23
9.572613601935513e-24
8.259951102416372e-24
7.126835525983088e-24
6.148772286202882e-24
5.3045994676889415e-24
4.576035651910677e-24
3.947288917236567e-24
3.404718761638552e-24
2.936543806078677e-24
2.5325890974606234e-24
2.184067662030263e-24
1.8833916804748142e-24
1.6240092796294103e-24
1.4002634755928766e-24
1.2072702703958012e-24
1.0408133088715318e-24
8.972528524754585e-25
7.734471297757952e-25
6.66684385521029e-25
5.746241770510674e-25
4.952466631040732e-25
4.268087998873532e-25
3.6780650618658802e-25
3.1694198636448823e-25
2.730955100159126e-25
2.353010421119247e-25
2.0272519968050552e-25
1.7464908216840706e-25
1.5045258410599898e-25
1.2960085185253752e-25
1.1163259215616801e-25
9.614997999316591e-26
8.280994749558382e-26
7.13166654634796e-26
6.141505461705626e-26
5.288518592024288e-26
4.5537448471896235e-26
3.9208380021693877e-26
3.375706947766547e-26
2.906205313625961e-26
2.501863704773654e-26
2.1536587157701445e-26
1.8538136837074034e-26
1.5956268298346597e-26
1.3733230343136535e-26
1.181926002232584e-26
1.0171480225753735e-26
8.752949048794378e-27
7.531840090586359e-27
6.480735694382953e-27
5.576017605993311e-27
4.797341654758181e-27
4.127184898897583e-27
3.550455263082247e-27
3.054155065016986e-27
2.6270910093154585e-27
2.2596242465911304e-27
1.943454975601324e-27
1.6714368255593175e-27
1.437416910869615e-27
1.2360980157898371e-27
1.0629198541816971e-27
9.139567702064844e-28
7.85829608719901e-28
6.756297971464924e-28
5.808539506023317e-28
4.993475448883051e-28
4.292564027901959e-28
3.6898491229339667e-28
3.171600446451243e-28
2.7260036895118127e-28
2.3428937100452187e-28
2.0135247974853193e-28
1.7303728728389464e-28
1.4869651945030903e-28
1.2777337532000598e-28
1.0978890678069252e-28
9.433115492731071e-29
8.104579923064215e-29
6.962810927388231e-29
5.981601799409402e-29
5.13841604792339e-29
4.4138744009714693e-29
3.791313367608989e-29
3.256405396519299e-29
2.7968320542685907e-29
2.4020028378044797e-29
2.062813262369603e-29
1.7714367501889848e-29
1.521145606799569e-29
1.3061570277052297e-29
1.1215006427980208e-29
9.62904592301331e-30
8.266975467342903e-30
7.097244439372285e-30
6.0927402660748845e-30
5.230165310286153e-30
4.489501077263035e-30
3.853547528140467e-30
3.307526992475979e-30
2.8387436392116673e-30
2.4362907280970152e-30
2.0907989503292017e-30
1.7942201023593073e-30
1.5396411415654986e-30
1.3211243649631034e-30
1.1335700479402604e-30
9.725983926382557e-31
8.344480766284672e-31
7.158890719522175e-31
6.141477309770962e-31
5.268424162793717e-31
4.519281932535569e-31
3.8764931185715337e-31
3.324983825379795e-31
2.8518130502295936e-31
2.445871407646989e-31
2.097622334523427e-31
1.798879796834792e-31
1.5426173589064921e-31
1.322804198349842e-31
1.1342642706886982e-31
9.72555361473313e-32
8.338652225398087e-32
7.149223835128862e-32
6.129195686934971e-32
5.25447940887012e-32
4.5044064418939477e-32
3.861243330029754e-32
3.3097755953944807e-32
2.836950510338126e-32
2.4315704449219426e-32
2.0840296416997158e-32
1.786088278253125e-32
1.5306785443923142e-32
1.3117382053312245e-32
1.1240677616474724e-32
9.632078661934567e-33
8.253341300221299e-33
7.07166854729644e-33
6.058935767683616e-33
5.19102608301296e-33
4.447260159745224e-33
3.80990699525863e-33
3.263764215378649e-33
2.7957980227324458e-33
2.3948343317580915e-33
2.051293825222901e-33
1.7569646965671994e-33
1.5048077262265362e-33
1.2887890988606833e-33
1.1037370197968678e-33
9.452187481520969e-34
8.094351440692011e-34
6.931302394787064e-34
5.935136953990373e-34
5.081943122688331e-34
4.351230202590803e-34
3.7254400002941947e-34
3.1895277620194053e-34
2.7306029041748868e-34
2.3376210206956943e-34
2.001119859897318e-34
1.712993003278865e-34
1.4662958707131917e-34
1.255079441717601e-34
1.074247738987961e-34
9.194356835355174e-35
7.86904413836704e-35
6.73451575762236e-35
5.763344454513699e-35
4.932040521154901e-35
4.220487291794504e-35
3.6114574636706735e-35
3.0901986760134584e-35
2.6440784446171494e-35
2.2622799631628214e-35
1.935541494700401e-35
1.6559331160830918e-35
1.4166654692914405e-35
1.2119259375989714e-35
1.0367383195242596e-35
8.868426350184277e-36
7.585921796756978e-36
6.488653553554299e-36
5.549901592681281e-36
4.746795167110665e-36
4.0597590245025424e-36
3.472039184164231e-36
2.9692968621478173e-36
2.5392607648712372e-36
2.171429373082038e-36
1.8568160388803307e-36
1.5877307475316013e-36
1.3575932774961565e-36
1.160773247539522e-36
9.924531870207952e-37
8.48511319959719e-37
7.25421228523998e-37
6.201659685269874e-37
5.3016455812851305e-37
4.532090595414711e-37
3.874107293231029e-37
3.3115393190784657e-37
2.8305669867630546e-37
2.4193697555778813e-37
2.067837397929813e-37
1.7673228434687643e-37
1.5104306939470597e-37
1.290836267340509e-37
1.1031307698525157e-37
9.426888281246362e-38
8.055551565634443e-38
6.883475992470606e-38
5.881741836022949e-38
5.025621635446276e-38
4.293973212709312e-38
3.6687204643161346e-38
3.134409250168278e-38
2.677827531366135e-38
2.287680473816102e-38
1.9543125740823179e-38
1.6694700104446044e-38
1.42609740338111e-38
1.2181640094757395e-38
1.0405150914271942e-38
8.887448218497718e-39
7.590876048388798e-39
6.483251496111882e-39
5.537070158655763e-39
4.7288268021635284e-39
4.0384345514560157e-39
3.448728332729714e-39
2.945040362259423e-39
2.514837240420921e-39
2.1474097215282537e-39
1.8336075227057073e-39
1.5656126408249296e-39
1.3367455924249074e-39
1.1412998005953396e-39
9.744000448093545e-40
8.31881481554378e-40
7.101862498040379e-40
6.06275108283867e-40
5.1755192170574004e-40
4.417991297466734e-40
3.7712260328354536e-40
3.219045239025148e-40
2.7476312065753177e-40
2.3451826731292306e-40
2.001620880250426e-40
1.708338431511443e-40
1.4579847265970172e-40
1.2442826505539264e-40
1.0618719704769461e-40
9.061755528648202e-41
7.732850798783232e-41
6.598634256958332e-41
5.630612669871969e-41
4.804458543876902e-41
4.0994017345029324e-41
3.4977098132536537e-41
2.984244257230219e-41
2.546081409938481e-41
2.1721887706817658e-41
1.8531485449878817e-41
1.5809215635560372e-41
1.3486456812962451e-41
1.1504636260123636e-41
9.813759993865828e-42
8.371157593111226e-42
7.140410477994997e-42
6.090436859586811e-42
5.19471048151639e-42
4.430593612170963e-42
3.778767597211655e-42
3.222746717720585e-42
2.7484631798294402e-42
2.3439128388869355e-42
1.998852779271926e-42
1.7045431675999857e-42
1.453526904560854e-42
1.2394415465247591e-42
1.0568587759181168e-42
9.011473893156104e-43
7.68356361418493e-43
6.5511504627642515e-43
5.585480068111047e-43
4.762023306348219e-43
4.059856034841777e-43
3.461129791319656e-43
2.9506201308162926e-43
2.5153412239727764e-43
2.1442170055404005e-43
1.8278005837336747e-43
1.5580348349296081e-43
1.3280481444947523e-43
1.1319801391877346e-43
9.64833011792667e-44
8.223446833124949e-44
7.008805983521663e-44
5.973414190501418e-44
5.090842838579464e-44
4.3385563968402944e-44
3.6973394800248044e-44
3.150808148156058e-44
2.684993071159542e-44
2.2879840006614866e-44
1.9496265406981033e-44
1.6612635314202837e-44
1.4155144883107742e-44
1.2060875023530532e-44
1.0276188282543724e-44
8.755360889313492e-45
7.459416226859158e-45
6.355130099157458e-45
5.414182516908528e-45
4.612434440754429e-45
3.929311090599709e-45
3.3472761339710637e-45
2.851383373382758e-45
2.4288945207456318e-45
2.0689533257226504e-45
1.762307757050082e-45
1.5010731574407956e-45
1.2785303346806775e-45
1.0889534403010029e-45
9.274632452679655e-46
7.899020686812915e-46
6.7272716690353065e-46
5.729198608311378e-46
4.8790808009580155e-46
4.1550034502583634e-46
3.538294988843288e-46
3.0130475163912923e-46
2.5657080862757272e-46
2.1847303834533075e-46
1.860277878112478e-46
1.5839708545974897e-46
1.3486708363420658e-46
1.1482968835141016e-46
9.77669055122832e-47
8.323750222254441e-47
7.086564112910245e-47
6.033119618310012e-47
5.136150129602935e-47
4.372432005904883e-47
3.722185598375189e-47
3.168564939349207e-47
2.6972229828736177e-47
2.2959412208265073e-47
1.9543141505342263e-47
1.6634804776249613e-47
1.415894137768243e-47
1.2051292436197645e-47
1.0257139348786198e-47
8.729888521694201e-48
7.429865884962086e-48
6.32329011486135e-48
5.381398093650645e-48
4.579700053628203e-48
3.897345190727126e-48
3.3165813774675284e-48
2.822295028895438e-48
2.4016192403837703e-48
2.0436000758450788e-48
1.738912384181902e-48
1.479617799179168e-48
1.2589586663373875e-48
1.0711825673206201e-48
9.11392902582185e-49
7.754216656443352e-49
6.5972111575400074e-49
5.612715439647198e-49
4.77502743673689e-49
4.062271509824698e-49
3.4558292207619555e-49
2.939854719050969e-49
2.5008621742930844e-49
2.1273745519834494e-49
1.8096246189003114e-49
1.5393004172778306e-49
1.3093285992112407e-49
1.1136899940640273e-49
9.472626173667551e-50
8.056880414016152e-50
6.852576537436829e-50
5.82815846143172e-50
4.95677615625558e-50
4.2155843392397293e-50
3.585145600218292e-50
3.0489224191921226e-50
2.5928448476768684e-50
2.2049425922683135e-50
1.8750319137696101e-50
1.594449181153548e-50
1.3558241336339697e-50
1.1528869376662243e-50
9.803040055897154e-51
8.335382916907555e-51
7.08730419138129e-51
6.025975340784483e-51
5.1234724526769534e-51
4.356044009605405e-51
3.703487895990396e-51
3.148621358381906e-51
2.676830060260919e-51
2.2756844372883432e-51
1.9346133162525504e-51
1.644626256665966e-51
1.3980773469365e-51
1.1884642704313977e-51
1.0102573787722018e-51
8.587542943677209e-52
7.299562319528924e-52
6.204627971599584e-52
5.273825037199086e-52
4.482566623879825e-52
3.809946448418319e-52
3.2381882375183654e-52
2.7521774374719787e-52
2.3390629371819905e-52
1.9879183443831618e-52
1.689453916546928e-52
1.435771576627473e-52
1.220156574234632e-52
1.036900314559434e-52
8.811496955845502e-53
7.487789901904018e-53
6.362809019339255e-53
5.406739270319367e-53
4.594235836149566e-53
3.9037543385414267e-53
3.3169813465395905e-53
2.81835016372645e-53
2.394629133956579e-53
2.0345716122700082e-53
1.7286183708501187e-53
1.4686445905132902e-53
1.2477447624740734e-53
1.060049823845495e-53
9.005716997321272e-54
7.650711471624008e-54
6.499454104643096e-54
5.521327201595002e-54
4.690311117681469e-54
3.984294187632916e-54
3.384486152257764e-54
2.8749195698222104e-54
2.442026023485499e-54
2.0742759116577334e-54
1.7618722880459956e-54
1.4964906465503815e-54
1.2710577606918302e-54
1.0795637199000379e-54
9.169021829790725e-55
7.787346155473119e-55
6.613749129018249e-55
5.616913493258198e-55
4.7702325357734354e-55
4.0511020027422644e-55
3.44031838418959e-55
2.921567601418107e-55
2.480990523248343e-55
2.1068137743300073e-55
1.789036030035231e-55