c_k^s/C^s of alpha = 10, lambda=1, eta=1, k=1:1:1000
0.5760492798226919
0.28802463991134597
0.10058003298491446
0.027539770936345624
0.006294804785450429
0.0012489692034623866
0.00022090611761919763
0.00003550276890308533
5.259669467123753e-6
7.263353073647088e-7
9.432926069671542e-8
1.1603996355548328e-8
1.3601753969873494e-9
1.526727486414372e-10
1.6478963345424966e-11
1.7165586818151008e-12
1.7309835446874965e-13
1.6943489723131577e-14
1.6136656879172933e-15
1.498403853066058e-16
1.359096465366039e-17
1.2061245688313332e-18
1.0488039728968115e-19
8.948129133841844e-21
7.499384416934118e-22
6.180811332638009e-23
5.014414837766286e-24
4.008120703656725e-25
3.159109914212197e-26
2.457085488831709e-27
1.8871624338185169e-28
1.432221489951553e-29
1.074682791882839e-30
7.977337250670935e-32
5.860900837227626e-33
4.263882884226447e-34
3.0730687453884305e-35
2.195049103848879e-36
1.554491428855128e-37
1.0918451702672923e-38
7.608677144719807e-40
5.262237027527304e-41
3.6130531086012494e-42
2.4634453013190335e-43
1.6683650717927849e-44
1.122605897169058e-45
7.506787154321969e-47
4.989630350590991e-48
3.2973261792049314e-49
2.166814346334669e-50
1.4162185270161235e-51
9.20801423243084e-53
5.956666888904048e-54
3.8345386498235924e-55
2.456760693393471e-56
1.5668116667050196e-57
9.948010582254093e-59
6.288972207172128e-60
3.959159258752429e-61
2.4823300114400154e-62
1.5502451281436472e-63
9.644382133612552e-65
5.977621579412164e-66
3.691537136095309e-67
2.2717151606740366e-68
1.3931875083498782e-69
8.515573967170542e-71
5.188059769914826e-72
3.1507885421152844e-73
1.907620273797689e-74
1.1514810505821062e-75
6.930210026651564e-77
4.1590301529807173e-78
2.4889948791969545e-79
1.4854953564731027e-80
8.842234264720851e-82
5.249563941949299e-83
3.1087161316793777e-84
1.8363723984603915e-85
1.0821480205213022e-86
6.361834335810125e-88
3.731389476868889e-89
2.18360141503515e-90
1.275005361386737e-91
7.428602665782671e-93
4.3189550382457385e-94
2.5057976686045337e-95
1.4508676977309801e-96
8.383826182715132e-98
4.835116687385976e-99
2.783165021519923e-100
1.5990233819291484e-101
9.170026563034544e-103
5.249305985931628e-104
2.999603420532359e-105
1.711083300402883e-106
9.744018794635959e-108
5.539602521731813e-109
3.1441707434552853e-110
1.781696754624662e-111
1.0080321101129629e-112
5.694299034718418e-114
3.2117636719169996e-115
1.8088229470961125e-116
1.0172065552830746e-117
5.712076343683033e-119
3.203033463747495e-120
1.793585757918571e-121
1.0029662604350245e-122
5.6009804154163705e-124
3.123669901347611e-125
1.7397991372301745e-126
9.67777016916911e-128
5.3765389828717286e-129
2.983255584699013e-130
1.6532820358553644e-131
9.151255876122489e-133
5.059411037242862e-134
2.793912457541076e-135
1.5410866333262283e-136
8.490835445323572e-138
4.672942224007118e-139
2.56894229891216e-140
1.4107478830431597e-141
7.738959815551048e-143
4.2409265807063565e-144
2.3216171007991304e-145
1.2696343519995245e-146
6.936356002064585e-148
3.785776719075543e-149
2.0642184945886275e-150
1.1244480255515252e-151
6.119445037015103e-153
3.3272035915540536e-154
1.8073698522022019e-155
9.808905010201025e-157
5.3186971900985744e-158
2.8814198027794215e-159
1.5596585434708754e-160
8.434888041220041e-162
4.557859123928424e-163
2.4608159589284923e-164
1.327513104716669e-165
7.155576589577284e-167
3.853906603253447e-168
2.0740201876608567e-169
1.1152813448386855e-170
5.992663596784443e-172
3.2175375016292313e-173
1.7262344056360002e-174
9.254489087294861e-176
4.957762011050818e-177
2.6540151444156264e-178
1.4197421768209753e-179
7.589405184849452e-181
4.054169436351203e-182
2.164191145883566e-183
1.1544961808962966e-184
6.15454687629652e-186
3.2787615799317765e-187
1.7455696077720195e-188
9.287128130709452e-190
4.937941337391529e-191
2.6238190033177983e-192
1.3933122557300865e-193
7.394227404190073e-195
3.921660385455813e-196
2.0786578573702862e-197
1.1011205330673819e-198
5.829461645650846e-200
3.0843712410851034e-201
1.6309936518473276e-202
8.619619629911558e-204
4.552782125268009e-205
2.4033734212299153e-206
1.2680135745125366e-207
6.686323933399439e-209
3.523825079934964e-210
1.8561249423440353e-211
9.771663056255635e-213
5.1416274960566356e-214
2.7039956219450126e-215
1.4213039699008391e-216
7.466995494044263e-218
3.920893386834054e-219
2.0578165496696902e-220
1.0794759593378053e-221
5.659866352151106e-223
2.966117916975133e-224
1.553680813653641e-225
8.134454521746812e-227
4.256869801806987e-228
2.226638040915572e-229
1.164148018446286e-230
6.083703930342007e-232
3.177833685674275e-233
1.6592025044854805e-234
8.6591376496717e-236
4.517090231223811e-237
2.3553399062809873e-238
1.22761141763046e-239
6.395618182374627e-241
3.330582304684887e-242
1.7337064751277535e-243
9.020911740502133e-245
4.691875038402635e-246
2.4393001119829664e-247
1.2676765691852871e-248
6.585332826936557e-250
3.4195945972074183e-251
1.7750096081194e-252
9.209955513827075e-254
4.776905162548361e-255
2.4766775764881353e-256
1.2835936941267411e-257
6.650011422393831e-259
3.443938327155901e-260
1.7829038521973536e-261
9.226595277733641e-263
4.77306552246394e-264
2.46829503424121e-265
1.275974052449875e-266
6.593758716482377e-268
3.40621464308082e-269
1.7589764506068148e-270
9.080261913162025e-272
4.685849445432888e-273
2.417303285342363e-274
1.2466026507899896e-275
6.426585094134729e-277
3.311989844431421e-278
1.7063001866836756e-279
8.787812120259273e-281
4.5244535336296216e-282
2.328695435748579e-283
1.1981786443016299e-284
6.163024571854876e-286
3.1690622548353405e-287
1.6290457496463796e-288
8.37148510234945e-290
4.300703668466424e-291
2.2087439147377736e-292
1.134020979152061e-293
5.820599483157534e-295
2.986663291649347e-296
1.5320669227392117e-297
7.856753449944678e-299
4.027943876987766e-300
2.0644271543941893e-301
1.057773151489594e-302
5.418302995678057e-304
2.7746789717096627e-305
1.4205019392151858e-306
7.270285515668274e-308
3.71999669709264e-309
1.90290009616903e-310
9.73134012493e-312
4.97523295426e-313
2.5429578253e-314
1.299423503e-315
6.638179e-317
3.390274e-318
1.73106e-319
8.834e-321
4.5e-322
2.5e-323
0.
0.
0.
0.
0.
0.
0.
0.
0.
0.
0.
0.
0.
0.
0.
0.
0.
0.
0.
0.
0.
0.
0.
0.
0.
0.
0.
0.
0.
0.
0.
0.
0.
0.
0.
0.
0.
0.
0.
0.
0.
0.
0.
0.
0.
0.
0.
0.
0.
0.
0.
0.
0.
0.
0.
0.
0.
0.
0.
0.
0.
0.
0.
0.
0.
0.
0.
0.
0.
0.
0.
0.
0.
0.
0.
0.
0.
0.
0.
0.
0.
0.
0.
0.
0.
0.
0.
0.
0.
0.
0.
0.
0.
0.
0.
0.
0.
0.
0.
0.
0.
0.
0.
0.
0.
0.
0.
0.
0.
0.
0.
0.
0.
0.
0.
0.
0.
0.
0.
0.
0.
0.
0.
0.
0.
0.
0.
0.
0.
0.
0.
0.
0.
0.
0.
0.
0.
0.
0.
0.
0.
0.
0.
0.
0.
0.
0.
0.
0.
0.
0.
0.
0.
0.
0.
0.
0.
0.
0.
0.
0.
0.
0.
0.
0.
0.
0.
0.
0.
0.
0.
0.
0.
0.
0.
0.
0.
0.
0.
0.
0.
0.
0.
0.
0.
0.
0.
0.
0.
0.
0.
0.
0.
0.
0.
0.
0.
0.
0.
0.
0.
0.
0.
0.
0.
0.
0.
0.
0.
0.
0.
0.
0.
0.
0.
0.
0.
0.
0.
0.
0.
0.
0.
0.
0.
0.
0.
0.
0.
0.
0.
0.
0.
0.
0.
0.
0.
0.
0.
0.
0.
0.
0.
0.
0.
0.
0.
0.
0.
0.
0.
0.
0.
0.
0.
0.
0.
0.
0.
0.
0.
0.
0.
0.
0.
0.
0.
0.
0.
0.
0.
0.
0.
0.
0.
0.
0.
0.
0.
0.
0.
0.
0.
0.
0.
0.
0.
0.
0.
0.
0.
0.
0.
0.
0.
0.
0.
0.
0.
0.
0.
0.
0.
0.
0.
0.
0.
0.
0.
0.
0.
0.
0.
0.
0.
0.
0.
0.
0.
0.
0.
0.
0.
0.
0.
0.
0.
0.
0.
0.
0.
0.
0.
0.
0.
0.
0.
0.
0.
0.
0.
0.
0.
0.
0.
0.
0.
0.
0.
0.
0.
0.
0.
0.
0.
0.
0.
0.
0.
0.
0.
0.
0.
0.
0.
0.
0.
0.
0.
0.
0.
0.
0.
0.
0.
0.
0.
0.
0.
0.
0.
0.
0.
0.
0.
0.
0.
0.
0.
0.
0.
0.
0.
0.
0.
0.
0.
0.
0.
0.
0.
0.
0.
0.
0.
0.
0.
0.
0.
0.
0.
0.
0.
0.
0.
0.
0.
0.
0.
0.
0.
0.
0.
0.
0.
0.
0.
0.
0.
0.
0.
0.
0.
0.
0.
0.
0.
0.
0.
0.
0.
0.
0.
0.
0.
0.
0.
0.
0.
0.
0.
0.
0.
0.
0.
0.
0.
0.
0.
0.
0.
0.
0.
0.
0.
0.
0.
0.
0.
0.
0.
0.
0.
0.
0.
0.
0.
0.
0.
0.
0.
0.
0.
0.
0.
0.
0.
0.
0.
0.
0.
0.
0.
0.
0.
0.
0.
0.
0.
0.
0.
0.
0.
0.
0.
0.
0.
0.
0.
0.
0.
0.
0.
0.
0.
0.
0.
0.
0.
0.
0.
0.
0.
0.
0.
0.
0.
0.
0.
0.
0.
0.
0.
0.
0.
0.
0.
0.
0.
0.
0.
0.
0.
0.
0.
0.
0.
0.
0.
0.
0.
0.
0.
0.
0.
0.
0.
0.
0.
0.
0.
0.
0.
0.
0.
0.
0.
0.
0.
0.
0.
0.
0.
0.
0.
0.
0.
0.
0.
0.
0.
0.
0.
0.
0.
0.
0.
0.
0.
0.
0.
0.
0.
0.
0.
0.
0.
0.
0.
0.
0.
0.
0.
0.
0.
0.
0.
0.
0.
0.
0.
0.
0.
0.
0.
0.
0.
0.
0.
0.
0.
0.
0.
0.
0.
0.
0.
0.
0.
0.
0.
0.
0.
0.
0.
0.
0.
0.
0.
0.
0.
0.
0.
0.
0.
0.
0.
0.
0.
0.
0.
0.
0.
0.
0.
0.
0.
0.
0.
0.
0.
0.
0.
0.
0.
0.
0.
0.
0.
0.
0.
0.
0.
0.
0.
0.
0.
0.
0.
0.
0.
0.
0.
0.
0.
0.
0.
0.
0.
0.
0.
0.
0.
0.
0.
0.
0.
0.
0.
0.
0.
0.
0.
0.
0.
0.
0.
0.
0.
0.
0.
0.
0.
0.
0.
0.
0.
0.
0.
0.
0.
0.
0.
0.
0.
0.
0.
0.
0.
0.
0.
0.
0.
0.