c_k^s/C^s for q=2 of alpha=0.5*10^(-4), lambda=10^(-3), eta=0.00001, w=0
0.9999724960773101
0.000027503005826221322
9.168293618418173e-10
3.438201781764172e-14
1.375289880176366e-18
5.730345848280847e-23
2.4558313981234345e-27
1.0744067909707102e-31
4.775035464787704e-36
2.1487114574055663e-40
9.76659570222966e-45
4.476217715852542e-49
2.065874005475062e-53
9.591140788247994e-58
4.4755867275795515e-62
2.0977108614871054e-66
9.869629308932022e-71
4.658856263046435e-75
2.2051738000190662e-79
1.0459889960150113e-83
4.968394618106383e-88
2.3611125974318355e-92
1.1213431087373897e-96
5.3147415427226555e-101
2.5098056355659703e-105
1.1787210018093537e-109
5.4944687875500076e-114
2.5367651625932074e-118
1.1576342942124171e-122
5.211090962749786e-127
2.309619426721873e-131
1.0061707031811602e-135
4.302034437697488e-140
1.80296855339227e-144
7.3984887745246495e-149
2.96994807013742e-153
1.1654407393859138e-157
4.468041209458208e-162
1.6727723729648932e-166
6.113712016227819e-171
2.180813076491225e-175
7.591166723270269e-180
2.578309603534903e-184
8.544396081436459e-189
2.7628033196399876e-193
8.716837649394576e-198
2.683730960535743e-202
8.063631394448549e-207
2.3647354279114865e-211
6.769386495374555e-216
1.8918655347897737e-220
5.1625971510779254e-225
1.3757785108751259e-229
3.5809484787843726e-234
9.105102246416095e-239
2.2619195151234554e-243
5.490897851781808e-248
1.3027209630458501e-252
3.0211234357047635e-257
6.849530702721026e-262
1.5184256288243714e-266
3.29177658014464e-271
6.979649122351797e-276
1.4476513479786915e-280
2.937518493626781e-285
5.832313627144409e-290
1.1331839018529055e-294
2.1548301316898918e-299
4.010798480508288e-304
7.308092221754589e-309
1.303709879934025e-313
2.27723686039898e-318
3.89520645854352e-323
6.525152695177458e-328
1.070606490955147e-332
1.720629362659848e-337
2.708947125662988e-342
4.178353355530836e-347
6.314444810847698e-352
9.35023947809038e-357
1.356745228739965e-361
1.929259342139601e-366
2.688603083470212e-371
3.672247029297097e-376
4.916203707696832e-381
6.451231830496962e-386
8.298327854285659e-391
1.04638720365196e-395
1.29349646676333e-400
1.567561399573011e-405
1.862448392691276e-410
2.169484720167357e-415
2.477720432049487e-420
2.774472841747062e-425
3.046131532629182e-430
3.279161261450345e-435
3.461204159359373e-440
3.582158285771557e-445
3.635102441771308e-450
3.616949909469534e-455
3.528745490694142e-460
3.375566209301357e-465
3.166038767878196e-470
2.911537377413018e-475
2.625165420657118e-480
2.320647253237424e-485
2.01125936040895e-490
1.708913943807346e-495
1.423477058635542e-500
1.162364158518583e-505
9.30415591091473e-511
7.300197443985507e-516
5.614268067181489e-521
4.23183620275377e-526
3.126195560531571e-531
2.263224217007585e-536
1.605586943455917e-541
1.116101272927464e-546
7.601576191050383e-552
5.072227199639707e-557
3.315518037338971e-562
2.122864513987517e-567
1.33128092594818e-572
8.17616837598152e-578
4.917184151866639e-583
2.895483807567988e-588
1.669217372798354e-593
9.41972687148837e-599
5.20285088557325e-604
2.812311605916098e-609
1.487452410953701e-614
7.696903633118676e-620
3.895965937970497e-625
1.928724247513044e-630
9.3370053060187e-636
4.419273180447551e-641
2.044653654931081e-646
9.2455051724677e-652
4.085038437052949e-657
1.763295147993364e-662
7.433989806080177e-668
3.060465550713545e-673
1.230035663381731e-678
4.825074813159986e-684
1.846856523662955e-689
6.895830079618474e-695
2.510963573439381e-700
8.913849383101454e-706
3.084081234795035e-711
1.039633649808239e-716
3.413348278912688e-722
1.091117198310504e-727
3.394611545301596e-733
1.02746293507392e-738
3.024271771383456e-744
8.652992857230436e-750
2.405501383830063e-755
6.494285729368829e-761
1.701867308810345e-766
4.326722050067527e-772
1.066570095787076e-777
2.547778886983594e-783
5.893950821743175e-789
1.319589376631297e-794
2.857307963144625e-800
5.979179214959199e-806
1.208239660960957e-811
2.355759558372453e-817
4.427833103051133e-823
8.015386458770485e-829
1.396024907808278e-834
2.336840372005765e-840
3.755171293308036e-846
5.78569019849961e-852
8.535386665139028e-858
1.203939824202152e-863
1.621131372979248e-869
2.080283009879243e-875
2.539271196874311e-881
2.94234264816065e-887
3.229253355290656e-893
3.348587073150582e-899
3.27174783426725e-905
3.002804258365258e-911
2.57994480026132e-917
2.06701035572238e-923
1.537451937806057e-929
1.056276996189587e-935
6.663556791253164e-942
3.833291680977348e-948
1.994264653611631e-954
9.28935921338097e-961
3.826461025518031e-967
1.372111564503721e-973
4.195837268078983e-980
1.063804168910069e-986
2.146846120431685e-993
3.233095932098503e-1000
3.229780978765734e-1007
1.605226792826765e-1014
0.
0.
0.
0.
0.
0.
0.
0.
0.
0.
0.
0.
0.
0.
0.
0.
0.
0.
0.
0.
0.
0.
0.
0.
0.
0.
0.
0.
0.
0.
0.
0.
0.
0.
0.
0.
0.
0.
0.
0.
0.
0.
0.
0.
0.
0.
0.
0.
0.
0.
0.
0.
0.
0.
0.
0.
0.
0.
0.
0.
0.
0.
0.
0.
0.
0.
0.
0.
0.
0.
0.
0.
0.
0.
0.
0.
0.
0.
0.
0.
0.
0.
0.
0.
0.
0.
0.
0.
0.
0.
0.
0.
0.
0.
0.
0.
0.
0.
0.
0.