c_k^s of alpha = 10^(-4), lambda=10^(-3), eta=1, k=1:1:1000
0.00016660695205108754
0.00006943344726729073
0.00003857799478445415
0.000024112854156733196
0.000016076039866294022
0.000011164363130478246
7.97481091136852e-6
5.815132431433533e-6
4.307613192403198e-6
3.230781687855606e-6
2.44761083597679e-6
1.8697367165216586e-6
1.4382829836925134e-6
1.1129741931309175e-6
8.656589610373038e-7
6.763050805912379e-7
5.304419877684275e-7
4.174824018731863e-7
3.295950320262161e-7
2.609321469793546e-7
2.0709107642922576e-7
1.6473310694049344e-7
1.313101920040668e-7
1.0486669021291449e-7
8.389405128159966e-8
6.72233352836618e-8
5.3945066729699494e-8
4.334903543795333e-8
3.48787833928098e-8
2.8096991504115633e-8
2.2659015175316394e-8
1.8292552141610502e-8
1.4781952703079906e-8
1.1956063617455332e-8
9.678775100147732e-9
7.841645006022933e-9
6.358125868149252e-9
5.1590335251468415e-9
4.188980892356517e-9
3.4035644291267213e-9
2.767139387763307e-9
2.2510569112335934e-9
1.8322643504494802e-9
1.4921919227688968e-9
1.215865611855852e-9
9.911991975839802e-10
8.084283923528831e-10
6.596579188587496e-10
5.384985040272747e-10
4.3977557328395446e-10
3.5929520619791467e-10
2.9365588742203345e-10
2.4009693203023944e-10
1.9637631816341191e-10
1.606721281225436e-10
1.315029640054393e-10
1.0766362989616087e-10
8.817310972424063e-11
7.223245760773872e-11
5.919068674094592e-11
4.851711806822546e-11
3.977895034388934e-11
3.2623053930042426e-11
2.676118388285754e-11
2.1957963086405886e-11
1.80211110127399e-11
1.4793494167450694e-11
1.2146655244093503e-11
9.97554330832617e-12
8.194220040275803e-12
6.732359643935615e-12
5.532394458233304e-12
4.547186158352619e-12
3.738124988704651e-12
3.0735777421015757e-12
2.5276200150566518e-12
2.079000288618058e-12
1.7102931412782924e-12
1.407206825720834e-12
1.1580168820136565e-12
9.531026971653183e-13
7.845681818183964e-13
6.459312030396071e-13
5.318692364933333e-13
4.380110023459539e-13
3.607657248217689e-13
2.9718318474920585e-13
2.448389821005479e-13
2.0174044375135423e-13
1.6624944298110443e-13
1.3701907617388274e-13
1.129416968807841e-13
9.31062607649777e-14
7.676330560633937e-14
6.329619368120194e-14
5.219749183118855e-14
4.304956748533048e-14
3.550864503393327e-14
2.929170298867397e-14
2.4165703785161002e-14
1.9938739370106086e-14
1.6452750523926377e-14
1.3577539190862421e-14
1.1205843366720094e-14
9.249285327837803e-15
7.635037808805306e-15
6.3030804886364805e-15
5.203941920526243e-15
4.296840735513903e-15
3.5481552995391093e-15
2.9301636079606747e-15
2.420005554437177e-15
1.9988282160624975e-15
1.6510817849466772e-15
1.3639395195672332e-15
1.1268198099004005e-15
9.309923312849603e-16
7.692534530989168e-16
6.356586926916161e-16
5.253021636252837e-16
4.3413474308172713e-16
3.5881414439779783e-16
2.9658128305799597e-16
2.451583140617616e-16
2.026645331688083e-16
1.6754700515216715e-16
1.3852333437384575e-16
1.1453444772230004e-16
9.470563446604617e-17
7.83143960720952e-17
6.476391318226202e-17
5.356114633623081e-17
4.4298759577767755e-17
3.6640198281063604e-17
3.030736973890235e-17
2.5070471668050022e-17
2.073959343643027e-17
1.7157780487377024e-17
1.4195306587614668e-17
1.1744943182974739e-17
9.718051977571513e-18
8.041357232675933e-18
6.654279343306696e-18
5.506731926786609e-18
4.557301717262397e-18
3.771744637348122e-18
3.121743035157332e-18
2.583878662819453e-18
2.1387838863143825e-18
1.7704401489867792e-18
1.4655981039516926e-18
1.2132982829842455e-18
1.0044748457149341e-18
8.3162798857875575e-19
6.88553099821108e-19
5.701168172163018e-19
4.720718551438776e-19
3.909038801263703e-19
3.237048807166799e-19
2.6806844153608466e-19
2.220031276369661e-19
1.8386084336510838e-19
1.522775736059112e-19
1.2612436459999107e-19
1.0446677282460334e-19
8.653131731633592e-20
7.16777244549662e-20
5.9375963886529e-20
4.918724757460379e-20
4.074830724292919e-20
3.3758383922804145e-20
2.7968461252307626e-20
2.3172355149755117e-20
1.91993394414687e-20
1.590804239373068e-20
1.3181394888784791e-20
1.0922448854543788e-20
9.050915878951411e-21
7.500301846538766e-21
6.215534863846335e-21
5.151001466847667e-21
4.268920767855865e-21
3.537998331210934e-21
2.9323116042176952e-21
2.430387034407103e-21
2.0144358756394303e-21
1.6697213714621623e-21
1.3840347092539833e-21
1.1472610323928162e-21
9.510200200633715e-22
7.883682112392872e-22
6.535524566855299e-22
5.418057098191411e-22
4.491778795370971e-22
3.7239571993919975e-22
3.0874676814323105e-22
2.5598319926153515e-22
2.1224217782475708e-22
1.7597987293859909e-22
1.4591679129481585e-22
1.2099248525008885e-22
1.003280269544757e-22
8.319491588838047e-23
6.898931603073698e-23
5.721070840704695e-23
4.744420172162745e-23
3.9345873766085344e-23
3.263062395334303e-23
2.7062106492903265e-23
2.244438757713525e-23
1.8615031121942804e-23
1.543936827726476e-23
1.2805747897706514e-23
1.0621599935206649e-23
8.810172521140347e-24
7.307827369134564e-24
6.0617979005320266e-24
5.028330874522285e-24
4.171145876377599e-24
3.460158261954051e-24
2.8704204738368918e-24
2.381244364872552e-24
1.9754735622218958e-24
1.638880206362334e-24
1.3596647925970518e-24
1.1280414832864869e-24
9.358942761785708e-25
7.764919147346155e-25
6.442514987550047e-25
5.345424712507095e-25
4.435240811549691e-25
3.6801060147849887e-25
3.0535956060490716e-25
2.533790551739868e-25
2.1025088505859553e-25
1.744668080471291e-25
1.4477567367258818e-25
1.2013957848577778e-25
9.969750246698329e-26
8.27351494066302e-26
6.865993224281166e-26
5.698022521523436e-26
4.728815465751632e-26
3.9245324588140016e-26
3.257097635568395e-26
2.7032167077702707e-26
2.2435622495102164e-26
1.8620978640506495e-26
1.545517545863902e-26
1.2827805934120691e-26
1.0647257799108103e-26
8.837512688583641e-27
7.335490662139706e-27
6.088847128016662e-27
5.054145059757051e-27
4.1953385451401696e-27
3.482514612916967e-27
2.8908493282383168e-27
2.3997416501137433e-27
1.9920947670762486e-27
1.6537197888211302e-27
1.3728409530097735e-27
1.1396850578477542e-27
9.461407769917011e-28
7.854759570879388e-28
6.521030254495463e-28
5.41384317072985e-28
4.494705252964876e-28
3.7316663777436107e-28
3.0982067961305765e-28
2.5723138210228005e-28
2.135715563602767e-28
1.7732449952474523e-28
1.4723121604365986e-28
1.2224661406729094e-28
1.0150315011421445e-28
8.428065503054514e-29
6.998128986688253e-29
5.810875919728589e-29
4.825105785057917e-29
4.0066150202769094e-29
3.327008339305011e-29
2.7627120644454676e-29
2.294155125529578e-29
1.905089223629899e-29
1.5820245039404604e-29
1.3137611049125215e-29
1.0910002889528778e-29
9.06021630387793e-30
7.524150355930986e-30
6.248582783648501e-30
5.189323172826115e-30
4.309679762030318e-30
3.579186599237063e-30
2.9725468248955264e-30
2.4687553712093053e-30
2.0503706050197208e-30
1.702909619029581e-30
1.414346173502617e-30
1.1746938576292145e-30
9.756600006299442e-31
8.103583204238778e-31
6.73070337842891e-31
5.590472779069725e-31
4.643455855004788e-31
3.856903498005532e-31
3.203619005891401e-31
2.661016438128954e-31
2.210338713988688e-31
1.8360083459415249e-31
1.5250883023674758e-31
1.266834313712461e-31
1.0523231076814446e-31
8.741436920618729e-32
7.261409897782182e-32
6.032029456970906e-32
5.010837315480277e-32
4.162569264084672e-32
3.4579358894795675e-32
2.8726100008623956e-32
2.3863857081982523e-32
1.9824800455713783e-32
1.646952969994822e-32
1.3682256653778843e-32
1.1366804851988914e-32
9.443286938285706e-33
7.845345133890233e-33
6.517859318727471e-33
5.415043465335548e-33
4.498864603798203e-33
3.737729655151883e-33
3.1053947374528215e-33
2.580059244027238e-33
2.143613383914469e-33
1.7810131814679336e-33
1.4797613392718105e-33
1.2294760285548868e-33
1.0215327108436948e-33
8.48766618907844e-34
7.052256214781444e-34
5.859649373110787e-34
4.868766101755977e-34
4.0454785727739664e-34
3.361434010555196e-34
2.7930772268545645e-34
2.3208386365131746e-34
1.92845973199156e-34
1.6024327411231271e-34
1.3315351346642703e-34
1.1064429245353743e-34
9.194094132857691e-35
7.639983142641753e-35
6.348620382923809e-35
5.27557501152585e-35
4.383931007500359e-35
3.6430158812004426e-35
3.027344496523188e-35
2.515741598528114e-35
2.0906128027423033e-35
1.7373389220070545e-35
1.4437727594421143e-35
1.1998210288056057e-35
9.970969981447088e-36
8.286318904439764e-36
6.88635100109556e-36
5.722949664549361e-36
4.756132429189371e-36
3.952675617615455e-36
3.284971584953955e-36
2.7300792158610948e-36
2.2689349862633608e-36
1.885697432102832e-36
1.567202461755451e-36
1.3025107657648743e-36
1.0825317486627026e-36
8.99711042231523e-37
7.477708484112757e-37
6.2149417858293786e-37
5.16545566849574e-37
4.293220902304865e-37
3.5682957163605194e-37
2.965797080262873e-37
2.4650458612267922e-37
2.0488564623676947e-37
1.7029465180097128e-37
1.4154463515177956e-37
1.176491332418474e-37
9.778831205846563e-38
8.128081541633906e-38
6.756037062632261e-38
5.615634709364864e-38
4.6677599797801953e-38
3.87990425281135e-38
3.2250489579858523e-38
2.68073825834645e-38
2.2283083926651925e-38
1.852247206459057e-38
1.5396618748192775e-38
1.2798365374069493e-38
1.0638646549847507e-38
8.843434637714698e-39
7.351200369839389e-39
6.110802355077561e-39
5.079733026519654e-39
4.222660820289188e-39
3.510218548335971e-39
2.917996381384344e-39
2.4257048832163082e-39
2.0164793754955796e-39
1.676301763970665e-39
1.3935199888246664e-39
1.1584486126839312e-39
9.630368444622725e-40
8.005926114538797e-40
6.6555321538238645e-40
5.532947065190975e-40
4.599734383910589e-40
3.823943696247193e-40
3.179015970206973e-40
2.642873665317293e-40
2.197164425985741e-40
1.8266324304361809e-40
1.518595845095655e-40
1.2625124728668063e-40
1.0496187078392562e-40
8.72629422448015e-41
7.254885021247833e-41
6.031614787869605e-41
5.014631576400832e-41
4.1691433124075046e-41
3.4662267172542326e-41
2.8818372075268477e-41
2.3959858545401065e-41
1.9920552116225753e-41
1.6562305752016093e-41
1.3770272008004875e-41
1.1448972825218396e-41
9.519032371413631e-42
7.914461052554373e-42
6.580397698794662e-42
5.471232621975038e-42
4.54904728608129e-42
3.782317175051519e-42
3.1448334553514604e-42
2.6148065227392126e-42
2.1741207503367975e-42
1.8077149319059694e-42
1.5030672174571328e-42
1.2497669154310299e-42
1.0391585092257695e-42
8.640457076557615e-43
7.184454036908e-43
5.9738312390971746e-43
4.9672297101271424e-43
4.130262420959094e-43
3.434338866207733e-43
2.8556878370869794e-43
2.3745449648586557e-43
1.9744772491181143e-43
1.6418214714504785e-43
1.3652172907294186e-43
1.1352190549598128e-43
9.439730569388848e-44
7.849491992767872e-44
6.527178950793354e-44
5.427645775312411e-44
4.513354776632295e-44
3.753093987461248e-44
3.1209110461099176e-44
2.5952267815740435e-44
2.1580982066262505e-44
1.7946057325928768e-44
1.492343665794546e-44
1.240996575931001e-44
1.0319870617379118e-44
8.581828794168776e-45
7.136534280905129e-45
5.934672732389474e-45
4.935237914086144e-45
4.104131853984107e-45
3.4130008848557555e-45
2.8382678219498544e-45
2.3603272219347722e-45
1.9628762401169753e-45
1.6323582350375673e-45
1.3575001208245322e-45
1.1289276697822497e-45
9.388456300708497e-46
7.807717369524551e-46
6.493155366056088e-46
5.3999447182595995e-46
4.490809513303535e-46
3.73475182337262e-46
3.1059942575456585e-46
2.5831006471825036e-46
2.1482448537894294e-46
1.7866027450176525e-46
1.4858465890132563e-46
1.2357246133899794e-46
1.027711382044204e-46
8.547170601536567e-47
7.108456475438147e-47
5.911939318027245e-47
4.916843021421244e-47
4.089257204892592e-47
3.400981071018116e-47
2.8285619693152215e-47
2.352495872958024e-47
1.9565624983003447e-47
1.6272723904368877e-47
1.3534071177059535e-47
1.1256368942531996e-47
9.362025909438223e-48
7.78651291171691e-48
6.476163744215332e-48
5.3863462911880566e-48
4.4799415917509596e-48
3.726078987972272e-48
3.0990842340806586e-48
2.5776047072190848e-48
2.1438818990320944e-48
1.783146389163635e-48
1.4831146777767615e-48
1.2335707269404924e-48
1.026017948620577e-48
8.533897785636766e-49
7.09808972489642e-49
5.9038742181792276e-49
4.91059667292608e-49
4.084444374366715e-49
3.3972949392706116e-49
2.8257586030884754e-49
2.3503817104358808e-49
1.954984272376196e-49
1.6261090225011579e-49
1.3525632031404292e-49
1.1250374726814255e-49
9.357889526601923e-50
7.7837761856675e-50
6.47447055683645e-50
5.385421126903565e-50
4.479572427335569e-50
3.726103670243039e-50
3.0993796540482593e-50
2.578078213575205e-50
2.1444645024635676e-50
1.7837873967672277e-50
1.4837774677450623e-50
1.2342294309043528e-50
1.0266548551702666e-50
8.539933086427973e-51
7.103721072778429e-51
5.909064877814809e-51
4.915334024134423e-51
4.088732781437351e-51
3.401150346888918e-51
2.8292044780076414e-51
2.3534460276152212e-51
1.9576973078391455e-51
1.6285017658058688e-51
1.3546662426494942e-51
1.1268802388191206e-51
9.3739922971047e-52
7.797812556247645e-52
6.4866782319855206e-52
5.3960166348755376e-52
4.488751461703236e-52
3.734041925669053e-52
3.10623397860048e-52
2.583987946009457e-52
2.149552898457355e-52
1.7881630753638253e-52
1.48753583004759e-52
1.237454018763698e-52
1.0294186293640092e-52
8.563598347338416e-53
7.12396643672241e-53
5.926369750262568e-53
4.930113559190724e-53
4.1013458861984778e-53
3.4119068190824653e-53
2.838371340590315e-53
2.3612531273553906e-53
1.9643422452894097e-53
1.6341542223895502e-53
1.3594717675323257e-53
1.1309635543275074e-53
9.408671096697248e-54
7.827250263995757e-54
6.51165532619146e-54
5.417199583733822e-54
4.506708949080245e-54
3.749258852160335e-54
3.119123525789631e-54
2.594901958184518e-54
2.1587908055092003e-54
1.795979553101123e-54
1.4941473695614283e-54
1.2430445545731887e-54
1.0341443566642376e-54
8.603533289342955e-55
7.157703803435457e-55
5.954863351587763e-55
4.954171898427278e-55
4.121654018573631e-55
3.429044974653259e-55
2.8528307804075647e-55
2.373449635791595e-55
1.9746276043393773e-55
1.6428259644374344e-55
1.3667814605455914e-55
1.1371238368050769e-55
9.460576611602423e-56
7.870976323327375e-56
6.548483789591155e-56
5.448212716849727e-56
4.5328202636709545e-56
3.77123922498521e-56
3.1376233108356285e-56
2.610469700177307e-56
2.1718890716638087e-56
1.806998322455841e-56
1.5034153530861391e-56
1.2508387628949456e-56
1.0406981842855982e-56
8.658633830113627e-57
7.204022473920649e-57
5.993794495691006e-57
4.9868894303826856e-57
4.149146096678036e-57
3.452143252425226e-57
2.872235077411615e-57
2.3897487406150027e-57
1.9883168122490076e-57
1.6543218590934817e-57
1.3764343702682557e-57
1.1452283291175886e-57
9.528613828285916e-58
7.928087543256625e-58
6.59641865333137e-58
5.4884415723034415e-58
4.566578589738864e-58
3.799565018050891e-58
3.1613885436331876e-58
2.6304067886013974e-58
2.1886131381956386e-58
1.8210259209132022e-58
1.515180214809704e-58
1.2607050362515808e-58
1.0489715649593375e-58
8.728004698129575e-59
7.262184054298688e-59
6.0425541804996865e-59
5.0277638740789135e-59
4.183407861578099e-59
3.4808599923973916e-59
2.896302449498588e-59
2.4099180453154287e-59
2.005218204098585e-59
1.6684838352835964e-59
1.388300132354943e-59
1.1551695180597228e-59
9.611896078298644e-60
7.997852688618494e-60
6.65485687319952e-60
5.53738882838971e-60
4.607573797083099e-60
3.833898009193097e-60
3.1901403050829476e-60
2.6544832116026774e-60
2.208773326714402e-60
1.8379059325149172e-60
1.529312969578022e-60
1.2725370108662253e-60
1.0588767899151085e-60
8.810922645069728e-61
7.331592159344738e-61
6.100650636915953e-61
5.076389729944948e-61
4.2241049533217714e-61
3.5149194971607875e-61
2.9248055725200335e-61
2.433770113982159e-61
2.0251772351411275e-61
1.6851844694306306e-61
1.4022736863421715e-61
1.166860782733463e-61
9.70970919464687e-62
8.079682955804167e-62
6.723313010248385e-62
5.594654271266265e-62
4.6554759397589646e-62
3.873966187359778e-62
3.2236543499442407e-62
2.682514105026586e-62
2.232217240776219e-62
1.8575127283879687e-62
1.5457100563382998e-62
1.2862493186291659e-62
1.0703434892519653e-62
8.906807614658504e-63
7.411768660063078e-63
6.167689760215756e-63
5.132442157871245e-63
4.270969628404005e-63
3.554101088549043e-63
2.957562564045076e-63
2.461155042717021e-63
2.0480703602193927e-63
1.7043219424995562e-63
1.4182711205333724e-63
1.1802329709193022e-63
9.821483302257333e-64
8.173108728765336e-64
6.801400078042183e-64
5.6599190131286984e-64
4.7100222517247214e-64
3.919553036781657e-64
3.261752276680386e-64
2.7143524760227464e-64
2.25882376977216e-64
1.879746525589198e-64
1.5642892662802052e-64
1.3017742315589797e-64
1.0833158666707445e-64
9.015199954080156e-65
7.502334903372516e-65
6.243359632805403e-65
5.195664221941312e-65
4.323790247634773e-65
3.5982304440622817e-65
2.9944298431871784e-65
2.491954574919262e-65
2.073800183704285e-65
1.725816042629231e-65
1.4362263773728411e-65
1.1952316836179178e-65
9.946770436684084e-66
8.277761131739895e-66
6.888814337734244e-66
5.73293295961112e-66
4.771006816777215e-66
3.9704890222634106e-66
3.304294509004837e-66
2.7498834178506715e-66
2.2884983202361865e-66
1.9045294562649028e-66
1.5849865026022435e-66
1.3190589908141729e-66
1.0977504977017931e-66
9.135742263941903e-67
7.602996750187082e-67
6.32741819028335e-67
5.2658567227751994e-67
4.382402894198505e-67
3.6471726869493495e-67
3.0352964341350124e-67
2.5260774051225723e-67
2.102291587942897e-67
1.7496049733629127e-67
1.4560886220727205e-67
1.2118151056595197e-67
1.0085226658754642e-67
8.393357283677054e-68
6.985323140959396e-68
5.813504786660755e-68
4.838272304740435e-68
4.026644775814209e-68
3.3511746783206196e-68
2.789019478207242e-68
2.321168996998997e-68
1.9318024189551235e-68
1.6077531843400592e-68
1.3380636660696625e-68
1.1136145646781206e-68
9.268164844807305e-69
7.713532575293263e-69
6.419683326595309e-69
5.342870038540667e-69
4.446684645937166e-69
3.7008268386341427e-69
3.08007939166521e-69
2.563455406873215e-69
2.1334886227389544e-69
1.7756427886677972e-69
1.47782012747326e-69
1.2299522614972552e-69
1.0236597671201269e-69
8.519688437078724e-70
7.090755148515611e-70
5.901493874292418e-70
4.911703319511866e-70
4.0879256109647564e-70
3.402315099790274e-70
2.8316969284030376e-70
2.3567835264026386e-70
1.9615225411681364e-70
1.6325541537338273e-70
1.3587594296938098e-70
1.1308844334137918e-70
9.412273958675822e-71
7.83378358619506e-71
6.5200249095943904e-71
5.426597539810611e-71
4.516548144231097e-71
3.7591213393462185e-71
3.1287201067093344e-71
2.6040405856625974e-71
2.167351992195607e-71
1.8038973201200052e-71
1.5013945644026592e-71
1.2496216051000303e-71
1.0400707188043724e-71
8.656610384951869e-72
7.204992417865949e-72
5.996803780187123e-72
4.991221015905191e-72
4.1542670825578077e-72
3.457663109875563e-72
2.877872742399093e-72
2.3953067644557503e-72
1.993661123965454e-72
1.6593659807936696e-72
1.3811271582386592e-72
1.1495444996101887e-72
9.567942313229475e-73
7.963645973716252e-73
6.628358306151908e-73
5.516970248457419e-73
4.591937188117722e-73
3.82201041368346e-73
3.1811813082662645e-73
2.647802605756096e-73
2.2038570145437142e-73
1.8343484939130342e-73
1.5267956133244443e-73
1.2708098746498984e-73
1.0577447486514916e-73
8.804035666655736e-74
7.327963973344541e-74
6.099376935396561e-74
5.076778723816207e-74
4.225631376837674e-74
3.517188088270571e-74
2.9275221399782833e-74
2.4367186700020463e-74
2.028201969859765e-74
1.6881755838360995e-74
1.405156294393531e-74
1.169586249971928e-74
9.735101316033969e-75
8.103064521679548e-75
6.744639110085854e-75
5.613952488125542e-75
4.672823145857417e-75
3.889471110078583e-75
3.237444620888262e-75
2.6947267750487227e-75
2.2429919595820326e-75
1.8669869591854247e-75
1.5540158326527844e-75
1.2935111588526815e-75
1.0766771703681379e-75
8.961927212221614e-76
7.459640562374678e-76
6.209190317919756e-76
5.168358378658758e-76
4.3020043663295116e-76
3.580879027977454e-76
2.9806365818852614e-76
2.4810126505620878e-76
2.065140018006602e-76
1.7189791034075607e-76
1.4308439178781667e-76
1.1910074956136203e-76
9.913734749461728e-77
8.252027388137042e-77
6.868858836182293e-77
5.717538331380186e-77
4.759202023476184e-77
3.961500882046392e-77
3.2975085689560165e-77
2.744812398377615e-77
2.28475668997918e-77
1.9018129669424975e-77
1.5830557337346723e-77
1.3177261336904046e-77
1.0968687538744515e-77
9.130293145990475e-78
7.600030367831611e-78
6.326251914867385e-78
5.265967602202189e-78
4.383393201155162e-78
3.6487425478283e-78
3.037222129894796e-78
2.528194209170636e-78
2.1044802276623295e-78
1.7517809809847393e-78
1.4581939852433186e-78
1.2138117447893894e-78
1.0103873594827963e-78
8.410561834547963e-79
7.001041396155988e-79
5.82774869186683e-79
4.851092065375094e-79
4.0381156083359765e-79
3.3613869430131535e-79
2.798071429506533e-79
2.329161548960596e-79
1.938835452232135e-79
1.61392302350744e-79
1.3434614374998926e-79
1.1183252096496804e-79
9.309182531684903e-80
7.749175497082429e-80
6.450597825387119e-80
5.369637312044861e-80
4.469824336485658e-80
3.720801264833787e-80
3.0972981037522676e-80
2.5782798361488486e-80
2.146236663728359e-80
1.7865932044103286e-80
1.4872167072414993e-80
1.238007689130168e-80
1.0305591793079044e-80
8.578730727714448e-81
7.141240212228305e-81
5.944628942586929e-81
4.948531789058285e-81
4.1193479712948103e-81
3.429107461681924e-81
2.8545273670141523e-81
2.37622644925917e-81
1.9780712824004946e-81
1.6466319842046993e-81
1.3707291591444286e-81
1.1410567664038393e-81
9.498681887630056e-82
7.907149106578901e-82
6.582289888074732e-82
5.479419763921002e-82
4.5613419171947124e-82
3.797092461319736e-82
3.16089598139711e-82
2.6312961016556248e-82
2.1904317479984528e-82
1.8234346900851656e-82
1.517928039065398e-82
1.2636087830339212e-82
1.0519002774307586e-82
8.756629676266693e-83
7.289535854434966e-83
6.068246966442779e-83
5.0515783766455535e-83
4.205246129717729e-83
3.500710676645224e-83
2.9142143508103815e-83
2.425980127667028e-83
2.0195446420388066e-83
1.681202965891591e-83
1.3995464193194838e-83
1.165077825627057e-83
9.698912336570031e-84
8.074053050290137e-84
6.721413740804513e-84
5.5953869509651045e-84
4.658006457180309e-84
3.8776669953146115e-84
3.2280584999942077e-84
2.6872789140113982e-84
2.237095647257245e-84
1.8623307781373514e-84
1.5503492638550641e-84
1.2906329000552863e-84
1.0744256622954954e-84
8.94438469196124e-85
7.446034111215978e-85
6.198691564501231e-85
5.160306361721956e-85
4.29587263553244e-85
3.5762490789475997e-85
2.977176424869751e-85
2.4784595368243983e-85
2.0632865312412146e-85
1.717661972557389e-85
1.429935029106704e-85
1.1904066799218307e-85
9.910027282137721e-86
8.25001596299635e-86
6.868077239631331e-86
5.717629299470847e-86
4.7598937635120346e-86
3.962588413100439e-86
3.2988389239024445e-86
2.7462729158724207e-86
2.2862657752118974e-86
1.903312821592699e-86
1.5845066538305625e-86
1.3191020533983856e-86