c_k^s/C^s of alpha = 10^(-5), lambda=0.01, eta=1, k=1:1:1000
ck[0.00001, 0.01, 0., 1.]
ck[0.00001, 0.01, 0., 2.]
ck[0.00001, 0.01, 0., 3.]
ck[0.00001, 0.01, 0., 4.]
ck[0.00001, 0.01, 0., 5.]
ck[0.00001, 0.01, 0., 6.]
ck[0.00001, 0.01, 0., 7.]
ck[0.00001, 0.01, 0., 8.]
ck[0.00001, 0.01, 0., 9.]
ck[0.00001, 0.01, 0., 10.]
ck[0.00001, 0.01, 0., 11.]
ck[0.00001, 0.01, 0., 12.]
ck[0.00001, 0.01, 0., 13.]
ck[0.00001, 0.01, 0., 14.]
ck[0.00001, 0.01, 0., 15.]
ck[0.00001, 0.01, 0., 16.]
ck[0.00001, 0.01, 0., 17.]
ck[0.00001, 0.01, 0., 18.]
ck[0.00001, 0.01, 0., 19.]
ck[0.00001, 0.01, 0., 20.]
ck[0.00001, 0.01, 0., 21.]
ck[0.00001, 0.01, 0., 22.]
ck[0.00001, 0.01, 0., 23.]
ck[0.00001, 0.01, 0., 24.]
ck[0.00001, 0.01, 0., 25.]
ck[0.00001, 0.01, 0., 26.]
ck[0.00001, 0.01, 0., 27.]
ck[0.00001, 0.01, 0., 28.]
ck[0.00001, 0.01, 0., 29.]
ck[0.00001, 0.01, 0., 30.]
ck[0.00001, 0.01, 0., 31.]
ck[0.00001, 0.01, 0., 32.]
ck[0.00001, 0.01, 0., 33.]
ck[0.00001, 0.01, 0., 34.]
ck[0.00001, 0.01, 0., 35.]
ck[0.00001, 0.01, 0., 36.]
ck[0.00001, 0.01, 0., 37.]
ck[0.00001, 0.01, 0., 38.]
ck[0.00001, 0.01, 0., 39.]
ck[0.00001, 0.01, 0., 40.]
ck[0.00001, 0.01, 0., 41.]
ck[0.00001, 0.01, 0., 42.]
ck[0.00001, 0.01, 0., 43.]
ck[0.00001, 0.01, 0., 44.]
ck[0.00001, 0.01, 0., 45.]
ck[0.00001, 0.01, 0., 46.]
ck[0.00001, 0.01, 0., 47.]
ck[0.00001, 0.01, 0., 48.]
ck[0.00001, 0.01, 0., 49.]
ck[0.00001, 0.01, 0., 50.]
ck[0.00001, 0.01, 0., 51.]
ck[0.00001, 0.01, 0., 52.]
ck[0.00001, 0.01, 0., 53.]
ck[0.00001, 0.01, 0., 54.]
ck[0.00001, 0.01, 0., 55.]
ck[0.00001, 0.01, 0., 56.]
ck[0.00001, 0.01, 0., 57.]
ck[0.00001, 0.01, 0., 58.]
ck[0.00001, 0.01, 0., 59.]
ck[0.00001, 0.01, 0., 60.]
ck[0.00001, 0.01, 0., 61.]
ck[0.00001, 0.01, 0., 62.]
ck[0.00001, 0.01, 0., 63.]
ck[0.00001, 0.01, 0., 64.]
ck[0.00001, 0.01, 0., 65.]
ck[0.00001, 0.01, 0., 66.]
ck[0.00001, 0.01, 0., 67.]
ck[0.00001, 0.01, 0., 68.]
ck[0.00001, 0.01, 0., 69.]
ck[0.00001, 0.01, 0., 70.]
ck[0.00001, 0.01, 0., 71.]
ck[0.00001, 0.01, 0., 72.]
ck[0.00001, 0.01, 0., 73.]
ck[0.00001, 0.01, 0., 74.]
ck[0.00001, 0.01, 0., 75.]
ck[0.00001, 0.01, 0., 76.]
ck[0.00001, 0.01, 0., 77.]
ck[0.00001, 0.01, 0., 78.]
ck[0.00001, 0.01, 0., 79.]
ck[0.00001, 0.01, 0., 80.]
ck[0.00001, 0.01, 0., 81.]
ck[0.00001, 0.01, 0., 82.]
ck[0.00001, 0.01, 0., 83.]
ck[0.00001, 0.01, 0., 84.]
ck[0.00001, 0.01, 0., 85.]
ck[0.00001, 0.01, 0., 86.]
ck[0.00001, 0.01, 0., 87.]
ck[0.00001, 0.01, 0., 88.]
ck[0.00001, 0.01, 0., 89.]
ck[0.00001, 0.01, 0., 90.]
ck[0.00001, 0.01, 0., 91.]
ck[0.00001, 0.01, 0., 92.]
ck[0.00001, 0.01, 0., 93.]
ck[0.00001, 0.01, 0., 94.]
ck[0.00001, 0.01, 0., 95.]
ck[0.00001, 0.01, 0., 96.]
ck[0.00001, 0.01, 0., 97.]
ck[0.00001, 0.01, 0., 98.]
ck[0.00001, 0.01, 0., 99.]
ck[0.00001, 0.01, 0., 100.]
ck[0.00001, 0.01, 0., 101.]
ck[0.00001, 0.01, 0., 102.]
ck[0.00001, 0.01, 0., 103.]
ck[0.00001, 0.01, 0., 104.]
ck[0.00001, 0.01, 0., 105.]
ck[0.00001, 0.01, 0., 106.]
ck[0.00001, 0.01, 0., 107.]
ck[0.00001, 0.01, 0., 108.]
ck[0.00001, 0.01, 0., 109.]
ck[0.00001, 0.01, 0., 110.]
ck[0.00001, 0.01, 0., 111.]
ck[0.00001, 0.01, 0., 112.]
ck[0.00001, 0.01, 0., 113.]
ck[0.00001, 0.01, 0., 114.]
ck[0.00001, 0.01, 0., 115.]
ck[0.00001, 0.01, 0., 116.]
ck[0.00001, 0.01, 0., 117.]
ck[0.00001, 0.01, 0., 118.]
ck[0.00001, 0.01, 0., 119.]
ck[0.00001, 0.01, 0., 120.]
ck[0.00001, 0.01, 0., 121.]
ck[0.00001, 0.01, 0., 122.]
ck[0.00001, 0.01, 0., 123.]
ck[0.00001, 0.01, 0., 124.]
ck[0.00001, 0.01, 0., 125.]
ck[0.00001, 0.01, 0., 126.]
ck[0.00001, 0.01, 0., 127.]
ck[0.00001, 0.01, 0., 128.]
ck[0.00001, 0.01, 0., 129.]
ck[0.00001, 0.01, 0., 130.]
ck[0.00001, 0.01, 0., 131.]
ck[0.00001, 0.01, 0., 132.]
ck[0.00001, 0.01, 0., 133.]
ck[0.00001, 0.01, 0., 134.]
ck[0.00001, 0.01, 0., 135.]
ck[0.00001, 0.01, 0., 136.]
ck[0.00001, 0.01, 0., 137.]
ck[0.00001, 0.01, 0., 138.]
ck[0.00001, 0.01, 0., 139.]
ck[0.00001, 0.01, 0., 140.]
ck[0.00001, 0.01, 0., 141.]
ck[0.00001, 0.01, 0., 142.]
ck[0.00001, 0.01, 0., 143.]
ck[0.00001, 0.01, 0., 144.]
ck[0.00001, 0.01, 0., 145.]
ck[0.00001, 0.01, 0., 146.]
ck[0.00001, 0.01, 0., 147.]
ck[0.00001, 0.01, 0., 148.]
ck[0.00001, 0.01, 0., 149.]
ck[0.00001, 0.01, 0., 150.]
ck[0.00001, 0.01, 0., 151.]
ck[0.00001, 0.01, 0., 152.]
ck[0.00001, 0.01, 0., 153.]
ck[0.00001, 0.01, 0., 154.]
ck[0.00001, 0.01, 0., 155.]
ck[0.00001, 0.01, 0., 156.]
ck[0.00001, 0.01, 0., 157.]
ck[0.00001, 0.01, 0., 158.]
ck[0.00001, 0.01, 0., 159.]
ck[0.00001, 0.01, 0., 160.]
ck[0.00001, 0.01, 0., 161.]
ck[0.00001, 0.01, 0., 162.]
ck[0.00001, 0.01, 0., 163.]
ck[0.00001, 0.01, 0., 164.]
ck[0.00001, 0.01, 0., 165.]
ck[0.00001, 0.01, 0., 166.]
ck[0.00001, 0.01, 0., 167.]
ck[0.00001, 0.01, 0., 168.]
ck[0.00001, 0.01, 0., 169.]
ck[0.00001, 0.01, 0., 170.]
ck[0.00001, 0.01, 0., 171.]
ck[0.00001, 0.01, 0., 172.]
ck[0.00001, 0.01, 0., 173.]
ck[0.00001, 0.01, 0., 174.]
ck[0.00001, 0.01, 0., 175.]
ck[0.00001, 0.01, 0., 176.]
ck[0.00001, 0.01, 0., 177.]
ck[0.00001, 0.01, 0., 178.]
ck[0.00001, 0.01, 0., 179.]
ck[0.00001, 0.01, 0., 180.]
ck[0.00001, 0.01, 0., 181.]
ck[0.00001, 0.01, 0., 182.]
ck[0.00001, 0.01, 0., 183.]
ck[0.00001, 0.01, 0., 184.]
ck[0.00001, 0.01, 0., 185.]
ck[0.00001, 0.01, 0., 186.]
ck[0.00001, 0.01, 0., 187.]
ck[0.00001, 0.01, 0., 188.]
ck[0.00001, 0.01, 0., 189.]
ck[0.00001, 0.01, 0., 190.]
ck[0.00001, 0.01, 0., 191.]
ck[0.00001, 0.01, 0., 192.]
ck[0.00001, 0.01, 0., 193.]
ck[0.00001, 0.01, 0., 194.]
ck[0.00001, 0.01, 0., 195.]
ck[0.00001, 0.01, 0., 196.]
ck[0.00001, 0.01, 0., 197.]
ck[0.00001, 0.01, 0., 198.]
ck[0.00001, 0.01, 0., 199.]
ck[0.00001, 0.01, 0., 200.]
ck[0.00001, 0.01, 0., 201.]
ck[0.00001, 0.01, 0., 202.]
ck[0.00001, 0.01, 0., 203.]
ck[0.00001, 0.01, 0., 204.]
ck[0.00001, 0.01, 0., 205.]
ck[0.00001, 0.01, 0., 206.]
ck[0.00001, 0.01, 0., 207.]
ck[0.00001, 0.01, 0., 208.]
ck[0.00001, 0.01, 0., 209.]
ck[0.00001, 0.01, 0., 210.]
ck[0.00001, 0.01, 0., 211.]
ck[0.00001, 0.01, 0., 212.]
ck[0.00001, 0.01, 0., 213.]
ck[0.00001, 0.01, 0., 214.]
ck[0.00001, 0.01, 0., 215.]
ck[0.00001, 0.01, 0., 216.]
ck[0.00001, 0.01, 0., 217.]
ck[0.00001, 0.01, 0., 218.]
ck[0.00001, 0.01, 0., 219.]
ck[0.00001, 0.01, 0., 220.]
ck[0.00001, 0.01, 0., 221.]
ck[0.00001, 0.01, 0., 222.]
ck[0.00001, 0.01, 0., 223.]
ck[0.00001, 0.01, 0., 224.]
ck[0.00001, 0.01, 0., 225.]
ck[0.00001, 0.01, 0., 226.]
ck[0.00001, 0.01, 0., 227.]
ck[0.00001, 0.01, 0., 228.]
ck[0.00001, 0.01, 0., 229.]
ck[0.00001, 0.01, 0., 230.]
ck[0.00001, 0.01, 0., 231.]
ck[0.00001, 0.01, 0., 232.]
ck[0.00001, 0.01, 0., 233.]
ck[0.00001, 0.01, 0., 234.]
ck[0.00001, 0.01, 0., 235.]
ck[0.00001, 0.01, 0., 236.]
ck[0.00001, 0.01, 0., 237.]
ck[0.00001, 0.01, 0., 238.]
ck[0.00001, 0.01, 0., 239.]
ck[0.00001, 0.01, 0., 240.]
ck[0.00001, 0.01, 0., 241.]
ck[0.00001, 0.01, 0., 242.]
ck[0.00001, 0.01, 0., 243.]
ck[0.00001, 0.01, 0., 244.]
ck[0.00001, 0.01, 0., 245.]
ck[0.00001, 0.01, 0., 246.]
ck[0.00001, 0.01, 0., 247.]
ck[0.00001, 0.01, 0., 248.]
ck[0.00001, 0.01, 0., 249.]
ck[0.00001, 0.01, 0., 250.]
ck[0.00001, 0.01, 0., 251.]
ck[0.00001, 0.01, 0., 252.]
ck[0.00001, 0.01, 0., 253.]
ck[0.00001, 0.01, 0., 254.]
ck[0.00001, 0.01, 0., 255.]
ck[0.00001, 0.01, 0., 256.]
ck[0.00001, 0.01, 0., 257.]
ck[0.00001, 0.01, 0., 258.]
ck[0.00001, 0.01, 0., 259.]
ck[0.00001, 0.01, 0., 260.]
ck[0.00001, 0.01, 0., 261.]
ck[0.00001, 0.01, 0., 262.]
ck[0.00001, 0.01, 0., 263.]
ck[0.00001, 0.01, 0., 264.]
ck[0.00001, 0.01, 0., 265.]
ck[0.00001, 0.01, 0., 266.]
ck[0.00001, 0.01, 0., 267.]
ck[0.00001, 0.01, 0., 268.]
ck[0.00001, 0.01, 0., 269.]
ck[0.00001, 0.01, 0., 270.]
ck[0.00001, 0.01, 0., 271.]
ck[0.00001, 0.01, 0., 272.]
ck[0.00001, 0.01, 0., 273.]
ck[0.00001, 0.01, 0., 274.]
ck[0.00001, 0.01, 0., 275.]
ck[0.00001, 0.01, 0., 276.]
ck[0.00001, 0.01, 0., 277.]
ck[0.00001, 0.01, 0., 278.]
ck[0.00001, 0.01, 0., 279.]
ck[0.00001, 0.01, 0., 280.]
ck[0.00001, 0.01, 0., 281.]
ck[0.00001, 0.01, 0., 282.]
ck[0.00001, 0.01, 0., 283.]
ck[0.00001, 0.01, 0., 284.]
ck[0.00001, 0.01, 0., 285.]
ck[0.00001, 0.01, 0., 286.]
ck[0.00001, 0.01, 0., 287.]
ck[0.00001, 0.01, 0., 288.]
ck[0.00001, 0.01, 0., 289.]
ck[0.00001, 0.01, 0., 290.]
ck[0.00001, 0.01, 0., 291.]
ck[0.00001, 0.01, 0., 292.]
ck[0.00001, 0.01, 0., 293.]
ck[0.00001, 0.01, 0., 294.]
ck[0.00001, 0.01, 0., 295.]
ck[0.00001, 0.01, 0., 296.]
ck[0.00001, 0.01, 0., 297.]
ck[0.00001, 0.01, 0., 298.]
ck[0.00001, 0.01, 0., 299.]
ck[0.00001, 0.01, 0., 300.]
ck[0.00001, 0.01, 0., 301.]
ck[0.00001, 0.01, 0., 302.]
ck[0.00001, 0.01, 0., 303.]
ck[0.00001, 0.01, 0., 304.]
ck[0.00001, 0.01, 0., 305.]
ck[0.00001, 0.01, 0., 306.]
ck[0.00001, 0.01, 0., 307.]
ck[0.00001, 0.01, 0., 308.]
ck[0.00001, 0.01, 0., 309.]
ck[0.00001, 0.01, 0., 310.]
ck[0.00001, 0.01, 0., 311.]
ck[0.00001, 0.01, 0., 312.]
ck[0.00001, 0.01, 0., 313.]
ck[0.00001, 0.01, 0., 314.]
ck[0.00001, 0.01, 0., 315.]
ck[0.00001, 0.01, 0., 316.]
ck[0.00001, 0.01, 0., 317.]
ck[0.00001, 0.01, 0., 318.]
ck[0.00001, 0.01, 0., 319.]
ck[0.00001, 0.01, 0., 320.]
ck[0.00001, 0.01, 0., 321.]
ck[0.00001, 0.01, 0., 322.]
ck[0.00001, 0.01, 0., 323.]
ck[0.00001, 0.01, 0., 324.]
ck[0.00001, 0.01, 0., 325.]
ck[0.00001, 0.01, 0., 326.]
ck[0.00001, 0.01, 0., 327.]
ck[0.00001, 0.01, 0., 328.]
ck[0.00001, 0.01, 0., 329.]
ck[0.00001, 0.01, 0., 330.]
ck[0.00001, 0.01, 0., 331.]
ck[0.00001, 0.01, 0., 332.]
ck[0.00001, 0.01, 0., 333.]
ck[0.00001, 0.01, 0., 334.]
ck[0.00001, 0.01, 0., 335.]
ck[0.00001, 0.01, 0., 336.]
ck[0.00001, 0.01, 0., 337.]
ck[0.00001, 0.01, 0., 338.]
ck[0.00001, 0.01, 0., 339.]
ck[0.00001, 0.01, 0., 340.]
ck[0.00001, 0.01, 0., 341.]
ck[0.00001, 0.01, 0., 342.]
ck[0.00001, 0.01, 0., 343.]
ck[0.00001, 0.01, 0., 344.]
ck[0.00001, 0.01, 0., 345.]
ck[0.00001, 0.01, 0., 346.]
ck[0.00001, 0.01, 0., 347.]
ck[0.00001, 0.01, 0., 348.]
ck[0.00001, 0.01, 0., 349.]
ck[0.00001, 0.01, 0., 350.]
ck[0.00001, 0.01, 0., 351.]
ck[0.00001, 0.01, 0., 352.]
ck[0.00001, 0.01, 0., 353.]
ck[0.00001, 0.01, 0., 354.]
ck[0.00001, 0.01, 0., 355.]
ck[0.00001, 0.01, 0., 356.]
ck[0.00001, 0.01, 0., 357.]
ck[0.00001, 0.01, 0., 358.]
ck[0.00001, 0.01, 0., 359.]
ck[0.00001, 0.01, 0., 360.]
ck[0.00001, 0.01, 0., 361.]
ck[0.00001, 0.01, 0., 362.]
ck[0.00001, 0.01, 0., 363.]
ck[0.00001, 0.01, 0., 364.]
ck[0.00001, 0.01, 0., 365.]
ck[0.00001, 0.01, 0., 366.]
ck[0.00001, 0.01, 0., 367.]
ck[0.00001, 0.01, 0., 368.]
ck[0.00001, 0.01, 0., 369.]
ck[0.00001, 0.01, 0., 370.]
ck[0.00001, 0.01, 0., 371.]
ck[0.00001, 0.01, 0., 372.]
ck[0.00001, 0.01, 0., 373.]
ck[0.00001, 0.01, 0., 374.]
ck[0.00001, 0.01, 0., 375.]
ck[0.00001, 0.01, 0., 376.]
ck[0.00001, 0.01, 0., 377.]
ck[0.00001, 0.01, 0., 378.]
ck[0.00001, 0.01, 0., 379.]
ck[0.00001, 0.01, 0., 380.]
ck[0.00001, 0.01, 0., 381.]
ck[0.00001, 0.01, 0., 382.]
ck[0.00001, 0.01, 0., 383.]
ck[0.00001, 0.01, 0., 384.]
ck[0.00001, 0.01, 0., 385.]
ck[0.00001, 0.01, 0., 386.]
ck[0.00001, 0.01, 0., 387.]
ck[0.00001, 0.01, 0., 388.]
ck[0.00001, 0.01, 0., 389.]
ck[0.00001, 0.01, 0., 390.]
ck[0.00001, 0.01, 0., 391.]
ck[0.00001, 0.01, 0., 392.]
ck[0.00001, 0.01, 0., 393.]
ck[0.00001, 0.01, 0., 394.]
ck[0.00001, 0.01, 0., 395.]
ck[0.00001, 0.01, 0., 396.]
ck[0.00001, 0.01, 0., 397.]
ck[0.00001, 0.01, 0., 398.]
ck[0.00001, 0.01, 0., 399.]
ck[0.00001, 0.01, 0., 400.]
ck[0.00001, 0.01, 0., 401.]
ck[0.00001, 0.01, 0., 402.]
ck[0.00001, 0.01, 0., 403.]
ck[0.00001, 0.01, 0., 404.]
ck[0.00001, 0.01, 0., 405.]
ck[0.00001, 0.01, 0., 406.]
ck[0.00001, 0.01, 0., 407.]
ck[0.00001, 0.01, 0., 408.]
ck[0.00001, 0.01, 0., 409.]
ck[0.00001, 0.01, 0., 410.]
ck[0.00001, 0.01, 0., 411.]
ck[0.00001, 0.01, 0., 412.]
ck[0.00001, 0.01, 0., 413.]
ck[0.00001, 0.01, 0., 414.]
ck[0.00001, 0.01, 0., 415.]
ck[0.00001, 0.01, 0., 416.]
ck[0.00001, 0.01, 0., 417.]
ck[0.00001, 0.01, 0., 418.]
ck[0.00001, 0.01, 0., 419.]
ck[0.00001, 0.01, 0., 420.]
ck[0.00001, 0.01, 0., 421.]
ck[0.00001, 0.01, 0., 422.]
ck[0.00001, 0.01, 0., 423.]
ck[0.00001, 0.01, 0., 424.]
ck[0.00001, 0.01, 0., 425.]
ck[0.00001, 0.01, 0., 426.]
ck[0.00001, 0.01, 0., 427.]
ck[0.00001, 0.01, 0., 428.]
ck[0.00001, 0.01, 0., 429.]
ck[0.00001, 0.01, 0., 430.]
ck[0.00001, 0.01, 0., 431.]
ck[0.00001, 0.01, 0., 432.]
ck[0.00001, 0.01, 0., 433.]
ck[0.00001, 0.01, 0., 434.]
ck[0.00001, 0.01, 0., 435.]
ck[0.00001, 0.01, 0., 436.]
ck[0.00001, 0.01, 0., 437.]
ck[0.00001, 0.01, 0., 438.]
ck[0.00001, 0.01, 0., 439.]
ck[0.00001, 0.01, 0., 440.]
ck[0.00001, 0.01, 0., 441.]
ck[0.00001, 0.01, 0., 442.]
ck[0.00001, 0.01, 0., 443.]
ck[0.00001, 0.01, 0., 444.]
ck[0.00001, 0.01, 0., 445.]
ck[0.00001, 0.01, 0., 446.]
ck[0.00001, 0.01, 0., 447.]
ck[0.00001, 0.01, 0., 448.]
ck[0.00001, 0.01, 0., 449.]
ck[0.00001, 0.01, 0., 450.]
ck[0.00001, 0.01, 0., 451.]
ck[0.00001, 0.01, 0., 452.]
ck[0.00001, 0.01, 0., 453.]
ck[0.00001, 0.01, 0., 454.]
ck[0.00001, 0.01, 0., 455.]
ck[0.00001, 0.01, 0., 456.]
ck[0.00001, 0.01, 0., 457.]
ck[0.00001, 0.01, 0., 458.]
ck[0.00001, 0.01, 0., 459.]
ck[0.00001, 0.01, 0., 460.]
ck[0.00001, 0.01, 0., 461.]
ck[0.00001, 0.01, 0., 462.]
ck[0.00001, 0.01, 0., 463.]
ck[0.00001, 0.01, 0., 464.]
ck[0.00001, 0.01, 0., 465.]
ck[0.00001, 0.01, 0., 466.]
ck[0.00001, 0.01, 0., 467.]
ck[0.00001, 0.01, 0., 468.]
ck[0.00001, 0.01, 0., 469.]
ck[0.00001, 0.01, 0., 470.]
ck[0.00001, 0.01, 0., 471.]
ck[0.00001, 0.01, 0., 472.]
ck[0.00001, 0.01, 0., 473.]
ck[0.00001, 0.01, 0., 474.]
ck[0.00001, 0.01, 0., 475.]
ck[0.00001, 0.01, 0., 476.]
ck[0.00001, 0.01, 0., 477.]
ck[0.00001, 0.01, 0., 478.]
ck[0.00001, 0.01, 0., 479.]
ck[0.00001, 0.01, 0., 480.]
ck[0.00001, 0.01, 0., 481.]
ck[0.00001, 0.01, 0., 482.]
ck[0.00001, 0.01, 0., 483.]
ck[0.00001, 0.01, 0., 484.]
ck[0.00001, 0.01, 0., 485.]
ck[0.00001, 0.01, 0., 486.]
ck[0.00001, 0.01, 0., 487.]
ck[0.00001, 0.01, 0., 488.]
ck[0.00001, 0.01, 0., 489.]
ck[0.00001, 0.01, 0., 490.]
ck[0.00001, 0.01, 0., 491.]
ck[0.00001, 0.01, 0., 492.]
ck[0.00001, 0.01, 0., 493.]
ck[0.00001, 0.01, 0., 494.]
ck[0.00001, 0.01, 0., 495.]
ck[0.00001, 0.01, 0., 496.]
ck[0.00001, 0.01, 0., 497.]
ck[0.00001, 0.01, 0., 498.]
ck[0.00001, 0.01, 0., 499.]
ck[0.00001, 0.01, 0., 500.]
ck[0.00001, 0.01, 0., 501.]
ck[0.00001, 0.01, 0., 502.]
ck[0.00001, 0.01, 0., 503.]
ck[0.00001, 0.01, 0., 504.]
ck[0.00001, 0.01, 0., 505.]
ck[0.00001, 0.01, 0., 506.]
ck[0.00001, 0.01, 0., 507.]
ck[0.00001, 0.01, 0., 508.]
ck[0.00001, 0.01, 0., 509.]
ck[0.00001, 0.01, 0., 510.]
ck[0.00001, 0.01, 0., 511.]
ck[0.00001, 0.01, 0., 512.]
ck[0.00001, 0.01, 0., 513.]
ck[0.00001, 0.01, 0., 514.]
ck[0.00001, 0.01, 0., 515.]
ck[0.00001, 0.01, 0., 516.]
ck[0.00001, 0.01, 0., 517.]
ck[0.00001, 0.01, 0., 518.]
ck[0.00001, 0.01, 0., 519.]
ck[0.00001, 0.01, 0., 520.]
ck[0.00001, 0.01, 0., 521.]
ck[0.00001, 0.01, 0., 522.]
ck[0.00001, 0.01, 0., 523.]
ck[0.00001, 0.01, 0., 524.]
ck[0.00001, 0.01, 0., 525.]
ck[0.00001, 0.01, 0., 526.]
ck[0.00001, 0.01, 0., 527.]
ck[0.00001, 0.01, 0., 528.]
ck[0.00001, 0.01, 0., 529.]
ck[0.00001, 0.01, 0., 530.]
ck[0.00001, 0.01, 0., 531.]
ck[0.00001, 0.01, 0., 532.]
ck[0.00001, 0.01, 0., 533.]
ck[0.00001, 0.01, 0., 534.]
ck[0.00001, 0.01, 0., 535.]
ck[0.00001, 0.01, 0., 536.]
ck[0.00001, 0.01, 0., 537.]
ck[0.00001, 0.01, 0., 538.]
ck[0.00001, 0.01, 0., 539.]
ck[0.00001, 0.01, 0., 540.]
ck[0.00001, 0.01, 0., 541.]
ck[0.00001, 0.01, 0., 542.]
ck[0.00001, 0.01, 0., 543.]
ck[0.00001, 0.01, 0., 544.]
ck[0.00001, 0.01, 0., 545.]
ck[0.00001, 0.01, 0., 546.]
ck[0.00001, 0.01, 0., 547.]
ck[0.00001, 0.01, 0., 548.]
ck[0.00001, 0.01, 0., 549.]
ck[0.00001, 0.01, 0., 550.]
ck[0.00001, 0.01, 0., 551.]
ck[0.00001, 0.01, 0., 552.]
ck[0.00001, 0.01, 0., 553.]
ck[0.00001, 0.01, 0., 554.]
ck[0.00001, 0.01, 0., 555.]
ck[0.00001, 0.01, 0., 556.]
ck[0.00001, 0.01, 0., 557.]
ck[0.00001, 0.01, 0., 558.]
ck[0.00001, 0.01, 0., 559.]
ck[0.00001, 0.01, 0., 560.]
ck[0.00001, 0.01, 0., 561.]
ck[0.00001, 0.01, 0., 562.]
ck[0.00001, 0.01, 0., 563.]
ck[0.00001, 0.01, 0., 564.]
ck[0.00001, 0.01, 0., 565.]
ck[0.00001, 0.01, 0., 566.]
ck[0.00001, 0.01, 0., 567.]
ck[0.00001, 0.01, 0., 568.]
ck[0.00001, 0.01, 0., 569.]
ck[0.00001, 0.01, 0., 570.]
ck[0.00001, 0.01, 0., 571.]
ck[0.00001, 0.01, 0., 572.]
ck[0.00001, 0.01, 0., 573.]
ck[0.00001, 0.01, 0., 574.]
ck[0.00001, 0.01, 0., 575.]
ck[0.00001, 0.01, 0., 576.]
ck[0.00001, 0.01, 0., 577.]
ck[0.00001, 0.01, 0., 578.]
ck[0.00001, 0.01, 0., 579.]
ck[0.00001, 0.01, 0., 580.]
ck[0.00001, 0.01, 0., 581.]
ck[0.00001, 0.01, 0., 582.]
ck[0.00001, 0.01, 0., 583.]
ck[0.00001, 0.01, 0., 584.]
ck[0.00001, 0.01, 0., 585.]
ck[0.00001, 0.01, 0., 586.]
ck[0.00001, 0.01, 0., 587.]
ck[0.00001, 0.01, 0., 588.]
ck[0.00001, 0.01, 0., 589.]
ck[0.00001, 0.01, 0., 590.]
ck[0.00001, 0.01, 0., 591.]
ck[0.00001, 0.01, 0., 592.]
ck[0.00001, 0.01, 0., 593.]
ck[0.00001, 0.01, 0., 594.]
ck[0.00001, 0.01, 0., 595.]
ck[0.00001, 0.01, 0., 596.]
ck[0.00001, 0.01, 0., 597.]
ck[0.00001, 0.01, 0., 598.]
ck[0.00001, 0.01, 0., 599.]
ck[0.00001, 0.01, 0., 600.]
ck[0.00001, 0.01, 0., 601.]
ck[0.00001, 0.01, 0., 602.]
ck[0.00001, 0.01, 0., 603.]
ck[0.00001, 0.01, 0., 604.]
ck[0.00001, 0.01, 0., 605.]
ck[0.00001, 0.01, 0., 606.]
ck[0.00001, 0.01, 0., 607.]
ck[0.00001, 0.01, 0., 608.]
ck[0.00001, 0.01, 0., 609.]
ck[0.00001, 0.01, 0., 610.]
ck[0.00001, 0.01, 0., 611.]
ck[0.00001, 0.01, 0., 612.]
ck[0.00001, 0.01, 0., 613.]
ck[0.00001, 0.01, 0., 614.]
ck[0.00001, 0.01, 0., 615.]
ck[0.00001, 0.01, 0., 616.]
ck[0.00001, 0.01, 0., 617.]
ck[0.00001, 0.01, 0., 618.]
ck[0.00001, 0.01, 0., 619.]
ck[0.00001, 0.01, 0., 620.]
ck[0.00001, 0.01, 0., 621.]
ck[0.00001, 0.01, 0., 622.]
ck[0.00001, 0.01, 0., 623.]
ck[0.00001, 0.01, 0., 624.]
ck[0.00001, 0.01, 0., 625.]
ck[0.00001, 0.01, 0., 626.]
ck[0.00001, 0.01, 0., 627.]
ck[0.00001, 0.01, 0., 628.]
ck[0.00001, 0.01, 0., 629.]
ck[0.00001, 0.01, 0., 630.]
ck[0.00001, 0.01, 0., 631.]
ck[0.00001, 0.01, 0., 632.]
ck[0.00001, 0.01, 0., 633.]
ck[0.00001, 0.01, 0., 634.]
ck[0.00001, 0.01, 0., 635.]
ck[0.00001, 0.01, 0., 636.]
ck[0.00001, 0.01, 0., 637.]
ck[0.00001, 0.01, 0., 638.]
ck[0.00001, 0.01, 0., 639.]
ck[0.00001, 0.01, 0., 640.]
ck[0.00001, 0.01, 0., 641.]
ck[0.00001, 0.01, 0., 642.]
ck[0.00001, 0.01, 0., 643.]
ck[0.00001, 0.01, 0., 644.]
ck[0.00001, 0.01, 0., 645.]
ck[0.00001, 0.01, 0., 646.]
ck[0.00001, 0.01, 0., 647.]
ck[0.00001, 0.01, 0., 648.]
ck[0.00001, 0.01, 0., 649.]
ck[0.00001, 0.01, 0., 650.]
ck[0.00001, 0.01, 0., 651.]
ck[0.00001, 0.01, 0., 652.]
ck[0.00001, 0.01, 0., 653.]
ck[0.00001, 0.01, 0., 654.]
ck[0.00001, 0.01, 0., 655.]
ck[0.00001, 0.01, 0., 656.]
ck[0.00001, 0.01, 0., 657.]
ck[0.00001, 0.01, 0., 658.]
ck[0.00001, 0.01, 0., 659.]
ck[0.00001, 0.01, 0., 660.]
ck[0.00001, 0.01, 0., 661.]
ck[0.00001, 0.01, 0., 662.]
ck[0.00001, 0.01, 0., 663.]
ck[0.00001, 0.01, 0., 664.]
ck[0.00001, 0.01, 0., 665.]
ck[0.00001, 0.01, 0., 666.]
ck[0.00001, 0.01, 0., 667.]
ck[0.00001, 0.01, 0., 668.]
ck[0.00001, 0.01, 0., 669.]
ck[0.00001, 0.01, 0., 670.]
ck[0.00001, 0.01, 0., 671.]
ck[0.00001, 0.01, 0., 672.]
ck[0.00001, 0.01, 0., 673.]
ck[0.00001, 0.01, 0., 674.]
ck[0.00001, 0.01, 0., 675.]
ck[0.00001, 0.01, 0., 676.]
ck[0.00001, 0.01, 0., 677.]
ck[0.00001, 0.01, 0., 678.]
ck[0.00001, 0.01, 0., 679.]
ck[0.00001, 0.01, 0., 680.]
ck[0.00001, 0.01, 0., 681.]
ck[0.00001, 0.01, 0., 682.]
ck[0.00001, 0.01, 0., 683.]
ck[0.00001, 0.01, 0., 684.]
ck[0.00001, 0.01, 0., 685.]
ck[0.00001, 0.01, 0., 686.]
ck[0.00001, 0.01, 0., 687.]
ck[0.00001, 0.01, 0., 688.]
ck[0.00001, 0.01, 0., 689.]
ck[0.00001, 0.01, 0., 690.]
ck[0.00001, 0.01, 0., 691.]
ck[0.00001, 0.01, 0., 692.]
ck[0.00001, 0.01, 0., 693.]
ck[0.00001, 0.01, 0., 694.]
ck[0.00001, 0.01, 0., 695.]
ck[0.00001, 0.01, 0., 696.]
ck[0.00001, 0.01, 0., 697.]
ck[0.00001, 0.01, 0., 698.]
ck[0.00001, 0.01, 0., 699.]
ck[0.00001, 0.01, 0., 700.]
ck[0.00001, 0.01, 0., 701.]
ck[0.00001, 0.01, 0., 702.]
ck[0.00001, 0.01, 0., 703.]
ck[0.00001, 0.01, 0., 704.]
ck[0.00001, 0.01, 0., 705.]
ck[0.00001, 0.01, 0., 706.]
ck[0.00001, 0.01, 0., 707.]
ck[0.00001, 0.01, 0., 708.]
ck[0.00001, 0.01, 0., 709.]
ck[0.00001, 0.01, 0., 710.]
ck[0.00001, 0.01, 0., 711.]
ck[0.00001, 0.01, 0., 712.]
ck[0.00001, 0.01, 0., 713.]
ck[0.00001, 0.01, 0., 714.]
ck[0.00001, 0.01, 0., 715.]
ck[0.00001, 0.01, 0., 716.]
ck[0.00001, 0.01, 0., 717.]
ck[0.00001, 0.01, 0., 718.]
ck[0.00001, 0.01, 0., 719.]
ck[0.00001, 0.01, 0., 720.]
ck[0.00001, 0.01, 0., 721.]
ck[0.00001, 0.01, 0., 722.]
ck[0.00001, 0.01, 0., 723.]
ck[0.00001, 0.01, 0., 724.]
ck[0.00001, 0.01, 0., 725.]
ck[0.00001, 0.01, 0., 726.]
ck[0.00001, 0.01, 0., 727.]
ck[0.00001, 0.01, 0., 728.]
ck[0.00001, 0.01, 0., 729.]
ck[0.00001, 0.01, 0., 730.]
ck[0.00001, 0.01, 0., 731.]
ck[0.00001, 0.01, 0., 732.]
ck[0.00001, 0.01, 0., 733.]
ck[0.00001, 0.01, 0., 734.]
ck[0.00001, 0.01, 0., 735.]
ck[0.00001, 0.01, 0., 736.]
ck[0.00001, 0.01, 0., 737.]
ck[0.00001, 0.01, 0., 738.]
ck[0.00001, 0.01, 0., 739.]
ck[0.00001, 0.01, 0., 740.]
ck[0.00001, 0.01, 0., 741.]
ck[0.00001, 0.01, 0., 742.]
ck[0.00001, 0.01, 0., 743.]
ck[0.00001, 0.01, 0., 744.]
ck[0.00001, 0.01, 0., 745.]
ck[0.00001, 0.01, 0., 746.]
ck[0.00001, 0.01, 0., 747.]
ck[0.00001, 0.01, 0., 748.]
ck[0.00001, 0.01, 0., 749.]
ck[0.00001, 0.01, 0., 750.]
ck[0.00001, 0.01, 0., 751.]
ck[0.00001, 0.01, 0., 752.]
ck[0.00001, 0.01, 0., 753.]
ck[0.00001, 0.01, 0., 754.]
ck[0.00001, 0.01, 0., 755.]
ck[0.00001, 0.01, 0., 756.]
ck[0.00001, 0.01, 0., 757.]
ck[0.00001, 0.01, 0., 758.]
ck[0.00001, 0.01, 0., 759.]
ck[0.00001, 0.01, 0., 760.]
ck[0.00001, 0.01, 0., 761.]
ck[0.00001, 0.01, 0., 762.]
ck[0.00001, 0.01, 0., 763.]
ck[0.00001, 0.01, 0., 764.]
ck[0.00001, 0.01, 0., 765.]
ck[0.00001, 0.01, 0., 766.]
ck[0.00001, 0.01, 0., 767.]
ck[0.00001, 0.01, 0., 768.]
ck[0.00001, 0.01, 0., 769.]
ck[0.00001, 0.01, 0., 770.]
ck[0.00001, 0.01, 0., 771.]
ck[0.00001, 0.01, 0., 772.]
ck[0.00001, 0.01, 0., 773.]
ck[0.00001, 0.01, 0., 774.]
ck[0.00001, 0.01, 0., 775.]
ck[0.00001, 0.01, 0., 776.]
ck[0.00001, 0.01, 0., 777.]
ck[0.00001, 0.01, 0., 778.]
ck[0.00001, 0.01, 0., 779.]
ck[0.00001, 0.01, 0., 780.]
ck[0.00001, 0.01, 0., 781.]
ck[0.00001, 0.01, 0., 782.]
ck[0.00001, 0.01, 0., 783.]
ck[0.00001, 0.01, 0., 784.]
ck[0.00001, 0.01, 0., 785.]
ck[0.00001, 0.01, 0., 786.]
ck[0.00001, 0.01, 0., 787.]
ck[0.00001, 0.01, 0., 788.]
ck[0.00001, 0.01, 0., 789.]
ck[0.00001, 0.01, 0., 790.]
ck[0.00001, 0.01, 0., 791.]
ck[0.00001, 0.01, 0., 792.]
ck[0.00001, 0.01, 0., 793.]
ck[0.00001, 0.01, 0., 794.]
ck[0.00001, 0.01, 0., 795.]
ck[0.00001, 0.01, 0., 796.]
ck[0.00001, 0.01, 0., 797.]
ck[0.00001, 0.01, 0., 798.]
ck[0.00001, 0.01, 0., 799.]
ck[0.00001, 0.01, 0., 800.]
ck[0.00001, 0.01, 0., 801.]
ck[0.00001, 0.01, 0., 802.]
ck[0.00001, 0.01, 0., 803.]
ck[0.00001, 0.01, 0., 804.]
ck[0.00001, 0.01, 0., 805.]
ck[0.00001, 0.01, 0., 806.]
ck[0.00001, 0.01, 0., 807.]
ck[0.00001, 0.01, 0., 808.]
ck[0.00001, 0.01, 0., 809.]
ck[0.00001, 0.01, 0., 810.]
ck[0.00001, 0.01, 0., 811.]
ck[0.00001, 0.01, 0., 812.]
ck[0.00001, 0.01, 0., 813.]
ck[0.00001, 0.01, 0., 814.]
ck[0.00001, 0.01, 0., 815.]
ck[0.00001, 0.01, 0., 816.]
ck[0.00001, 0.01, 0., 817.]
ck[0.00001, 0.01, 0., 818.]
ck[0.00001, 0.01, 0., 819.]
ck[0.00001, 0.01, 0., 820.]
ck[0.00001, 0.01, 0., 821.]
ck[0.00001, 0.01, 0., 822.]
ck[0.00001, 0.01, 0., 823.]
ck[0.00001, 0.01, 0., 824.]
ck[0.00001, 0.01, 0., 825.]
ck[0.00001, 0.01, 0., 826.]
ck[0.00001, 0.01, 0., 827.]
ck[0.00001, 0.01, 0., 828.]
ck[0.00001, 0.01, 0., 829.]
ck[0.00001, 0.01, 0., 830.]
ck[0.00001, 0.01, 0., 831.]
ck[0.00001, 0.01, 0., 832.]
ck[0.00001, 0.01, 0., 833.]
ck[0.00001, 0.01, 0., 834.]
ck[0.00001, 0.01, 0., 835.]
ck[0.00001, 0.01, 0., 836.]
ck[0.00001, 0.01, 0., 837.]
ck[0.00001, 0.01, 0., 838.]
ck[0.00001, 0.01, 0., 839.]
ck[0.00001, 0.01, 0., 840.]
ck[0.00001, 0.01, 0., 841.]
ck[0.00001, 0.01, 0., 842.]
ck[0.00001, 0.01, 0., 843.]
ck[0.00001, 0.01, 0., 844.]
ck[0.00001, 0.01, 0., 845.]
ck[0.00001, 0.01, 0., 846.]
ck[0.00001, 0.01, 0., 847.]
ck[0.00001, 0.01, 0., 848.]
ck[0.00001, 0.01, 0., 849.]
ck[0.00001, 0.01, 0., 850.]
ck[0.00001, 0.01, 0., 851.]
ck[0.00001, 0.01, 0., 852.]
ck[0.00001, 0.01, 0., 853.]
ck[0.00001, 0.01, 0., 854.]
ck[0.00001, 0.01, 0., 855.]
ck[0.00001, 0.01, 0., 856.]
ck[0.00001, 0.01, 0., 857.]
ck[0.00001, 0.01, 0., 858.]
ck[0.00001, 0.01, 0., 859.]
ck[0.00001, 0.01, 0., 860.]
ck[0.00001, 0.01, 0., 861.]
ck[0.00001, 0.01, 0., 862.]
ck[0.00001, 0.01, 0., 863.]
ck[0.00001, 0.01, 0., 864.]
ck[0.00001, 0.01, 0., 865.]
ck[0.00001, 0.01, 0., 866.]
ck[0.00001, 0.01, 0., 867.]
ck[0.00001, 0.01, 0., 868.]
ck[0.00001, 0.01, 0., 869.]
ck[0.00001, 0.01, 0., 870.]
ck[0.00001, 0.01, 0., 871.]
ck[0.00001, 0.01, 0., 872.]
ck[0.00001, 0.01, 0., 873.]
ck[0.00001, 0.01, 0., 874.]
ck[0.00001, 0.01, 0., 875.]
ck[0.00001, 0.01, 0., 876.]
ck[0.00001, 0.01, 0., 877.]
ck[0.00001, 0.01, 0., 878.]
ck[0.00001, 0.01, 0., 879.]
ck[0.00001, 0.01, 0., 880.]
ck[0.00001, 0.01, 0., 881.]
ck[0.00001, 0.01, 0., 882.]
ck[0.00001, 0.01, 0., 883.]
ck[0.00001, 0.01, 0., 884.]
ck[0.00001, 0.01, 0., 885.]
ck[0.00001, 0.01, 0., 886.]
ck[0.00001, 0.01, 0., 887.]
ck[0.00001, 0.01, 0., 888.]
ck[0.00001, 0.01, 0., 889.]
ck[0.00001, 0.01, 0., 890.]
ck[0.00001, 0.01, 0., 891.]
ck[0.00001, 0.01, 0., 892.]
ck[0.00001, 0.01, 0., 893.]
ck[0.00001, 0.01, 0., 894.]
ck[0.00001, 0.01, 0., 895.]
ck[0.00001, 0.01, 0., 896.]
ck[0.00001, 0.01, 0., 897.]
ck[0.00001, 0.01, 0., 898.]
ck[0.00001, 0.01, 0., 899.]
ck[0.00001, 0.01, 0., 900.]
ck[0.00001, 0.01, 0., 901.]
ck[0.00001, 0.01, 0., 902.]
ck[0.00001, 0.01, 0., 903.]
ck[0.00001, 0.01, 0., 904.]
ck[0.00001, 0.01, 0., 905.]
ck[0.00001, 0.01, 0., 906.]
ck[0.00001, 0.01, 0., 907.]
ck[0.00001, 0.01, 0., 908.]
ck[0.00001, 0.01, 0., 909.]
ck[0.00001, 0.01, 0., 910.]
ck[0.00001, 0.01, 0., 911.]
ck[0.00001, 0.01, 0., 912.]
ck[0.00001, 0.01, 0., 913.]
ck[0.00001, 0.01, 0., 914.]
ck[0.00001, 0.01, 0., 915.]
ck[0.00001, 0.01, 0., 916.]
ck[0.00001, 0.01, 0., 917.]
ck[0.00001, 0.01, 0., 918.]
ck[0.00001, 0.01, 0., 919.]
ck[0.00001, 0.01, 0., 920.]
ck[0.00001, 0.01, 0., 921.]
ck[0.00001, 0.01, 0., 922.]
ck[0.00001, 0.01, 0., 923.]
ck[0.00001, 0.01, 0., 924.]
ck[0.00001, 0.01, 0., 925.]
ck[0.00001, 0.01, 0., 926.]
ck[0.00001, 0.01, 0., 927.]
ck[0.00001, 0.01, 0., 928.]
ck[0.00001, 0.01, 0., 929.]
ck[0.00001, 0.01, 0., 930.]
ck[0.00001, 0.01, 0., 931.]
ck[0.00001, 0.01, 0., 932.]
ck[0.00001, 0.01, 0., 933.]
ck[0.00001, 0.01, 0., 934.]
ck[0.00001, 0.01, 0., 935.]
ck[0.00001, 0.01, 0., 936.]
ck[0.00001, 0.01, 0., 937.]
ck[0.00001, 0.01, 0., 938.]
ck[0.00001, 0.01, 0., 939.]
ck[0.00001, 0.01, 0., 940.]
ck[0.00001, 0.01, 0., 941.]
ck[0.00001, 0.01, 0., 942.]
ck[0.00001, 0.01, 0., 943.]
ck[0.00001, 0.01, 0., 944.]
ck[0.00001, 0.01, 0., 945.]
ck[0.00001, 0.01, 0., 946.]
ck[0.00001, 0.01, 0., 947.]
ck[0.00001, 0.01, 0., 948.]
ck[0.00001, 0.01, 0., 949.]
ck[0.00001, 0.01, 0., 950.]
ck[0.00001, 0.01, 0., 951.]
ck[0.00001, 0.01, 0., 952.]
ck[0.00001, 0.01, 0., 953.]
ck[0.00001, 0.01, 0., 954.]
ck[0.00001, 0.01, 0., 955.]
ck[0.00001, 0.01, 0., 956.]
ck[0.00001, 0.01, 0., 957.]
ck[0.00001, 0.01, 0., 958.]
ck[0.00001, 0.01, 0., 959.]
ck[0.00001, 0.01, 0., 960.]
ck[0.00001, 0.01, 0., 961.]
ck[0.00001, 0.01, 0., 962.]
ck[0.00001, 0.01, 0., 963.]
ck[0.00001, 0.01, 0., 964.]
ck[0.00001, 0.01, 0., 965.]
ck[0.00001, 0.01, 0., 966.]
ck[0.00001, 0.01, 0., 967.]
ck[0.00001, 0.01, 0., 968.]
ck[0.00001, 0.01, 0., 969.]
ck[0.00001, 0.01, 0., 970.]
ck[0.00001, 0.01, 0., 971.]
ck[0.00001, 0.01, 0., 972.]
ck[0.00001, 0.01, 0., 973.]
ck[0.00001, 0.01, 0., 974.]
ck[0.00001, 0.01, 0., 975.]
ck[0.00001, 0.01, 0., 976.]
ck[0.00001, 0.01, 0., 977.]
ck[0.00001, 0.01, 0., 978.]
ck[0.00001, 0.01, 0., 979.]
ck[0.00001, 0.01, 0., 980.]
ck[0.00001, 0.01, 0., 981.]
ck[0.00001, 0.01, 0., 982.]
ck[0.00001, 0.01, 0., 983.]
ck[0.00001, 0.01, 0., 984.]
ck[0.00001, 0.01, 0., 985.]
ck[0.00001, 0.01, 0., 986.]
ck[0.00001, 0.01, 0., 987.]
ck[0.00001, 0.01, 0., 988.]
ck[0.00001, 0.01, 0., 989.]
ck[0.00001, 0.01, 0., 990.]
ck[0.00001, 0.01, 0., 991.]
ck[0.00001, 0.01, 0., 992.]
ck[0.00001, 0.01, 0., 993.]
ck[0.00001, 0.01, 0., 994.]
ck[0.00001, 0.01, 0., 995.]
ck[0.00001, 0.01, 0., 996.]
ck[0.00001, 0.01, 0., 997.]
ck[0.00001, 0.01, 0., 998.]
ck[0.00001, 0.01, 0., 999.]
ck[0.00001, 0.01, 0., 1000.]