c_k^s/C^s of alpha = 10^(-4), lambda=10^(-3), eta=0.001, k=1:1:800
0.9975098725029736
0.002481864115615607
8.232544948680494e-6
3.0720499197800024e-8
1.2227675710551208e-10
5.069720073623396e-13
2.161999600977619e-15
9.411958710673839e-18
4.162385410565662e-20
1.8637960782175655e-22
8.429820688100995e-25
3.844515486453091e-27
1.7655933693277606e-29
8.156740198981788e-32
3.7875951619829142e-34
1.7666257757704012e-36
8.272275603594254e-39
3.8869635079110846e-41
1.8320534311364527e-43
8.659050149820605e-46
4.1028840276342576e-48
1.9484709443040468e-50
9.272496316002143e-53
4.4210047630039885e-55
2.111542258966136e-57
1.0101220586032377e-59
4.839391108917616e-62
2.3216867060944804e-64
1.1152460474864759e-66
5.363575195077496e-69
2.582383703536574e-71
1.2446270411438818e-73
6.004570215892122e-76
2.89950275151424e-78
1.401331534499424e-80
6.778176336897004e-83
3.281103990366539e-85
1.5894410037229638e-87
7.704946553090111e-90
3.7374932407938467e-92
1.814106020269409e-94
8.810555514362689e-97
4.28144271334416e-99
2.0816699792214106e-101
1.0126467155305466e-103
4.928542583627267e-106
2.3998512179037894e-108
1.1690867248312782e-110
5.697674546577957e-113
2.777982013106759e-115
1.3549864037824659e-117
6.6116128578441e-120
3.2273086541862833e-122
1.5758983244297387e-124
7.69776795105118e-127
3.7613608463166744e-129
1.838500128008231e-131
8.989095470620586e-134
4.396402184965747e-136
2.1508176467115763e-138
1.0525200959646351e-140
5.1519769184610755e-143
2.522495453999609e-145
1.2353678334970933e-147
6.051572018169206e-150
2.9651243140012204e-152
1.4531729245484764e-154
7.123417952833834e-157
3.492637143819247e-159
1.7128120927573333e-161
8.401456734316577e-164
4.1217876480640087e-166
2.022555271710886e-168
9.92651199044971e-171
4.8727288397723186e-173
2.3923516465612182e-175
1.1747703276408982e-177
5.769712347392187e-180
2.8341754332077593e-182
1.3924155849409205e-184
6.841933866369636e-187
3.3624439489881073e-189
1.652607943547169e-191
0.
0.
0.
0.
0.
0.
0.
0.
0.
0.
0.
0.
0.
0.
0.
0.
0.
0.
0.
0.
0.
0.
0.
0.
0.
0.
0.
0.
0.
0.
0.
0.
0.
0.
0.
0.
0.
0.
0.
0.
0.
0.
0.
0.
0.
0.
0.
0.
0.
0.
0.
0.
0.
0.
0.
0.
0.
0.
0.
0.
0.
0.
0.
0.
0.
0.
0.
0.
0.
0.
0.
0.
0.
0.
0.
0.
0.
0.
0.
0.
0.
0.
0.
0.
0.
0.
0.
0.
0.
0.
0.
0.
0.
0.
0.
0.
0.
0.
0.
0.
0.
0.
0.
0.
0.
0.
0.
0.
0.
0.
0.
0.
0.
0.
0.
0.
0.
0.
0.
0.
0.
0.
0.
0.
0.
0.
0.
0.
0.
0.
0.
0.
0.
0.
0.
0.
0.
0.
0.
0.
0.
0.
0.
0.
0.
0.
0.
0.
0.
0.
0.
0.
0.
0.
0.
0.
0.
0.
0.
0.
0.
0.
0.
0.
0.
0.
0.
0.
0.
0.
0.
0.
0.
0.
0.
0.
0.
0.
0.
0.
0.
0.
0.
0.
0.
0.
0.
0.
0.
0.
0.
0.
0.
0.
0.
0.
0.
0.
0.
0.
0.
0.
0.
0.
0.
0.
0.
0.
0.
0.
0.
0.
0.
0.
0.
0.
0.
0.
0.
0.
0.
0.
0.
0.
0.
0.
0.
0.
0.
0.
0.
0.
0.
0.
0.
0.
0.
0.
0.
0.
0.
0.
0.
0.
0.
0.
0.
0.
0.
0.
0.
0.
0.
0.
0.
0.
0.
0.
0.
0.
0.
0.
0.
0.
0.
0.
0.
0.
0.
0.
0.
0.
0.
0.
0.
0.
0.
0.
0.
0.
0.
0.
0.
0.
0.
0.
0.
0.
0.
0.
0.
0.
0.
0.
0.
0.
0.
0.
0.
0.
0.
0.
0.
0.
0.
0.
0.
0.
0.
0.
0.
0.
0.
0.
0.
0.
0.
0.
0.
0.
0.
0.
0.
0.
0.
0.
0.
0.
0.
0.
0.
0.
0.
0.
0.
0.
0.
0.
0.
0.
0.
0.
0.
0.
0.
0.
0.
0.
0.
0.
0.
0.
0.
0.
0.
0.
0.
0.
0.
0.
0.
0.
0.
0.
0.
0.
0.
0.
0.
0.
0.
0.
0.
0.
0.
0.
0.
0.
0.
0.
0.
0.
0.
0.
0.
0.
0.
0.
0.
0.
0.
0.
0.
0.
0.
0.
0.
0.
0.
0.
0.
0.
0.
0.
0.
0.
0.
0.
0.
0.
0.
0.
0.
0.
0.
0.
0.
0.
0.
0.
0.
0.
0.
0.
0.
0.
0.
0.
0.
0.
0.
0.
0.
0.
0.
0.
0.
0.
0.
0.
0.
0.
0.
0.
0.
0.
0.
0.
0.
0.
0.
0.
0.
0.
0.
0.
0.
0.
0.
0.
0.
0.
0.
0.
0.
0.
0.
0.
0.
0.
0.
0.
0.
0.
0.
0.
0.
0.
0.
0.
0.
0.
0.
0.
0.
0.
0.
0.
0.
0.
0.
0.
0.
0.
0.
0.
0.
0.
0.
0.
0.
0.
0.
0.
0.
0.
0.
0.
0.
0.
0.
0.
0.
0.
0.
0.
0.
0.
0.
0.
0.
0.
0.
0.
0.
0.
0.
0.
0.
0.
0.
0.
0.
0.
0.
0.
0.
0.
0.
0.
0.
0.
0.
0.
0.
0.
0.
0.
0.
0.
0.
0.
0.
0.
0.
0.
0.
0.
0.
0.
0.
0.
0.
0.
0.
0.
0.
0.
0.
0.
0.
0.
0.
0.
0.
0.
0.
0.
0.
0.
0.
0.
0.
0.
0.
0.
0.
0.
0.
0.
0.
0.
0.
0.
0.
0.
0.
0.
0.
0.
0.
0.
0.
0.
0.
0.
0.
0.
0.
0.
0.
0.
0.
0.
0.
0.
0.
0.
0.
0.
0.
0.
0.
0.
0.
0.
0.
0.
0.
0.
0.
0.
0.
0.
0.
0.
0.
0.
0.
0.
0.
0.
0.
0.
0.
0.
0.
0.
0.
0.
0.
0.
0.
0.
0.
0.
0.
0.
0.
0.
0.
0.
0.
0.
0.
0.
0.
0.
0.
0.
0.
0.
0.
0.
0.
0.
0.
0.
0.
0.
0.
0.
0.
0.
0.
0.
0.
0.
0.
0.
0.
0.
0.
0.
0.
0.
0.
0.
0.
0.
0.
0.
0.
0.
0.
0.
0.
0.
0.
0.
0.
0.
0.
0.
0.
0.
0.