c_k^s/C^s for q=2 of alpha=0.5*10^(-4), lambda=10^(-3), eta=0.001, w=0
0.9972602254957263
0.002730682507144643
9.058060702727176e-6
3.3801325724790986e-8
1.3454026426719907e-10
5.578205605308754e-13
2.3788545297490112e-15
1.0356040399693409e-17
4.579913200206373e-20
2.0507579483150744e-22
9.275454207411144e-25
4.230180439130584e-27
1.942707261057724e-29
8.974907327700709e-32
4.167414191491079e-34
1.9436636184134895e-36
9.099946836208906e-39
4.2745172058898176e-41
2.013414771708493e-43
9.504337288222614e-46
4.4931297978802726e-48
2.1253841108056568e-50
1.004883285251885e-52
4.742470717940127e-55
2.230577655267449e-57
1.0436874205408698e-59
4.848515757553605e-62
2.2317086859639844e-64
1.015679597300974e-66
4.5613615503144604e-69
2.017592201486391e-71
8.774644764276416e-74
3.746482218899873e-76
1.5683578047821656e-78
6.429994761786726e-81
2.5794015333120756e-83
1.0116817669176389e-85
3.877268050418878e-88
1.451319086415301e-90
5.303994869754421e-93
1.8920665548031526e-95
6.587007347093345e-98
2.2377570758334602e-100
7.418047319679194e-103
2.399477905416332e-105
7.573718156963873e-108
2.332891171875345e-110
7.013113948198783e-113
2.057807423880207e-115
5.8942526363949215e-118
1.6483166064063467e-120
4.500924906069423e-123
1.2002623454737152e-125
3.126293360333489e-128
7.954801998639094e-131
1.977619008597862e-133
4.8043768484639005e-136
1.1407223307807136e-138
2.6475116476861235e-141
6.00726228810685e-144
1.3327868564832325e-146
2.8917019942831866e-149
6.136447380450301e-152
1.2738301920857558e-154
2.5869968141895773e-157
5.140758412061177e-160
9.996795987952143e-163
1.9026128380766242e-165
3.544441501732593e-168
6.464025056950296e-171
1.1541554141366987e-173
2.017799429009324e-176
3.4545279685984815e-179
5.792142142842099e-182
9.5119694174769e-185
1.530106202666037e-187
2.4111819185074053e-190
3.7224704392837904e-193
5.630659455459704e-196
8.345379610067122e-199
1.2120544762125514e-201
1.7251070821361372e-204
2.406327975152654e-207
3.289756179012867e-210
4.408251342347789e-213
5.7900817031672696e-216
7.454852575245652e-219
9.409101120104921e-222
1.1642037289048694e-224
1.4122027809698714e-227
1.679446660678261e-230
1.9581623631554282e-233
2.2384901063217025e-236
2.5089657769774395e-239
2.757241933576475e-242
2.970992222574009e-245
3.1389110187490607e-248
3.2516973270322003e-251
3.3029046391684396e-254
3.2895491368406407e-257
3.212396671735694e-260
3.075890249745728e-263
2.887727543676496e-266
2.658144162321093e-269
2.398995242366063e-272
2.122749538224339e-275
1.8415137332262913e-278
1.566190808618794e-281
1.3058487121847808e-284
1.0673401033094895e-287
8.551772114537382e-291
6.716338187186301e-294
5.17023378252029e-297
3.900903780633049e-300
2.8845106096089927e-303
2.0902750584921832e-306
1.484327667958174e-309
1.032808700561464e-312
7.041099641834901e-316
4.702797787794452e-319
3.077017595601077e-322
1.972068710418051e-325
1.237915071876198e-328
7.610138007477547e-332
4.58121767670224e-335
2.700272049865655e-338
1.558193450790186e-341
8.801750501751559e-345
4.866251479027294e-348
2.632929265419435e-351
1.393931934559998e-354
7.220003691794602e-358
3.658133475397476e-361
1.812749115107126e-364
8.784124187724048e-368
4.161646058467787e-371
1.927336759895855e-374
8.723528418333407e-378
3.858171110724519e-381
1.666994897251532e-384
7.034856672970858e-388
2.898978090287117e-391
1.166270779057777e-394
4.579416039604846e-398
1.754541592815083e-401
6.557550171253381e-405
2.390122391071565e-408
8.493169111499812e-412
2.941407078084006e-415
9.92509303156929e-419
3.261819191346072e-422
1.043700252418137e-425
3.250271664431745e-429
9.84738717345795e-433
2.901355972909389e-436
8.30944417593604e-440
2.312260416307139e-443
6.248677397795677e-447
1.639109839866495e-450
4.171258251245965e-454
1.029255683726543e-457
2.461055806308864e-461
5.698914708647172e-465
1.277175109802259e-468
2.768182610308168e-472
5.798362535564372e-476
1.172851567376455e-479
2.289007184929032e-483
4.30659193780488e-487
7.80356925915351e-491
1.360468175533207e-494
2.27955837584024e-498
3.666721518655097e-502
5.654964793360464e-506
8.350731808052786e-510
1.179051490401411e-513
1.589179321342958e-517
2.041286050699653e-521
2.494119911436948e-525
2.892866102710106e-529
3.178074640179439e-533
3.298758336850538e-537
3.226232798524644e-541
2.96394347781628e-545
2.549061804377028e-549
2.044276806590071e-553
1.522038836842346e-557
1.04671677316527e-561
6.609744608243335e-566
3.806078083584319e-570
1.982055937929714e-574
9.2415793382711e-579
3.810527433567313e-583
1.367743366415058e-587
4.186597950612525e-592
1.062506926049914e-596
2.146339867845611e-601
3.235517055684558e-606
3.235383250837817e-611
1.60959513002227e-616
0.
0.
0.
0.
0.
0.
0.
0.
0.
0.
0.
0.
0.
0.
0.
0.
0.
0.
0.
0.
0.
0.
0.
0.
0.
0.
0.
0.
0.
0.
0.
0.
0.
0.
0.
0.
0.
0.
0.
0.
0.
0.
0.
0.
0.
0.
0.
0.
0.
0.
0.
0.
0.
0.
0.
0.
0.
0.
0.
0.
0.
0.
0.
0.
0.
0.
0.
0.
0.
0.
0.
0.
0.
0.
0.
0.
0.
0.
0.
0.
0.
0.
0.
0.
0.
0.
0.
0.
0.
0.
0.
0.
0.
0.
0.
0.
0.
0.
0.
0.