c_k^s/C^s for q=2 of alpha=0.5*10^(-4), lambda=10^(-3), eta=0.0001, w=0
0.9997250576875459
0.0002748506961764457
9.158193519808986e-8
3.432869434933005e-11
1.3725393164439605e-14
5.716313013704408e-18
2.4487155362063705e-21
1.0708118167950461e-24
4.7569176520623465e-28
2.1395958811827386e-31
9.720788335329316e-35
4.453219536526011e-38
2.054335515514966e-41
9.533282892919387e-45
4.44658849594911e-48
2.0831834171917814e-51
9.79688475628022e-55
4.6224521651107564e-58
2.1869714363377693e-61
1.0368993567796956e-64
4.923091876961592e-68
2.3385979037012267e-71
1.1101987634649488e-74
5.25988166193541e-78
2.482993617574797e-81
1.1657352799912411e-84
5.432265741731862e-88
2.507354238389312e-91
1.1439340569035742e-94
5.1483291252557894e-98
2.281389470962938e-101
9.937211450267574e-105
4.248269910680543e-108
1.7802547559514884e-111
7.304696054793997e-115
2.9321177913727153e-118
1.1505447160428354e-121
4.410802976306586e-125
1.6513158624736823e-128
6.035260609262479e-132
2.1528389731409008e-135
7.493892462428408e-139
2.545324251404378e-142
8.435317573631909e-146
2.7276245693672815e-149
8.606179115975601e-153
2.649776080412964e-156
7.961985672918412e-160
2.3350455748518413e-163
6.684756236041687e-167
1.8683198327019942e-170
5.098647568234614e-174
1.3588204214704812e-177
3.537034485198765e-181
8.99403409606088e-185
2.2344778668387656e-188
5.424655205450453e-192
1.2870951080649226e-195
2.9850988370260523e-199
6.768346228023098e-203
1.5005388152070883e-206
3.253242483505201e-210
6.8984644792607335e-214
1.4309219011890341e-217
2.903795285000443e-221
5.765805527628356e-225
1.1203495091234012e-228
2.130592727443682e-232
3.966000360108982e-236
7.227043281046317e-240
1.289355059228135e-243
2.252344954018158e-247
3.852942160931462e-251
6.454879855078167e-255
1.059163460395076e-258
1.7023789040426143e-262
2.680435413869587e-266
4.134719322032397e-270
6.249024298721216e-274
9.254139966703004e-278
1.3429134686218267e-281
1.909751404903815e-285
2.6616412302700753e-289
3.6357281244077093e-293
4.8677263678160585e-297
6.388160127243927e-301
8.217896549834192e-305
1.036333437056784e-308
1.281177839401304e-312
1.552765522257835e-316
1.845027218597401e-320
2.149376010857483e-324
2.454965727383163e-328
2.749229492321052e-332
3.018676722464624e-336
3.249886665416087e-340
3.430600872442346e-344
3.550792799823585e-348
3.603585561434638e-352
3.585901415720107e-356
3.498757926286987e-360
3.347171279464285e-364
3.139679501326393e-368
2.887548436229626e-372
2.603762909380731e-376
2.301928226039692e-380
1.995210137730676e-384
1.69542547932222e-388
1.412365047280085e-392
1.153391386782437e-396
9.2331417927627e-401
7.245113443366173e-405
5.572393947787605e-409
4.200641545226331e-413
3.103423513066194e-417
2.246935670139318e-421
1.594171569908636e-425
1.108263502127314e-429
7.548858702136881e-434
5.03749441653558e-438
3.293104623278473e-442
2.10869944611536e-446
1.322514391887976e-450
8.123044482159043e-455
4.885666322431356e-459
2.877178526768535e-463
1.658811058694816e-467
9.36182907244837e-472
5.171328924256944e-476
2.795520119086709e-480
1.478702056592258e-484
7.652301508539956e-489
3.873732396673447e-493
1.917887186900984e-497
9.28536516894129e-502
4.395220908852017e-506
2.033705678498507e-510
9.19681591853882e-515
4.063885900135563e-519
1.754320315204515e-523
7.396808464493181e-528
3.045428789820176e-532
1.224100875974972e-536
4.802220727157127e-541
1.838272094915832e-545
6.86438712027746e-550
2.499736415871001e-554
8.874781981958009e-559
3.070837359105202e-563
1.035261224417481e-567
3.399294916870779e-572
1.086721530750031e-576
3.381236831066154e-581
1.023505816495224e-585
3.01289237325007e-590
8.621201697321396e-595
2.396876937622606e-599
6.47157799780381e-604
1.696067654168708e-608
4.31236147323891e-613
1.063124812473154e-617
2.53977522778745e-622
5.875959035101936e-627
1.315678479465182e-631
2.849093661225532e-636
5.962521607043181e-641
1.204981025156075e-645
2.349615580688172e-650
4.416678939538102e-655
7.995908124279631e-660
1.39275665374187e-664
2.331577593026701e-669
3.747048669322145e-674
5.773690735363494e-679
8.518444680794692e-684
1.201657378024916e-688
1.618202476356948e-693
2.076709986047544e-698
2.535136207841883e-703
2.937813654060771e-708
3.224570736370599e-713
3.344030114735605e-718
3.267587346228389e-723
2.999253728183788e-728
2.577124527826705e-733
2.064935318608997e-738
1.536045787254395e-743
1.055405254216338e-748
6.658652549993011e-754
3.830812896411885e-759
1.993153254306361e-764
9.28501240992237e-770
3.825012503142193e-775
1.371714805715187e-780
4.194999152166445e-786
1.063686805232298e-791
2.146801284003672e-797
3.233317624417121e-803
3.230291409289877e-809
1.605624122279295e-815
0.
0.
0.
0.
0.
0.
0.
0.
0.
0.
0.
0.
0.
0.
0.
0.
0.
0.
0.
0.
0.
0.
0.
0.
0.
0.
0.
0.
0.
0.
0.
0.
0.
0.
0.
0.
0.
0.
0.
0.
0.
0.
0.
0.
0.
0.
0.
0.
0.
0.
0.
0.
0.
0.
0.
0.
0.
0.
0.
0.
0.
0.
0.
0.
0.
0.
0.
0.
0.
0.
0.
0.
0.
0.
0.
0.
0.
0.
0.
0.
0.
0.
0.
0.
0.
0.
0.
0.
0.
0.
0.
0.
0.
0.
0.
0.
0.
0.
0.
0.