c_k^s/C^s for q=2 of alpha=0.5*10^(-4), lambda=10^(-3), eta=0.000001, w=0
0.9999972495107734
2.7504800571259866e-6
9.16930450299858e-12
3.4387356084398286e-17
1.375565309510904e-22
5.731751380427312e-28
2.456544300303253e-33
1.074767042098751e-38
4.776851492786548e-44
2.149625377308092e-49
9.771189444144408e-55
4.4785246329285214e-60
2.0670317020814e-65
9.596947304339915e-71
4.478497656781519e-76
2.0991695288834057e-81
9.87693521498203e-87
4.662513303375658e-92
2.207002792851055e-97
1.0469025492187911e-102
4.972948818068895e-108
2.363376462585043e-113
1.122463917238495e-118
5.3202600103882985e-124
2.5125032102579602e-129
1.1800277240113778e-134
5.50072907774876e-140
2.539725555926007e-145
1.1590134685184987e-150
5.217409691868918e-156
2.3124617957170205e-161
1.0074242889932179e-166
4.307448460963259e-172
1.8052559057833614e-177
7.407934318077816e-183
2.9737579199353573e-188
1.1669409271603133e-193
4.473805759016213e-199
1.6749332966660018e-204
6.121612976876442e-210
2.1836303700082578e-215
7.600963175205377e-221
2.5816314944289578e-226
8.555380963578204e-232
2.7663459624620524e-237
8.727981147284371e-243
2.6871501843684868e-248
8.073866734780115e-254
2.3677249951793305e-259
6.777907923284634e-265
1.8942362760785134e-270
5.1690358113056556e-276
1.3774858488393403e-281
3.5853695738686706e-287
9.116283755138719e-293
2.2646820301322846e-298
5.49756615566919e-304
1.304293875159114e-309
3.024749558477684e-315
6.857702146059623e-321
1.520225912640102e-326
3.295654824549773e-332
6.987819566799393e-338
1.449334932795876e-343
2.940912117997374e-349
5.839006163301089e-355
1.134475337228859e-360
2.157268866039397e-366
4.015305807794155e-372
7.316246535989103e-378
1.305154050752975e-383
2.279741005817325e-389
3.899458089325713e-395
6.532221562112611e-401
1.071757513129518e-406
1.722465041367174e-412
2.711814777114257e-418
4.182741779190332e-424
6.321024072803642e-430
9.3599036447249e-436
1.358136143811188e-441
1.931220959943626e-447
2.691314102800044e-453
3.675918840995326e-459
4.921077658838098e-465
6.4575728142687e-471
8.306413725966407e-477
1.047397875438498e-482
1.294734759242608e-488
1.569048639980997e-494
1.864199437983435e-500
2.171505800733623e-506
2.480007347315174e-512
2.777009752912677e-518
3.048890560631374e-524
3.282103026128333e-530
3.464279296022437e-536
3.585309860952493e-542
3.638269077839322e-548
3.620069335734632e-554
3.531758181881561e-560
3.378418760427002e-566
3.168686689659785e-572
2.913947072451465e-578
2.627315204986917e-584
2.322527403544185e-590
2.012871276445359e-596
1.710268602934452e-602
1.424592994604871e-608
1.163265215567083e-614
9.31128689423544e-621
7.305728515011398e-627
5.618472510209865e-633
4.234968204655979e-639
3.128481806074793e-645
2.264859459321374e-651
1.606732901908932e-657
1.116888047402554e-663
7.606867844122261e-670
5.075713422657637e-676
3.317767622910961e-682
2.124286161973434e-688
1.33216071841362e-694
8.181499528440921e-701
4.920346912915581e-707
2.897320622256333e-713
1.670261527230638e-719
9.42553596955173e-726
5.206013445201951e-732
2.813996193021332e-738
1.488330237637441e-744
7.701377854744362e-751
3.898196166603541e-757
1.929811251253744e-763
9.34218478057427e-770
4.421685490846081e-776
2.045751622991412e-782
9.25038795887609e-789
4.087159608703591e-795
1.764195098145642e-801
7.437717977495909e-808
3.061973212157789e-814
1.230630685912521e-820
4.827366054318659e-827
1.84771711513141e-833
6.898982090675966e-840
2.512088988723198e-846
8.917765324429161e-853
3.085408676333812e-859
1.040071879055917e-865
3.414756717191851e-872
1.091557713662717e-878
3.395951837016403e-885
1.027859461821165e-891
3.02541199834416e-898
8.656178205811689e-905
2.406365476608621e-911
6.496560729692963e-918
1.702448325200774e-924
4.328160638823415e-931
1.066915214277569e-937
2.548580584189407e-944
5.895752903759003e-951
1.319981078025148e-957
2.858130637240267e-964
5.980847415342107e-971
1.208565985552976e-977
2.356374794714733e-984
4.428949986114796e-991
8.017336756144154e-998
1.396352130273735e-1004
2.337367262889114e-1011
3.755984460996271e-1018
5.786891421798745e-1025
8.537082581091664e-1032
1.204168288665165e-1038
1.621424529900849e-1045
2.080640620120082e-1052
2.539685030938489e-1059
2.942795891436577e-1066
3.229721948568611e-1073
3.349043067843743e-1080
3.272164134176965e-1087
3.003159506950987e-1094
2.580226967810257e-1101
2.06721795144573e-1108
1.537592607475929e-1115
1.056364199337828e-1122
6.664047349793777e-1130
3.833539612381731e-1137
1.994375810158067e-1144
9.28979392837196e-1152
3.826605877778732e-1159
1.372151236487984e-1166
4.195921059515674e-1174
1.063815899013209e-1181
2.146850590990699e-1189
3.233073745344036e-1197
3.229729923231348e-1205
1.605187057587915e-1213
0.
0.
0.
0.
0.
0.
0.
0.
0.
0.
0.
0.
0.
0.
0.
0.
0.
0.
0.
0.
0.
0.
0.
0.
0.
0.
0.
0.
0.
0.
0.
0.
0.
0.
0.
0.
0.
0.
0.
0.
0.
0.
0.
0.
0.
0.
0.
0.
0.
0.
0.
0.
0.
0.
0.
0.
0.
0.
0.
0.
0.
0.
0.
0.
0.
0.
0.
0.
0.
0.
0.
0.
0.
0.
0.
0.
0.
0.
0.
0.
0.
0.
0.
0.
0.
0.
0.
0.
0.
0.
0.
0.
0.
0.
0.
0.
0.
0.
0.
0.