error as a function of alpha_bar(10^(-4)), w(0,1,0.001), sigma(-3), eta=10^(-5)
0.780542393662
0.023702819621778823
0.023702815750107794
0.02370280929664757
0.023702800260403178
0.023702788639969472
0.023702774433543957
0.023702757638926313
0.0237027382535056
0.023702716274273315
0.02370269169781877
0.02370266452032617
0.023702634737575206
0.023702602344939157
0.023702567337386533
0.023702529709477622
0.023702489455362637
0.0237024465687867
0.023702401043077557
0.023702352871156154
0.023702302045525203
0.023702248558273888
0.023702192401075753
0.023702133565181405
0.023702072041424382
0.023702007820213283
0.023701940891534528
0.023701871244946455
0.02370179886957832
0.02370172375412826
0.023701645886861567
0.023701565255607217
0.02370148184775676
0.023701395650258906
0.0237013066496195
0.023701214831899305
0.023701120182706356
0.023701022687200073
0.023700922330079838
0.023700819095590825
0.023700712967513412
0.023700603929163802
0.023700491963387423
0.023700377052560975
0.023700259178580357
0.0237001383228667
0.023700014466352927
0.023699887589487236
0.02369975767222562
0.02369962469402897
0.0236994886338576
0.023699349470168912
0.023699207180911164
0.023699061743165904
0.023698913134426965
0.02369876133082597
0.023698606308223243
0.023698448041942995
0.023698286506771894
0.023698121676951775
0.023697953526176426
0.02369778202758245
0.02369760715374894
0.023697428876683593
0.023697247167827853
0.023697061998038536
0.023696873337593245
0.02369668115617474
0.023696485422871994
0.0236962861061675
0.023696083173935515
0.02369587659343009
0.0236956663312857
0.023695452353501574
0.023695234625441257
0.023695013111821366
0.023694787776706003
0.023694558583498677
0.02369432549493638
0.023694088473076337
0.023693847479296315
0.023693602474278555
0.023693353417453978
0.02369310026903844
0.023692842987158166
0.023692581529634375
0.023692315853551506
0.023692045915251276
0.0236917716703171
0.023691493073569502
0.023691210079056696
0.023690922640040024
0.02369063070898958
0.023690334237569253
0.02369003317662855
0.023689727476194872
0.023689417085456185
0.02368910195275477
0.023688782025577972
0.02368845725053964
0.023688127573376724
0.023687792938931154
0.023687453291141712
0.023687108573032748
0.02368675872669776
0.023686403693289296
0.023686043413008197
0.02368567782508669
0.023685306867777638
0.023684930478342588
0.023684548593033504
0.02368416114708369
0.02368376807469406
0.023683369309013196
0.02368296478212999
0.023682554424349314
0.023682138166816625
0.023681715937773764
0.02368128766490098
0.023680853274736496
0.02368041269266001
0.023679965842882008
0.023679512648423745
0.023679053031098237
0.023678586911498295
0.023678114208974747
0.023677634841620093
0.023677148726253115
0.023676655778396432
0.023676155912259435
0.023675649040722238
0.023675135075312066
0.023674613926186222
0.023674085502112984
0.02367354971044971
0.023673006457124144
0.023672455646610246
0.023671897181913617
0.023671330964541916
0.02367075689449224
0.0236701748702181
0.0236695847886169
0.0236689865450044
0.02366838003308744
0.023667765144943693
0.023667141770997917
0.023666509799999066
0.02366586911899173
0.02366521961329323
0.02366456116647101
0.023663893659542863
0.023663216973841366
0.0236625309868931
0.02366183557498502
0.023661130612513653
0.023660415971959513
0.023659691523865895
0.023658957136795274
0.023658212677315126
0.02365745800995852
0.02365669299719462
0.023655917499403715
0.023655131374842
0.02365433447960466
0.023653526667605503
0.023652707790534497
0.023651877697825424
0.02365103623662898
0.023650183251771838
0.02364931858572045
0.023648442078552087
0.023647553567918787
0.023646652889000693
0.023645739874479724
0.02364481435449831
0.02364387615662082
0.023642925105792283
0.023641961024306317
0.023640983731758172
0.023639993045003638
0.023638988778123225
0.023637970742377713
0.02363693874616181
0.02363589259496844
0.023634832091339448
0.023633757034819354
0.023632667221917873
0.023631562445096697
0.02363044249634015
0.02362930716197813
0.023628156225878154
0.023626989468639843
0.023625806667528546
0.02362460759643534
0.02362339202581841
0.023622159722661414
0.023620910450407328
0.023619643968908675
0.023618360034386606
0.023617058399353994
0.023615738812575376
0.023614401019002945
0.023613044759717552
0.02361166977207688
0.023610275788646856
0.023608862539150073
0.02360742974839644
0.02360597713722508
0.02360450442223645
0.023603011315736177
0.023601497525665444
0.02359996275552499
0.023598406704325902
0.023596829066510634
0.023595229531878682
0.02359360778552938
0.023591963507779874
0.023590296374097822
0.02358860605502457
0.023586892216099813
0.023585154517790433
0.023583392615408573
0.02358160616161839
0.023579794793447434
0.023577958158014747
0.023576095886650935
0.02357420760770428
0.023572292943881606
0.02357035151216999
0.02356838292373922
0.023566386783857914
0.023564362691810867
0.02356231024079305
0.02356022901782775
0.023558118603680726
0.023555978572744385
0.023553808492959183
0.02355160792571178
0.02354937642573275
0.0235471135409943
0.023544818812620792
0.02354249177476417
0.023540131954523823
0.02353773887181801
0.023535312039289626
0.02353285096219266
0.023530355138273965
0.023527824057677685
0.023525257202812302
0.023522654048242348
0.023520014060574662
0.02351733669833249
0.02351462141183822
0.023511867643089036
0.023509074825630496
0.023506242384435903
0.02350336973576262
0.023500456287057273
0.02349750143677773
0.02349450457429545
0.023491465079741935
0.02348838232387169
0.02348525566793738
0.023482084463533448
0.02347886805245975
0.023475605766575564
0.023472296927643348
0.023468940847202056
0.023465536826389598
0.023462084155811358
0.023458582115367284
0.023455029974108536
0.023451426990066613
0.023447772410099602
0.02344406546973142
0.0234403053929711
0.023436491392158098
0.02343262266779215
0.02342869840834401
0.023424717790096198
0.023420679976977603
0.023416584120339437
0.023412429358831074
0.023408214818163978
0.023403939610971165
0.02339960283657916
0.02339520358083662
0.023390740915923917
0.02338621390013547
0.02338162157771684
0.023376962978633068
0.02337223711836964
0.02336744299773958
0.02336257960267378
0.02335764590399592
0.023352640857211216
0.023347563402325657
0.02334241246355945
0.023337186949204492
0.023331885751329842
0.023326507745599096
0.02332105179104687
0.023315516729805537
0.02330990138691971
0.023304204570067048
0.023298425069350637
0.023292561657043447
0.023286613087344886
0.023280578096153377
0.023274455400766312
0.02326824369969365
0.023261941672355697
0.0232555479788349
0.023249061259636043
0.023242480135409284
0.02323580320668382
0.023229029053602565
0.02322215623564345
0.023215183291382585
0.02320810873816951
0.02320093107187237
0.02319364876662127
0.023186260274505505
0.0231787640252428
0.02317115842599596
0.023163441860978812
0.023155612691243162
0.02314766925434288
0.02313960986402465
0.023131432809997077
0.02312313635753681
0.02311471874727635
0.023106178194819964
0.023097512890528898
0.023088720999099574
0.023079800659341246
0.02307074998385367
0.023061567058659988
0.023052249942955457
0.023042796668737202
0.02303320524054064
0.023023473635066682
0.02301359980089213
0.02300358165814082
0.022993417098148658
0.022983103983181083
0.022972640146036977
0.022962023389764604
0.02295125148737226
0.022940322181430512
0.022929233183788086
0.02291798217519675
0.02290656680507509
0.022894984691098914
0.022883233418899515
0.02287131054171704
0.02285921358015979
0.0228469400217095
0.022834487320611517
0.02282185289737122
0.022809034138517245
0.022796028396265065
0.022782832988217233
0.022769445197007753
0.022755862270019318
0.022742081419036508
0.022728099819998057
0.02271391461263251
0.02269952290016817
0.022684921749072988
0.02267010818869899
0.022655079155064158
0.022639831770411498
0.022624362783203057
0.02260866912759892
0.02259274764323933
0.02257659513103568
0.022560208352909443
0.02254358403150423
0.022526718849916222
0.02250960945113656
0.02249225243935756
0.022474644377412416
0.022456781788115304
0.02243866115366663
0.022420278915437415
0.022401631473854607
0.022382715188147537
0.02236352637627257
0.02234406131467737
0.02232431623822095
0.022304287340060548
0.022283970771515192
0.022263362641929414
0.02224245901872099
0.022221255927141005
0.022199749350395617
0.022177935229515503
0.02215580946331683
0.022133367908532577
0.02211060637965595
0.022087520649203798
0.022064106447498993
0.02204035946308415
0.022016275342521565
0.021991849690692383
0.021967078070923265
0.021941956005173385
0.02191647897416853
0.02189064241768494
0.021864441734836315
0.021837872284220246
0.021810929384398228
0.02178360831417941
0.021755904312906187
0.021727812579748228
0.021699328279558318
0.021670446534355455
0.021641162430362043
0.021611471016698344
0.021581367306046234
0.021550846272576203
0.021519902862494465
0.02148853198105587
0.021456728501743235
0.021424487265029442
0.021391803079208245
0.021358670721438117
0.021325084938297163
0.021291040447162585
0.02125653193691057
0.021221554069200104
0.0211861014793727
0.02115016877780537
0.021113750550907997
0.02107684136268985
0.021039435755840448
0.021001528253195012
0.020963113359160047
0.020924185561282112
0.020884739331703026
0.02084476912885805
0.02080426939909673
0.020763234578572588
0.020721659094851914
0.020679537368962272
0.02063686381725169
0.020593632853339483
0.020549838890557184
0.020505476343593426
0.020460539631054347
0.02041502317769668
0.020368921416845594
0.020322228792632548
0.02027493976286033
0.02022704880131735
0.020178550400600574
0.02012943907476567
0.02007970936247261
0.020029355829436157
0.01997837307174082
0.019926755718754446
0.019874498436514742
0.019821595930789828
0.01976804295037016
0.01971383429056497
0.019658964796732806
0.019603429367638828
0.019547222959515446
0.019490340589281542
0.01943277733591072
0.01937452836318403
0.019315588871201744
0.01925595417720852
0.019195619657041318
0.019134580776449975
0.019072833090661906
0.019010372248687218
0.018947193997610128
0.01888329418757277
0.01881866877583417
0.01875331383195335
0.018687225542231005
0.018620400214535853
0.018552834283529808
0.01848452431521706
0.01841546701220379
0.01834565921874261
0.018275097925773854
0.018203780276356916
0.018131703570605156
0.018058865271448014
0.01798526300944125
0.017910894588460142
0.017835757991200994
0.017759851384331372
0.01768317312450316
0.017605721763196136
0.017527496052917837
0.017448494952364658
0.017368717632206515
0.017288163480430722
0.017206832108310692
0.017124723355562487
0.017041837296292973
0.01695817424429308
0.01687373475883126
0.01678851965004983
0.0167025299842682
0.016615767089867704
0.016528232562137455
0.016439928269288775
0.016350856357309422
0.01626101925506582
0.01617041968005956
0.016079060642831693
0.015986945452338114
0.01589407772080814
0.01580046136854805
0.015706100628478693
0.015611000050756213
0.01551516450738109
0.015418599196312268
0.015321309645555432
0.015223301717418777
0.015124581612283207
0.015025155872252224
0.014925031384382765
0.014824215384831602
0.014722715460989086
0.014620539555097326
0.014517695966671459
0.014414193355254087
0.014310040742501237
0.014205247514262989
0.014099823422701893
0.013993778571196724
0.013887123497096237
0.013779869010545811
0.013672026357453232
0.013563607138997376
0.013454623327939366
0.01334508726887417
0.013235011677564872
0.0131244096408946
0.013013294615178528
0.012901680425712337
0.012789581264831684
0.012677011690135317
0.012563986622409028
0.012450521343258771
0.012336631492106244
0.012222333063091614
0.012107642402160817
0.01199257620230858
0.011877151500394992
0.011761385672353379
0.011645296428496479
0.011528901808530305
0.011412220175777423
0.011295270211911903
0.011178070911017232
0.01106064157241605
0.010943001795125508
0.010825171469710938
0.010707170771954514
0.010589020154681779
0.010470740340144221
0.010352352311621184
0.01023387730490874
0.010115336800169447
0.00999675251203136
0.009878146380895786
0.009759540563032148
0.009640957421530844
0.009522419515066518
0.00940394958898673
0.009285570563750583
0.009167305525073789
0.009049177712617968
0.008931210509145028
0.008813427429274334
0.00869585210837853
0.00857850829028744
0.008461419816877133
0.008344610615378603
0.008228104686912659
0.008111926094489968
0.007996098950838438
0.007880647406958229
0.00776559563907429
0.007650967837118973
0.007536788192488263
0.007423080885723796
0.007309870074180538
0.007197179880565841
0.007085034379891428
0.006973457588082401
0.006862473449930065
0.006752105826804495
0.006642378485175947
0.0065333150848259115
0.006424939167237394
0.0063172741442260654
0.006210343286336501
0.006104169712058377
0.005998776376708827
0.005894186061483206
0.0057904213629873065
0.005687504683003693
0.005585458217875611
0.005484303948889485
0.00538406363254166
0.00528475879073066
0.005186410702005865
0.005089040392174089
0.004992668625782715
0.004897315897751468
0.004803002425122715
0.004709748139134538
0.004617572677870259
0.004526495378850168
0.00443653527212147
0.004347711073498485
0.004260041178426056
0.004173543655824375
0.004088236242284319
0.004004136336918476
0.003921260996065631
0.0038396269286579718
0.0037592504918377468
0.003680147686603526
0.003602334154359621
0.0035258251731491914
0.003450635654711404
0.003376780141473474
0.0033042728042061
0.003233127439616017
0.0031633574685546364
0.0030949759343598497
0.0030279955015866415
0.0029624284549295034
0.0028982866985726432
0.0028355817556504547
0.0027743247681540468
0.0027145264969942033
0.0026561973224109242
0.002599347244548763
0.002543985884347243
0.002490122484750434
0.0024377659119841485
0.0023869246571698514
0.002337606838178011
0.0022898202016828602
0.0022435721253570204
0.002198869620356103
0.0021557193340034156
0.002114127552583697
0.002074100196968922
0.002035642862728089
0.001998760749691257
0.001963458739211764
0.0019297413609370058
0.0018976128039814653
0.0018670769208729075
0.001838137231564305
0.001810796927591009
0.0017850588763982966
0.0017609256256830123
0.0017383994078981507
0.001717482144778746
0.0016981754519390122
0.0016804806437813904
0.001664398738073196
0.0016499304608800032
0.001637076251554341
0.001625836267552751
0.0016162103895092583
0.0016081982263023902
0.0016017991201453688
0.001597012151604438
0.0015938361447277872
0.0015922696724480774
0.0015923110613913008
0.0015939583972614973
0.0015972095300565278
0.0016020620790936396
0.0016085134383548691
0.0016165607816176243
0.001626201067611547
0.0016374310452546845
0.0016502472586900476
0.001664646052551347
0.0016806235769811556
0.0016981757928680881
0.0017172984766256898
0.001737987225705629
0.0017602374631865779
0.0017840444428661982
0.0018094032544783568
0.001836308828191338
0.0018647559398682705
0.0018947392156699445
0.0019262531369009378
0.001959292044875249
0.0019938501455230304
0.00202992151398336
0.002067500099604002
0.0021065797299222463
0.002147154115711233
0.0021892168551217294
0.00223276143828766
0.0022777812515385773
0.002324269581858562
0.002372219620994984
0.002421624469736373
0.002472477141795842
0.002524770568348663
0.002578497601680013
0.0026336510188897447
0.0026902235265273233
0.0027482077636616373
0.0028075963058438085
0.002868381669013004
0.0029305563126759892
0.0029941126436844575
0.0030590430198712028
0.003125339752908209
0.0031929951121964445
0.0032620013275438333
0.00333235059279048
0.003404035068786001
0.0034770468861315762
0.0035513781485028225
0.0036270209351688507
0.0037039673040086753
0.0037822092942699425
0.003861738928819242
0.003942548217325208
0.004024629157980003
0.004107973740720355
0.004192573948808886
0.00427842176165554
0.004365509156740629
0.004453828111882954
0.00454337060691069
0.004634128625986656
0.0047260941596697316
0.004819259206125635
0.0049136157732930195
0.005009155880894448
0.005105871560884483
0.005203754860722173
0.005302797843168472
0.005402992589048205
0.005504331197299411
0.005606805787902105
0.0057104085013621915
0.005815131501347276
0.005920966974759657
0.006027907133490194
0.0061359442151777115
0.006245070483905131
0.00635527823145555
0.006466559778290537
0.006578907473635471
0.006692313697278582
0.006806770859214131
0.006922271401334857
0.007038807796702941
0.007156372551872043
0.007274958205736495
0.007394557331311426
0.007515162535512548
0.007636766459744468
0.00775936178008965
0.007882941208255424
0.008007497491122176
0.008133023411900624
0.008259511789449496
0.008386955479225806
0.00851534737345736
0.008644680400328172
0.008774947526418778
0.008906141754118845
0.009038256123397946
0.009171283711601117
0.009305217633583919
0.00944005104135855
0.009575777124476662
0.009712389110427983
0.009849880263606005
0.009988243886348393
0.010127473318295808
0.01026756193665921
0.01040850315624312
0.010550290429066493
0.010692917244344938
0.01083637712909433
0.01098066364689823
0.011125770398882469
0.011271691022994478
0.011418419194309488
0.011565948624425977
0.01171427306155805
0.011863386290836258
0.01201328213390545
0.012163954448214774
0.012315397127875539
0.012467604102952771
0.012620569339020954
0.012774286838247257
0.012928750637540893
0.013083954809853384
0.013239893463520877
0.013396560741879036
0.0135539508230234
0.01371205792060306
0.013870876282345382
0.014030400191133404
0.014190623963858449
0.014351541951695818
0.01451314854022817
0.014675438149101874
0.014838405231078758
0.015002044273453873
0.015166349796562447
0.015331316354246737
0.015496938533127138
0.01566321095376913
0.015830128268756648
0.015997685163862595
0.016165876357378466
0.016334696600180325
0.01650414067543883
0.016674203398412368
0.01684487961595836
0.017016164207799226
0.01718805208452427
0.01736053818884225
0.017533617494561945
0.017707285006878022
0.01788153576230984
0.01805636482840478
0.018231767303476094
0.018407738316440367
0.018584273027712976
0.018761366626468726
0.01893901433441785
0.019117211401539148
0.019295953109522198
0.019475234768613976
0.01965505172000659
0.019835399333687682
0.020016273009763417
0.020197668178316308
0.020379580297080323
0.020562004854924636
0.02074493736831258
0.02092837338361533
0.02111230847501008
0.021296738246699348
0.02148165833025968
0.02166706438650207
0.02185295210394174
0.02203931719974694
0.022226155419218293
0.022413462535076648
0.022601234348576544
0.022789466688097646
0.022978155410042764
0.02316729639806366
0.02335688556278494
0.02354691884334103
0.023737392204392038
0.02392830163880963
0.02411964316556447
0.02431141283123512
0.02450360670806497
0.024696220895716582
0.024889251519564844
0.025082694731327876
0.025276546709761753
0.02547080365899569
0.02566546180865926
0.025860517415000246
0.02605596675984742
0.02625180615032113
0.026448031918785943
0.026644640424227862
0.026841628049696205
0.027038991203135708
0.027236726318629816
0.02743482985428953
0.027633298293549838
0.027832128144014034
0.028031315937978907
0.028230858232690403
0.02843075160903054
0.028630992672051204
0.02883157805179826
0.02903250440117629
0.029233768397610417
0.029435366742073223
0.02963729615930885
0.029839553397325486
0.030042135227794097
0.030245038445111207
0.03044825986772058
0.030651796336208043
0.030855644714570862
0.031059801890527882
0.031264264772391956
0.03146903029250256
0.03167409540574592
0.03187945708891382
0.0320851123409015
0.03229105818333425
0.032497291659459034
0.032703809834739694
0.032910609795871196
0.03311768865178967
0.03332504353255404
0.03353267159004934
0.03374056999776391
0.03394873594923547
0.03415716666070513
0.0343658593680007
0.034574811329208005
0.034784019821787256
0.03499348214501003
0.035203195617887324
0.0354131575809727
0.03562336539373521
0.03583381643676907
0.036044508110907494
0.036255437836616465
0.03646660305406126
0.03667800122368027
0.03688962982578045
0.037101486359571716
0.0373135683442767
0.037525873317734555
0.03773839883844581
0.037951142482671195
0.038164101845541865
0.03837727454307246
0.03859065820815771
0.03880425049310352
0.03901804906914166
0.03923205162509515
0.039446255869541764
0.03966065952824996
0.039875260345519234
0.040090056083383514
0.040305044523314466
0.04052022346246798
0.040735590717721766
0.04095114412217633
0.0411668815278049
0.04138280080325612
0.04159889983435945
0.04181517652516342
0.04203162879538195
0.04224825458371769
0.04246505184430366
0.04268201854892131
0.04289915268615728
0.0431164522603893
0.04333391529399708
0.04355153982425503
0.04376932390614169
0.04398726561064194
0.04420536302374586
0.04442361424974075
0.04464201740673664
0.04486057063008509
0.045079272070221714
0.0452981198940188
0.04551711228345252
0.04573624743554521
0.04595552356469657
0.04617493889776813
0.046394491679488364
0.046614180168072644
0.04683400263752745
0.0470539573767403
0.04727404268939921
0.04749425689439173
0.04771459832424254
0.04793506532701442
0.04815565626509342
0.0483763695156205
0.04859720346890662
0.04881815653118847
0.049039227121126724
0.049260413672894535
0.04948171463423555
0.04970312846613618
0.04992465364474651
0.05014628865813885