error as a function of alpha_bar(2*10^(-4)), w(0,1,0.001), sigma(-3), eta=10^(-5)
0.780542393662
0.02372129548707348
0.02372129491773421
0.023721293968795822
0.023721292640220982
0.023721290931958235
0.023721288843940643
0.023721286376085577
0.023721283528285633
0.023721280300426764
0.023721276692378217
0.02372127270399002
0.023721268335097828
0.023721263585525378
0.0237212584550757
0.023721252943541146
0.023721247050693263
0.02372124077629257
0.023721234120080734
0.023721227081786773
0.023721219661119772
0.023721211857777424
0.023721203671438085
0.02372119510176806
0.02372118614841441
0.023721176811010852
0.02372116708917472
0.023721156982506264
0.023721146490591816
0.023721135613000426
0.023721124349285888
0.023721112698986697
0.02372110066162378
0.023721088236703415
0.023721075423715734
0.023721062222134718
0.02372104863141791
0.02372103465100754
0.023721020280328683
0.023721005518791433
0.023720990365789556
0.023720974820699826
0.02372095888288347
0.0237209425516858
0.023720925826433984
0.02372090870644122
0.02372089119100316
0.023720873279398903
0.02372085497089167
0.023720836264727655
0.023720817160136652
0.023720797656332306
0.023720777752511437
0.023720757447853843
0.023720736741522534
0.023720715632665354
0.023720694120410574
0.023720672203872695
0.023720649882146637
0.02372062715431221
0.02372060401943131
0.02372058047654902
0.023720556524693348
0.02372053216287574
0.02372050739008926
0.023720482205310586
0.023720456607499028
0.023720430595595785
0.023720404168525836
0.023720377325195496
0.023720350064494654
0.02372032238529467
0.02372029428644952
0.023720265766795957
0.02372023682515125
0.023720207460318103
0.023720177671077727
0.023720147456195575
0.02372011681441826
0.02372008574447424
0.023720054245073247
0.023720022314909273
0.02371998995265405
0.023719957156964414
0.02371992392647643
0.023719890259809234
0.023719856155562213
0.023719821612316377
0.023719786628634366
0.023719751203059147
0.02371971533411493
0.023719679020308724
0.023719642260125042
0.02371960505203261
0.023719567394478357
0.023719529285891394
0.023719490724681415
0.023719451709237428
0.023719412237930105
0.02371937230911023
0.023719331921107926
0.02371929107223442
0.023719249760781193
0.02371920798501859
0.02371916574319838
0.023719123033551344
0.02371907985393225
0.023719036203178532
0.023718992079158247
0.02371894748001961
0.02371890240388873
0.023718856848872
0.02371881081305567
0.023718764294503043
0.023718717291257376
0.023718669801339652
0.023718621822751244
0.02371857335347036
0.02371852439145414
0.023718474934637815
0.023718424980935453
0.023718374528237895
0.023718323574415053
0.02371827211731442
0.02371822015476024
0.02371816768455568
0.02371811470448023
0.023718061212291672
0.02371800720572403
0.023717952682488948
0.023717897640274904
0.023717842076747132
0.023717785989547744
0.023717729376295
0.023717672234583983
0.023717614561986337
0.02371755635604831
0.023717497614293925
0.02371743833422286
0.023717378513309427
0.023717318149004695
0.023717257238734645
0.023717195779900394
0.023717133769878926
0.02371707120602163
0.023717008085654807
0.023716944406080416
0.023716880164573816
0.0237168153583846
0.023716749984738193
0.02371668404083356
0.023716617523842496
0.023716550430912368
0.023716482759162293
0.023716414505687154
0.023716345667553464
0.023716276241801493
0.023716206225444462
0.0237161356154685
0.023716064408833455
0.02371599260246969
0.023715920193281427
0.023715847178145153
0.023715773553421315
0.02371569931683592
0.023715624464752557
0.02371554899393364
0.023715472901113255
0.023715396182994734
0.02371531883625473
0.02371524085753842
0.023715162243462463
0.023715082990614828
0.023715003095551825
0.02371492255480015
0.023714841364856923
0.023714759522188815
0.023714677023230837
0.02371459386438842
0.02371451004203493
0.023714425552512915
0.023714340392133923
0.023714254557176663
0.023714168043889372
0.02371408084848657
0.02371399296715243
0.023713904396036885
0.02371381513125781
0.02371372516890063
0.023713634505016554
0.023713543135624383
0.02371345105670892
0.023713358264220576
0.023713264754077142
0.023713170522159738
0.023713075564317582
0.023712979876363453
0.02371288345407587
0.02371278629319728
0.02371268838943583
0.02371258973846346
0.023712490335915045
0.023712390177390665
0.02371228925845357
0.023712187574630283
0.02371208512140965
0.023711981894244824
0.02371187788854962
0.02371177309970182
0.023711667523040138
0.023711561153864993
0.02371145398743892
0.02371134601898557
0.023711237243688853
0.023711127656693733
0.023711017253105923
0.023710906027990884
0.023710793976373313
0.023710681093239185
0.02371056737353167
0.02371045281215435
0.023710337403968926
0.0237102211437957
0.02371010402641283
0.023709986046556962
0.023709867198921132
0.023709747478156403
0.02370962687887106
0.023709505395629497
0.02370938302232279
0.023709259754607914
0.023709135586358034
0.02370901051195955
0.023708884525753468
0.02370875762203755
0.02370862979506249
0.023708501039032027
0.023708371348105484
0.023708240716394817
0.0237081091379642
0.0237079766068318
0.02370784311696719
0.023707708662291833
0.02370757323667909
0.02370743683395448
0.023707299447892155
0.02370716107221916
0.023707021700611303
0.02370688132669505
0.023706739944045638
0.023706597546187817
0.023706454126594986
0.0237063096786888
0.023706164195838927
0.02370601767136306
0.02370587009852456
0.0237057214705363
0.023705571780554602
0.0237054210216829
0.023705269186971682
0.023705116269414742
0.023704962261951557
0.023704807157465493
0.023704650948784985
0.023704493628680944
0.023704335189868198
0.02370417562500305
0.023704014926686157
0.023703853087457996
0.02370369009980198
0.023703525956141745
0.023703360648841713
0.02370319417020699
0.023703026512481604
0.023702857667848597
0.02370268762843068
0.023702516386288515
0.02370234393342098
0.023702170261764136
0.023701995363189177
0.0237018192295072
0.02370164185246353
0.02370146322373759
0.023701283334946317
0.023701102177640574
0.023700919743303614
0.023700736023354322
0.023700551009143568
0.02370036469195449
0.023700177063003234
0.02369998811343812
0.02369979783433491
0.023699606216704108
0.02369941325148476
0.023699218929543145
0.023699023241678174
0.023698826178615132
0.023698627731006696
0.02369842788943463
0.023698226644404716
0.023698023985580054
0.023697819904775003
0.023697614391580267
0.023697407436204652
0.023697199028779516
0.023696989159359496
0.023696777817924123
0.023696564994371987
0.02369635067852541
0.023696134860126016
0.02369591752883709
0.02369569867424158
0.023695478285840347
0.023695256353053612
0.02369503286521988
0.023694807811594297
0.02369458118134833
0.023694352963570496
0.023694123147263282
0.02369389172134444
0.02369365867464718
0.02369342399591547
0.023693187673808083
0.023692949696893846
0.023692710053655277
0.02369246873248435
0.023692225721683568
0.023691981009462498
0.02369173458394311
0.023691486433152456
0.023691236545025494
0.0236909849074037
0.023690731508034923
0.02369047633457189
0.0236902193745716
0.023689960615492618
0.02368970004470032
0.023689437649457176
0.023689173416932798
0.02368890733419277
0.023688639388203713
0.023688369565832444
0.02368809785384321
0.023687824238896392
0.023687548707552464
0.023687271246263856
0.023686991841382284
0.023686710479147683
0.023686427145700704
0.023686141827068526
0.023685854509173373
0.023685565177828303
0.02368527381873609
0.02368498041748622
0.023684684959561463
0.023684387430329846
0.023684087815042804
0.02368378609884344
0.023683482266755814
0.02368317630368876
0.02368286819443523
0.023682557923670012
0.023682245475947505
0.023681930835704797
0.02368161398725874
0.023681294914800307
0.02368097360240508
0.02368065003401939
0.02368032419346727
0.023679996064448348
0.023679665630534894
0.023679332875172054
0.0236789977816767
0.023678660332367475
0.02367832051194584
0.023677978302553672
0.02367763368698466
0.02367728664789896
0.023676937167821988
0.02367658522914396
0.023676230814117374
0.023675873904860326
0.023675514483348405
0.023675152531420673
0.023674788030773563
0.023674420962961747
0.023674051309397242
0.023673679051349726
0.02367330416994008
0.023672926646145922
0.02367254646079564
0.02367216359456951
0.023671778027996363
0.023671389741457306
0.02367099871518023
0.023670604929237237
0.02367020836354875
0.02366980899787714
0.023669406811829812
0.02366900178485574
0.023668593896242984
0.023668183125118748
0.023667769450451476
0.023667352851042277
0.02366693330553045
0.02366651079238805
0.02366608529003837
0.023665656776267918
0.02366522522939573
0.023664790627099985
0.023664352947006553
0.023663912166563994
0.023663468263048174
0.023663021213559864
0.023662570995018724
0.023662117584165136
0.023661660957564425
0.023661201091591713
0.023660737962444462
0.02366027154613545
0.023659801818486384
0.023659328755134486
0.023658852331528302
0.02365837252292344
0.02365788930438544
0.023657402650784816
0.023656912536795867
0.023656418936897423
0.023655921825371573
0.02365542117629575
0.02365491696355089
0.023654409160812788
0.023653897741550974
0.02365338267903182
0.023652863946312403
0.02365234151623962
0.023651815361449738
0.02365128545436743
0.02365075176720071
0.02365021427194342
0.02364967294036919
0.0236491277440349
0.02364857865427565
0.0236480256385257
0.023647468681830385
0.023646907734431098
0.023646342779824355
0.023645773785082872
0.023645200720179685
0.02364462355484725
0.02364404225858613
0.023643456800662117
0.023642867150097842
0.023642273275673656
0.023641675145935126
0.023641072729170216
0.023640465993432964
0.023639854906520246
0.02363923943598099
0.02363861954910988
0.02363799521295054
0.023637366394286072
0.02363673305964136
0.023636095175284023
0.02363545270721571
0.023634805621172733
0.023634153882627625
0.0236334974567803
0.02363283630856369
0.02363217040263444
0.023631499703374085
0.023630824174887804
0.023630143781000708
0.02362945848525527
0.02362876825091349
0.023628073040942242
0.02362737281803049
0.02362666754456867
0.02362595718265961
0.023625241694107128
0.023624521040418876
0.023623795182801353
0.02362306408215756
0.023622327699090867
0.023621585993891612
0.02362083892654472
0.023620086456722037
0.023619328543779475
0.023618565146756684
0.023617796224374096
0.02361702173503389
0.023616241636807745
0.0236154558874457
0.023614664444362776
0.02361386726464705
0.023613064305049152
0.023612255521985866
0.023611440871529575
0.023610620309414715
0.02360979379102477
0.023608961271401063
0.023608122705230543
0.0236072780468494
0.023606427250236223
0.023605570269009626
0.023604707056428118
0.023603837565386577
0.023602961748409902
0.023602079557656298
0.023601190944907594
0.023600295861569937
0.023599394258670983
0.02359848608685832
0.023597571296392266
0.023596649837147703
0.023595721658604536
0.023594786709853783
0.023593844939583723
0.023592896296087372
0.023591940727253187
0.023590978180560402
0.02359000860308654
0.0235890319414855
0.023588048142001907
0.023587057150458793
0.023586058912262474
0.02358505337238521
0.02358404047537663
0.02358302016534936
0.023581992385982572
0.023580957080517915
0.023579914191749086
0.023578863662034
0.02357780543326866
0.023576739446906376
0.02357566564393481
0.02357458396489276
0.023573494349847828
0.023572396738398657
0.023571291069682296
0.023570177282352486
0.023569055314590182
0.023567925104092523
0.023566786588070817
0.023565639703247255
0.02356448438585341
0.02356332057162311
0.0235621481957854
0.023560967193072734
0.023559777497702654
0.0235585790433804
0.02355737176330038
0.02355615559012936
0.023554930456022163
0.02355369629258957
0.023552453030916187
0.023551200601556903
0.023549938934516314
0.02354866795926409
0.02354738760471105
0.02354609779922095
0.02354479847059796
0.023543489546081216
0.023542170952355047
0.023540842615521057
0.02353950446111386
0.023538156414085045
0.02353679839880289
0.023535430339049854
0.023534052158014258
0.023532663778286382
0.023531265121858762
0.023529856110116838
0.02352843666383065
0.023527006703158625
0.023525566147634635
0.02352411491617505
0.023522652927062418
0.023521180097943004
0.02351969634582486
0.023518201587075717
0.023516695737408378
0.02351517869142283
0.023513650424902593
0.02351211079020618
0.023510559720869895
0.02350899712927311
0.023507422927143026
0.023505837025508694
0.023504239334712802
0.02350262976439889
0.023501008223517215
0.023499374620306834
0.023497728862298194
0.023496070856306273
0.02349440050842692
0.023492717724025818
0.023491022407733105
0.023489314463448378
0.023487593794324066
0.023485860302758385
0.023484113890410892
0.023482354458159868
0.02348058190613011
0.023478796133676944
0.023476997039366013
0.023475184520996624
0.023473358475559817
0.023471518799265227
0.02346966538751203
0.02346779813490706
0.023465916935225813
0.023464021681437023
0.023462112265677303
0.023460188579256008
0.02345825051264669
0.02345629795547228
0.023454330796510898
0.02345234892367628
0.023450352224036946
0.023448340583770277
0.023446313888201
0.023444272021750433
0.02344221486796145
0.023440142309487953
0.02343805422806472
0.02343595050453591
0.023433831018825672
0.023431695649927153
0.02342954427591598
0.023427376773929982
0.023425193020164374
0.02342299288985833
0.023420776257304488
0.023418542995829295
0.02341629297779389
0.02341402607457191
0.02341174215655372
0.02340944109315131
0.023407122752766844
0.023404787002798983
0.02340243370963649
0.023400062738638955
0.02339767395415027
0.023395267219469825
0.02339284239686055
0.023390399347529837
0.02338793793162797
0.023385458008244195
0.023382959435395527
0.023380442070003844
0.023377905767920516
0.023375350383892414
0.023372775771565407
0.02337018178346782
0.023367568271017287
0.023364935084487705
0.023362282073031558
0.02335960908466369
0.023356915966222427
0.02335420256340059
0.02335146872073346
0.02334871428155176
0.023345939088025982
0.023343142981124918
0.02334032580061993
0.023337487385058624
0.023334627571784096
0.023331746196906464
0.023328843095302653
0.023325918100599474
0.023322971045181964
0.02332000176016327
0.023317010075393496
0.02331399581943359
0.02331095881956407
0.023307898901772744
0.023304815890727876
0.023301709609798167
0.023298579881016263
0.023295426525087752
0.023292249361380593
0.023289048207905064
0.023285822881309093
0.023282573196879437
0.02327929896851125
0.02327600000872443
0.023272676128635806
0.023269327137948777
0.02326595284496596
0.023262553056551276
0.023259127578135565
0.023255676213705244
0.023252198765792056
0.023248695035457588
0.023245164822306933
0.023241607924432944
0.02323802413846606
0.02323441325950495
0.023230775081147695
0.023227109395479888
0.023223415993029795
0.023219694662797594
0.02321594519222708
0.02321216736719638
0.02320836097201142
0.023204525789383597
0.023200661600456987
0.02319676818473855
0.02319284532013634
0.02318889278293793
0.02318491034779335
0.023180897787701885
0.023176854873997118
0.02317278137634677
0.023168677062774395
0.023164541699581084
0.023160375051370825
0.023156176881052384
0.02315194694981169
0.023147685017095597
0.023143390840615112
0.023139064176336023
0.02313470477844117
0.023130312399361787
0.023125886789730453
0.023121427698382734
0.023116934872360467
0.023112408056873215
0.02310784699533066
0.023103251429251924
0.023098621098357735
0.023093955740481027
0.02308925509158735
0.023084518885746193
0.02307974685515421
0.02307493873008579
0.023070094238919467
0.02306521310806867
0.023060295062054533
0.023055339823395443
0.023050347112692913
0.023045316648550647
0.023040248147600896
0.023035141324456183
0.02302999589176446
0.02302481156010032
0.02301958803806843
0.02301432503219084
0.023009022246935133
0.023003679384750383
0.02299829614595707
0.02299287222881703
0.022987407329483758
0.022981901142036732
0.022976353358371795
0.022970763668309864
0.022965131759482105
0.02295945731742054
0.02295374002500766
0.022947979564251784
0.022942175613720042
0.02293632785017818
0.0229304359481819
0.022924499580076616
0.022918518415973057
0.022912492123704366
0.022906420368914927
0.022900302814907944
0.022894139122767724
0.02288792895124576
0.02288167195680664
0.022875367793631755
0.022869016113537262
0.022862616566025083
0.02285616879825626
0.022849672455030983
0.022843127178758194
0.022836532609553636
0.022829888385012143
0.022823194140441903
0.02281644950870547
0.022809654120216134
0.02280280760300918
0.022795909582625312
0.022788959682185566
0.022781957522321126
0.022774902721238843
0.022767794894616108
0.022760633655623266
0.022753418615004507
0.022746149380895794
0.022738825558978812
0.022731446752340973
0.02272401256160947
0.022716522584749953
0.022708976417270703
0.022701373652014373
0.022693713879297254
0.022685996686837937
0.022678221659734602
0.022670388380499135
0.022662496428984043
0.022654545382449782
0.02264653481549021
0.02263846430010093
0.02263033340554684
0.02262214169850195
0.02261388874293094
0.02260557410010897
0.022597197328656747
0.022588757984468237
0.02258025562072513
0.022571689787943466
0.02256306003387817
0.022554365903582816
0.02254560693933912
0.022536782680725603
0.02252789266455905
0.0225189364248668
0.02250991349303091
0.02250082339747761
0.022491665664039248
0.02248243981564322
0.022473145372508142
0.022463781852028505
0.022454348768807437
0.022444845633065317
0.022435271957157867
0.022425627245488296
0.022415911001419046
0.022406122725528096
0.022396261915486434
0.022386328066213865
0.022376320669770106
0.02236623921534691
0.02235608318935217
0.02234585207534118
0.022335545354007478
0.022325162500914347
0.022314702995208484
0.022304166307167042
0.02229355190613442
0.022282859258513383
0.02227208782796855
0.022261237075193167
0.022250306458137158
0.0222392954317965
0.022228203448403067
0.022217029957281007
0.022205774404934684
0.022194436235013687
0.022183014888269147
0.022171509802720795
0.022159920413445795
0.022148246152722498
0.022136486449980636
0.022124640731827842
0.022112708422064954
0.02210068894163895
0.02208858170870306
0.02207638613855744
0.022064101643751974
0.022051727633998215
0.022039263516236623
0.022026708694623094
0.02201406257051147
0.02200132454248967
0.021988494006443086
0.0219755703554258
0.021962552979790835
0.021949441267157435
0.021936234602397298
0.021922932367750527
0.021909533942646043
0.02189603870390705
0.021882446025649285
0.021868755279371887
0.021854965833908977
0.021841077055358052
0.021827088307392776
0.021812998950945114
0.021798808344463655
0.02178451584366695
0.02177012080190247
0.021755622569896823
0.021741020495899523
0.02172631392560537
0.0217115022023189
0.02169658466684661
0.02168156065754853
0.021666429510397094
0.02165119055899002
0.02163584313451972
0.021620386565904735
0.021604820179720957
0.021589143300214497
0.021573355249437282
0.02155745534715459
0.02154144291093975
0.021525317256235337
0.021509077696230876
0.021492723542138676
0.021476254102965192
0.021459668685709754
0.02144296659533934
0.021426147134838407
0.021409209605276723
0.02139215330570297
0.021374977533371517
0.02135768158370953
0.021340264750223697
0.02132272632476094
0.021305065597378665
0.021287281856487796
0.0212693743888628
0.021251342479575722
0.0212331854122236
0.021214902468906584
0.021196492930163673
0.021177956075202894
0.02115929118178317
0.021140497526418243
0.021121574384225333
0.021102521029230638
0.021083336734134307
0.0210640207706808
0.021044572409378823
0.021024990919814066
0.021005275570592157
0.020985425629421656
0.02096544036318603
0.02094531903794858
0.020925060919012282
0.020904665271136443
0.02088413135209258
0.020863458441797184
0.020842645793378932
0.02082169266952252
0.020800598322206848
0.02077936202954868
0.020757983047470622
0.02073646063770479
0.02071479406187447
0.020692982581670932
0.02067102545882387
0.020648921955309346
0.020626671333210517
0.020604272855080815
0.020581725783769645
0.020559029382604725
0.020536182915560867
0.02051318564714143
0.020490036842737702
0.020466735768389144
0.020443281691082157
0.020419673878933054
0.02039591160094053
0.02037199412737862
0.020347920729747154
0.020323690680989038
0.020299303255414753
0.020274757728934664
0.020250053379043186
0.020225189485191124
0.02020016532832036
0.020174980191607465
0.020149633360269027
0.02012412412156211
0.02009845176504305
0.020072615582790266
0.020046614869133072
0.020020448921199415
0.01999411703872545
0.01996761852428126
0.01994095268335283
0.019914118824526972
0.01988711625960003
0.01985994430352804
0.01983260227477679
0.019805089495335944
0.01977740529087924
0.019749548990837737
0.019721519928375106
0.01969331744107552
0.01966494087032454
0.019636389562036546
0.01960766286643066
0.019578760138304688
0.019549680737198556
0.01952042402751163
0.019490989378465325
0.01946137616462496
0.019431583765585254
0.019401611566416777
0.019371458957752472
0.01934112533592643
0.01931061010299653
0.01927991266711902
0.019249032442511794
0.01921796884954617