error as a function of alpha_bar(2*10^(-4)), w(0,1,0.001), sigma(-4), eta=10^(-5)
0.780542393662
0.023737935144745148
0.023737935142639364
0.023737935139139483
0.023737935134230538
0.023737935127928215
0.023737935120216137
0.023737935111111195
0.023737935100600936
0.023737935088686934
0.02373793507537549
0.023737935060661654
0.02373793504454782
0.023737935027031486
0.023737935008113508
0.02373793498779294
0.02373793496607435
0.023737934942950876
0.02373793491842808
0.023737934892503348
0.023737934865178344
0.023737934836451417
0.023737934806320995
0.023737934774790883
0.023737934741858365
0.023737934707526054
0.02373793467179117
0.023737934634654206
0.0237379345961159
0.02373793455617604
0.023737934514836214
0.023737934472093658
0.023737934427948693
0.023737934382403195
0.02373793433545373
0.02373793428710532
0.023737934237353712
0.023737934186200932
0.023737934133645895
0.02373793407968934
0.023737934024331556
0.023737933967571727
0.02373793390940902
0.023737933849845533
0.02373793378887912
0.023737933726511878
0.023737933662740955
0.023737933597569386
0.023737933530995566
0.02373793346301959
0.023737933393641435
0.023737933322861154
0.02373793325067843
0.023737933177093915
0.023737933102106704
0.023737933025716685
0.023737932947925255
0.0237379328687313
0.023737932788134613
0.02373793270613556
0.023737932622733868
0.023737932537929902
0.023737932451723138
0.023737932364113302
0.02373793227510211
0.023737932184687168
0.023737932092869726
0.023737931999648493
0.023737931905026065
0.02373793180899932
0.02373793171157066
0.023737931612738485
0.02373793151250344
0.023737931410864964
0.02373793130782368
0.023737931203379033
0.023737931097531237
0.023737930990279706
0.023737930881625385
0.023737930771567394
0.023737930660106075
0.02373793054724107
0.02373793043297263
0.02373793031730045
0.02373793020022445
0.02373793008174468
0.02373792996186117
0.023737929840573564
0.023737929717882626
0.02373792959378723
0.023737929468288226
0.023737929341384214
0.023737929213076495
0.02373792908336463
0.023737928952248563
0.023737928819727847
0.023737928685802975
0.023737928550473224
0.023737928413739187
0.023737928275600326
0.023737928136056706
0.02373792799510828
0.023737927852754855
0.023737927708996964
0.02373792756383358
0.02373792741726526
0.02373792726929204
0.023737927119913703
0.02373792696912959
0.023737926816940223
0.02373792666334552
0.02373792650834537
0.023737926351939543
0.0237379261941279
0.023737926034910765
0.023737925874287708
0.02373792571225874
0.023737925548823764
0.02373792538398272
0.02373792521773511
0.023737925050081658
0.02373792488102186
0.02373792471055585
0.023737924538683026
0.023737924365403562
0.02373792419071731
0.02373792401462486
0.023737923837125148
0.0237379236582185
0.023737923477904946
0.02373792329618426
0.023737923113056284
0.023737922928521032
0.023737922742578552
0.023737922555228646
0.023737922366470966
0.023737922176305527
0.023737921984732645
0.023737921791751784
0.023737921597362915
0.023737921401565873
0.023737921204360947
0.02373792100574737
0.02373792080572579
0.023737920604295797
0.02373792040145696
0.023737920197209862
0.02373791999155384
0.023737919784489084
0.02373791957601496
0.023737919366132024
0.023737919154839866
0.023737918942138527
0.02373791872802788
0.02373791851250775
0.02373791829557798
0.02373791807723835
0.02373791785748907
0.023737917636329816
0.02373791741376064
0.02373791718978119
0.023737916964391644
0.023737916737591666
0.023737916509381198
0.023737916279759977
0.023737916048728415
0.023737915816285652
0.023737915582432045
0.023737915347167512
0.023737915110491812
0.02373791487240493
0.023737914632906316
0.023737914391996327
0.023737914149674782
0.02373791390594136
0.023737913660795994
0.023737913414238997
0.0237379131662696
0.023737912916887927
0.023737912666093784
0.02373791241388719
0.02373791216026817
0.02373791190523609
0.023737911648791292
0.023737911390933477
0.023737911131662556
0.02373791087097824
0.023737910608880575
0.0237379103453694
0.023737910080444603
0.023737909814105774
0.023737909546353204
0.023737909277186622
0.023737909006605766
0.023737908734610496
0.02373790846120089
0.02373790818637673
0.023737907910137915
0.023737907632483846
0.02373790735341508
0.023737907072930994
0.023737906791031573
0.0237379065077169
0.023737906222986476
0.023737905936840435
0.023737905649278433
0.023737905360300585
0.023737905069906414
0.02373790477809591
0.023737904484869097
0.02373790419022556
0.023737903894165416
0.02373790359668837
0.023737903297794346
0.023737902997483233
0.023737902695754452
0.023737902392608503
0.023737902088044778
0.023737901782063215
0.023737901474663748
0.02373790116584623
0.023737900855610432
0.023737900543956334
0.023737900230883555
0.02373789991639221
0.02373789960048185
0.023737899283152418
0.023737898964404022
0.02373789864423609
0.02373789832264865
0.023737897999641676
0.02373789767521484
0.023737897349368074
0.023737897022100985
0.02373789669341364
0.023737896363305963
0.023737896031777485
0.023737895698828324
0.023737895364458098
0.023737895028666637
0.023737894691454056
0.0237378943528199
0.023737894012764233
0.023737893671286554
0.023737893328387
0.02373789298406515
0.023737892638321247
0.023737892291154652
0.023737891942565294
0.023737891592553257
0.023737891241118053
0.023737890888259647
0.02373789053397811
0.023737890178272703
0.023737889821143825
0.023737889462590867
0.023737889102613964
0.02373788874121271
0.023737888378387056
0.02373788801413661
0.023737887648461495
0.023737887281361423
0.02373788691283615
0.02373788654288559
0.0237378861715093
0.023737885798707458
0.02373788542447948
0.023737885048825458
0.02373788467174524
0.023737884293238615
0.023737883913305117
0.02373788353194493
0.023737883149157597
0.023737882764943093
0.02373788237930117
0.023737881992231466
0.023737881603734103
0.023737881213808633
0.023737880822454975
0.023737880429673102
0.023737880035462434
0.02373787963982303
0.02373787924275453
0.023737878844256988
0.02373787844433001
0.02373787804297341
0.023737877640186936
0.023737877235970723
0.02373787683032408
0.023737876423247168
0.023737876014739548
0.023737875604801263
0.023737875193432012
0.0237378747806313
0.02373787436639939
0.023737873950735698
0.0237378735336403
0.02373787311511279
0.023737872695153043
0.023737872273760837
0.023737871850935996
0.023737871426678325
0.02373787100098732
0.023737870573863243
0.023737870145305512
0.023737869715314157
0.023737869283888876
0.023737868851029267
0.023737868416735308
0.02373786798100678
0.02373786754384349
0.02373786710524517
0.023737866665211615
0.023737866223742562
0.02373786578083773
0.023737865336497074
0.023737864890720183
0.023737864443507027
0.023737863994857198
0.02373786354477067
0.02373786309324708
0.02373786264028626
0.02373786218588788
0.02373786173005179
0.02373786127277784
0.023737860814065745
0.023737860353915105
0.023737859892326036
0.02373785942929798
0.02373785896483084
0.023737858498924375
0.023737858031578272
0.02373785756279267
0.023737857092566744
0.023737856620900683
0.02373785614779419
0.02373785567324683
0.023737855197258618
0.023737854719829216
0.023737854240958197
0.02373785376064564
0.023737853278891097
0.023737852795694573
0.023737852311055442
0.02373785182497379
0.02373785133744925
0.023737850848481436
0.023737850358070463
0.0237378498662156
0.02373784937291713
0.023737848878174362
0.02373784838198734
0.02373784788435557
0.023737847385279183
0.02373784688475749
0.023737846382790504
0.023737845879378015
0.023737845374519565
0.023737844868214952
0.023737844360464107
0.023737843851266486
0.023737843340621918
0.023737842828530406
0.023737842314991535
0.023737841800004936
0.023737841283570406
0.023737840765687756
0.023737840246356706
0.023737839725577015
0.023737839203348328
0.023737838679670397
0.023737838154543105
0.02373783762796617
0.023737837099938982
0.023737836570461707
0.023737836039533968
0.023737835507155407
0.023737834973325773
0.02373783443804484
0.023737833901312354
0.02373783336312802
0.023737832823491425
0.02373783228240249
0.02373783173986111
0.02373783119586657
0.023737830650418946
0.023737830103517793
0.02373782955516293
0.023737829005354066
0.023737828454090927
0.023737827901372927
0.023737827347200417
0.023737826791572717
0.023737826234489463
0.023737825675950668
0.023737825115955912
0.023737824554504995
0.023737823991597344
0.023737823427232824
0.02373782286141151
0.02373782229413265
0.02373782172539624
0.023737821155201688
0.023737820583549146
0.023737820010438088
0.023737819435868
0.02373781885983901
0.02373781828235072
0.02373781770340263
0.02373781712299461
0.02373781654112635
0.02373781595779756
0.023737815373008134
0.023737814786757225
0.023737814199045186
0.023737813609871223
0.023737813019235495
0.023737812427137395
0.023737811833576657
0.023737811238553095
0.023737810642066343
0.023737810044115945
0.023737809444701958
0.023737808843823822
0.023737808241481355
0.023737807637674125
0.023737807032402004
0.02373780642566454
0.023737805817461512
0.023737805207792548
0.023737804596657388
0.023737803984055676
0.0237378033699872
0.023737802754451524
0.023737802137448527
0.023737801518977687
0.02373780089903895
0.02373780027763171
0.02373779965475589
0.023737799030411004
0.023737798404596864
0.02373779777731316
0.023737797148559538
0.023737796518335668
0.02373779588664126
0.023737795253475868
0.023737794618839392
0.023737793982731358
0.02373779334515167
0.023737792706099672
0.023737792065575167
0.023737791423578014
0.02373779078010776
0.023737790135163854
0.02373778948874653
0.023737788840855086
0.02373778819148906
0.02373778754064836
0.02373778688833273
0.023737786234541564
0.023737785579274914
0.023737784922532087
0.02373778426431279
0.023737783604616973
0.023737782943444193
0.023737782280793984
0.0237377816166659
0.0237377809510602
0.023737780283975964
0.023737779615413047
0.023737778945371
0.023737778273849902
0.023737777600848796
0.02373777692636774
0.02373777625040644
0.023737775572964366
0.023737774894041316
0.023737774213636847
0.02373777353175054
0.02373777284838233
0.023737772163531633
0.023737771477198334
0.023737770789381704
0.023737770100081802
0.023737769409298164
0.023737768717030244
0.02373776802327797
0.02373776732804081
0.02373776663131854
0.023737765933110704
0.02373776523341697
0.023737764532236992
0.023737763829570588
0.023737763125417255
0.02373776241977652
0.023737761712648176
0.0237377610040319
0.023737760293927282
0.023737759582333994
0.023737758869251557
0.023737758154679878
0.02373775743861831
0.02373775672106662
0.0237377560020244
0.023737755281491513
0.023737754559467375
0.02373775383595158
0.023737753110943876
0.023737752384443915
0.023737751656451193
0.023737750926965562
0.023737750195986607
0.023737749463513712
0.0237377487295468
0.02373774799408539
0.023737747257129155
0.02373774651867751
0.023737745778730487
0.023737745037287476
0.02373774429434809
0.02373774354991189
0.023737742803978765
0.02373774205654818
0.023737741307619624
0.023737740557192848
0.02373773980526758
0.023737739051843367
0.02373773829691977
0.023737737540496434
0.023737736782573012
0.023737736023149145
0.023737735262224457
0.023737734499798453
0.023737733735870858
0.023737732970441138
0.023737732203509252
0.023737731435074547
0.02373773066513654
0.023737729893695058
0.023737729120749562
0.023737728346299898
0.02373772757034545
0.02373772679288607
0.02373772601392092
0.02373772523345004
0.023737724451472837
0.023737723667988965
0.023737722882998163
0.02373772209649984
0.0237377213084937
0.023737720518979242
0.023737719727956193
0.0237377189354241
0.023737718141382615
0.023737717345831313
0.02373771654876978
0.02373771575019747
0.023737714950114303
0.023737714148519638
0.023737713345413157
0.02373771254079441
0.02373771173466312
0.023737710927018815
0.023737710117860994
0.02373770930718926
0.02373770849500326
0.02373770768130275
0.023737706866087026
0.023737706049355847
0.023737705231108797
0.02373770441134545
0.02373770359006536
0.02373770276726811
0.023737701942953406
0.02373770111712078
0.023737700289769695
0.02373769946089978
0.023737698630510614
0.02373769779860205
0.02373769696517328
0.023737696130224174
0.02373769529375413
0.023737694455762834
0.023737693616249864
0.023737692775214692
0.023737691932656794
0.02373769108857617
0.023737690242972048
0.023737689395844152
0.02373768854719188
0.02373768769701504
0.023737686845313043
0.023737685992085596
0.02373768513733205
0.023737684281052204
0.02373768342324558
0.023737682563911663
0.023737681703050014
0.02373768084066028
0.023737679976742008
0.02373767911129474
0.023737678244318123
0.023737677375811516
0.023737676505774772
0.02373767563420717
0.02373767476110841
0.023737673886478197
0.023737673010315926
0.023737672132621096
0.023737671253393263
0.023737670372632164
0.02373766949033727
0.023737668606508156
0.02373766772114414
0.023737666834245243
0.023737665945810605
0.023737665055840025
0.02373766416433296
0.023737663271288817
0.023737662376707522
0.023737661480588302
0.023737660582930843
0.02373765968373463
0.023737658782999334
0.023737657880724322
0.02373765697690916
0.023737656071553596
0.02373765516465705
0.023737654256218866
0.023737653346238823
0.02373765243471662
0.02373765152165153
0.023737650607042995
0.02373764969089085
0.02373764877319448
0.023737647853953516
0.02373764693316743
0.023737646010835677
0.02373764508695784
0.023737644161533657
0.02373764323456242
0.02373764230604377
0.023737641375977107
0.02373764044436214
0.02373763951119828
0.02373763857648522
0.02373763764022229
0.023737636702409023
0.02373763576304521
0.023737634822130108
0.023737633879663402
0.023737632935644435
0.023737631990072908
0.023737631042948303
0.02373763009427014
0.02373762914403783
0.02373762819225111
0.023737627238909268
0.02373762628401204
0.023737625327558787
0.02373762436954921
0.02373762340998241
0.023737622448858495
0.02373762148617661
0.023737620521936297
0.02373761955613722
0.02373761858877865
0.023737617619860405
0.02373761664938176
0.023737615677342366
0.023737614703741444
0.023737613728578976
0.023737612751854095
0.023737611773566515
0.023737610793715717
0.023737609812301008
0.023737608829322254
0.02373760784477861
0.023737606858669633
0.02373760587099518
0.023737604881754287
0.023737603890946757
0.023737602898571943
0.02373760190462947
0.023737600909118736
0.02373759991203932
0.02373759891339051
0.02373759791317212
0.02373759691138339
0.023737595908024097
0.023737594903093275
0.023737593896590886
0.023737592888516224
0.023737591878868806
0.023737590867648112
0.02373758985485367
0.023737588840484842
0.023737587824541263
0.02373758680702222
0.023737585787927642
0.023737584767256452
0.023737583745008603
0.02373758272118324
0.023737581695780094
0.023737580668798535
0.02373757964023793
0.023737578610098058
0.02373757757837807
0.023737576545077792
0.02373757551019647
0.023737574473733494
0.023737573435688553
0.02373757239606115
0.023737571354850558
0.02373757031205637
0.023737569267678074
0.02373756822171511
0.02373756717416693
0.023737566125033062
0.02373756507431298
0.023737564022006132
0.023737562968111987
0.02373756191262994
0.023737560855559437
0.023737559796900162
0.02373755873665149
0.023737557674812903
0.023737556611383562
0.023737555546363417
0.02373755447975161
0.023737553411547815
0.023737552341751247
0.02373755127036151
0.023737550197378103
0.02373754912280034
0.02373754804662781
0.023737546968860046
0.023737545889496267
0.023737544808536046
0.02373754372597886
0.02373754264182398
0.023737541556071273
0.023737540468719863
0.023737539379769235
0.023737538289218936
0.023737537197068462
0.023737536103317004
0.02373753500796422
0.023737533911009596
0.023737532812452382
0.023737531712292193
0.023737530610528478
0.02373752950716056
0.023737528402187923
0.023737527295610118
0.02373752618742654
0.02373752507763645
0.02373752396623951
0.023737522853234896
0.023737521738622404
0.0237375206224014
0.023737519504571033
0.023737518385130985
0.023737517264080583
0.023737516141419498
0.023737515017146747
0.023737513891262253
0.02373751276376488
0.023737511634654516
0.023737510503930484
0.02373750937159221
0.023737508237638903
0.023737507102070267
0.023737505964885646
0.023737504826084495
0.023737503685666163
0.023737502543630207
0.023737501399975863
0.023737500254702646
0.023737499107809864
0.023737497959297242
0.023737496809163913
0.023737495657409517
0.023737494504033115
0.023737493349034636
0.02373749219241308
0.023737491034167932
0.023737489874298863
0.023737488712805014
0.02373748754968585
0.023737486384940804
0.02373748521856949
0.023737484050570898
0.02373748288094486
0.02373748170969054
0.023737480536807343
0.02373747936229487
0.023737478186152378
0.023737477008379186
0.023737475828975053
0.02373747464793886
0.02373747346527041
0.023737472280969025
0.02373747109503392
0.02373746990746491
0.023737468718260976
0.023737467527421677
0.02373746633494634
0.023737465140834517
0.023737463945085593
0.02373746274769872
0.023737461548673632
0.02373746034800944
0.02373745914570581
0.023737457941761794
0.02373745673617703
0.023737455528950898
0.023737454320082615
0.02373745310957171
0.023737451897417702
0.0237374506836197
0.023737449468177248
0.023737448251089654
0.02373744703235648
0.0237374458119769
0.02373744458995043
0.023737443366276284
0.023737442140954173
0.023737440913983096
0.023737439685362603
0.023737438455092116
0.023737437223171017
0.023737435989598692
0.023737434754374252
0.02373743351749763
0.023737432278967643
0.023737431038783754
0.02373742979694566
0.023737428553452438
0.02373742730830358
0.02373742606149832
0.023737424813036256
0.023737423562916814
0.02373742231113889
0.02373742105770233
0.023737419802606276
0.0237374185458501
0.02373741728743321
0.023737416027354984
0.02373741476561474
0.023737413502211917
0.023737412237145754
0.02373741097041573
0.023737409702021275
0.02373740843196146
0.023737407160235795
0.023737405886843744
0.023737404611784533
0.023737403335057656
0.023737402056662242
0.023737400776597764
0.023737399494863785
0.02373739821145927
0.023737396926383686
0.023737395639636564
0.023737394351217085
0.023737393061124674
0.02373739176935869
0.023737390475918337
0.023737389180803224
0.023737387884012424
0.023737386585545375
0.023737385285401584
0.023737383983580135
0.023737382680080618
0.023737381374902066
0.02373738006804403
0.023737378759505986
0.023737377449286886
0.02373737613738636
0.02373737482380369
0.023737373508538006
0.023737372191589105
0.023737370872955795
0.023737369552637676
0.02373736823063429
0.023737366906944633
0.023737365581567915
0.023737364254503766
0.023737362925751522
0.023737361595310535
0.023737360263179734
0.023737358929358767
0.023737357593847132
0.023737356256643777
0.02373735491774825
0.02373735357715979
0.02373735223487771
0.023737350890901537
0.023737349545230126
0.023737348197863124
0.02373734684879996
0.0237373454980398
0.023737344145581898
0.023737342791425538
0.023737341435570186
0.02373734007801514
0.023737338718759587
0.02373733735780299
0.023737335995144587
0.02373733463078362
0.02373733326471946
0.02373733189695152
0.023737330527478905
0.023737329156301123
0.0237373277834173
0.023737326408826677
0.023737325032528934
0.023737323654523086
0.023737322274808376
0.02373732089338447
0.023737319510250172
0.023737318125405155
0.023737316738848414
0.02373731535057956
0.02373731396059783
0.023737312568902214
0.023737311175492385
0.023737309780367404
0.023737308383526712
0.02373730698496956
0.02373730558469513
0.023737304182702677
0.02373730277899182
0.02373730137356157
0.02373729996641113
0.02373729855754012
0.02373729714694762
0.023737295734632936
0.023737294320595282
0.023737292904833944
0.02373729148734843
0.023737290068137806
0.023737288647201475
0.023737287224538495
0.02373728580014825
0.023737284374030426
0.023737282946183602
0.023737281516607485
0.023737280085301214
0.0237372786522641
0.02373727721749544
0.023737275780994552
0.023737274342760645
0.02373727290279299
0.023737271461090715
0.02373727001765333
0.023737268572480066
0.023737267125570085
0.023737265676922508
0.023737264226537064
0.023737262774412578
0.023737261320548427
0.023737259864944106
0.02373725840759848
0.023737256948511126
0.02373725548768118
0.023737254025107967
0.023737252560790657
0.023737251094728417
0.02373724962692089
0.023737248157366834
0.023737246686065805
0.023737245213017028
0.023737243738219706
0.023737242261673185
0.023737240783376468
0.023737239303329175
0.023737237821530324
0.023737236337978904
0.02373723485267468
0.02373723336561661
0.023737231876804
0.023737230386236284
0.023737228893912228
0.023737227399831435
0.023737225903993072
0.0237372244063964
0.023737222907040636
0.02373722140592495
0.023737219903048706
0.023737218398411152
0.023737216892011272
0.023737215383848577
0.02373721387392232
0.023737212362231464
0.023737210848775503
0.02373720933355347
0.023737207816564538
0.023737206297808507
0.023737204777283884