error as a function of alpha_bar(2*10^(-5)), w(0,1,0.001), sigma(-4), eta=10^(-5)
0.780542393662
0.023721299348551075
0.023721298779288292
0.023721297830477533
0.023721296502081244
0.023721294794048053
0.023721292706311008
0.023721290238787655
0.023721287391370447
0.023721284163945346
0.023721280556381622
0.023721276568529234
0.023721272200224235
0.023721267451290017
0.02372126232152967
0.02372125681073572
0.023721250918679583
0.023721244645121892
0.023721237989804425
0.02372123095245603
0.02372122353278591
0.02372121573049189
0.023721207545252185
0.023721198976733342
0.023721190024582325
0.023721180688432996
0.023721170967902588
0.023721160862591552
0.023721150372086105
0.023721139495955407
0.02372112823375345
0.023721116585018607
0.023721104549271975
0.02372109212601979
0.023721079314752192
0.023721066114943394
0.023721052526050987
0.023721038547517205
0.023721024178767033
0.02372100941921101
0.023720994268242528
0.023720978725238706
0.02372096278956093
0.023720946460554324
0.02372092973754636
0.023720912619850133
0.023720895106761484
0.02372087719755963
0.023720858891507744
0.02372084018785218
0.023720821085822786
0.023720801584633466
0.023720781683480914
0.023720761381545195
0.02372074067798918
0.02372071957196105
0.023720698062589207
0.023720676148987988
0.02372065383025271
0.023720631105462988
0.02372060797368104
0.023720584433952006
0.02372056048530409
0.023720536126748643
0.02372051135727907
0.023720486175872003
0.023720460581486958
0.02372043457306534
0.02372040814953195
0.023720381309793488
0.023720354052739992
0.023720326377242914
0.023720298282156143
0.02372026976631695
0.023720240828542415
0.02372021146763538
0.023720181682377557
0.023720151471534102
0.023720120833852117
0.02372008976805994
0.02372005827286755
0.023720026346969195
0.023719993989036743
0.023719961197727037
0.02371992797167644
0.0237198943095041
0.023719860209809616
0.02371982567117434
0.02371979069216073
0.02371975527131228
0.023719719407153294
0.023719683098190638
0.0237196463429095
0.02371960913977829
0.02371957148724451
0.02371953338373714
0.023719494827666342
0.023719455817421096
0.023719416351372397
0.023719376427871162
0.023719336045247577
0.02371929520181324
0.02371925389585983
0.023719212125657804
0.02371916988945915
0.02371912718549496
0.023719084011620005
0.023719040366672026
0.023718996248519385
0.02371895165531025
0.02371890658517132
0.023718861036208964
0.023718815006509582
0.023718768494136896
0.023718721497134214
0.0237186740135229
0.02371862604130447
0.023718577578457408
0.023718528622939064
0.023718479172684857
0.02371842922560917
0.023718378779603033
0.023718327832536596
0.02371827638225772
0.023718224426590724
0.023718171963339096
0.02371811899028259
0.023718065505179218
0.02371801150576333
0.02371795698974678
0.02371790195481829
0.023717846398643435
0.02371779031886446
0.023717733713100066
0.023717676578945517
0.023717618913972706
0.023717560715728205
0.023717501981736343
0.023717442709497043
0.023717382896484954
0.023717322540151367
0.023717261637922593
0.02371720018719998
0.023717138185360868
0.023717075629756938
0.023717012517714905
0.023716948846536846
0.023716884613498412
0.023716819815849874
0.023716754450816464
0.023716688515597828
0.023716622007365983
0.023716554923268476
0.02371648726042501
0.023716419015930627
0.023716350186852184
0.023716280770230497
0.023716210763078654
0.02371614016238346
0.02371606896510509
0.02371599716817432
0.02371592476849555
0.023715851762945654
0.02371577814788561
0.023715703921041515
0.023715629078777497
0.023715553617856364
0.02371547753501242
0.023715400826949416
0.023715323490344407
0.02371524552184304
0.02371516691806229
0.02371508767559042
0.02371500779098418
0.023714927260770825
0.023714846081447607
0.023714764249481678
0.023714681761308604
0.02371459861333405
0.02371451480193168
0.02371443032344477
0.023714345174185074
0.023714259350431834
0.023714172848433614
0.02371408566440541
0.023713997794531802
0.023713909234963085
0.023713819981817614
0.023713730031181397
0.023713639379105908
0.023713548021610468
0.02371345595468035
0.023713363174266287
0.023713269676286737
0.023713175456623166
0.023713080511125095
0.023712984835606094
0.023712888425844972
0.023712791277584647
0.023712693386533836
0.023712594748364752
0.023712495358713004
0.02371239521317901
0.02371229430732669
0.023712192636682936
0.023712090196736955
0.023711986982942586
0.023711882990714264
0.023711778215430128
0.02371167265242928
0.023711566297012904
0.023711459144444034
0.023711351189946765
0.0237112424287055
0.023711132855865794
0.023711022466533997
0.023710911255776023
0.02371079921861708
0.02371068635004373
0.023710572644999893
0.02371045809838951
0.02371034270507484
0.02371022645987686
0.02371010935757428
0.02370999139290419
0.02370987256056037
0.02370975285519454
0.023709632271415346
0.02370951080378804
0.023709388446204103
0.023709265194321264
0.02370914104201321
0.023709015983666874
0.023708890013624095
0.02370876312618321
0.023708635315595476
0.02370850657606529
0.023708376901752624
0.023708246286770075
0.023708114725182385
0.023707982211008612
0.02370784873821884
0.0237077143007352
0.023707578892431795
0.02370744250713467
0.023707305138618833
0.023707166780611893
0.02370702742679043
0.02370688707078156
0.023706745706161214
0.023706603326455068
0.023706459925136883
0.023706315495629217
0.02370617003130241
0.023706023525475024
0.023705875971411064
0.023705727362324076
0.023705577691371212
0.023705426951656595
0.02370527513623164
0.02370512223809074
0.023704968250174097
0.023704813165365983
0.023704656976495618
0.023704499676334596
0.023704341257598658
0.02370418171294481
0.023704021034974522
0.023703859216229212
0.02370369624919292
0.02370353212629023
0.023703366839886258
0.023703200382287085
0.02370303274573767
0.023702863922421654
0.023702693904462745
0.0237025226839224
0.02370235025280055
0.023702176603033875
0.02370200172649464
0.02370182561499466
0.023701648260280296
0.02370146965403179
0.023701289787867015
0.02370110865333773
0.023700926241928162
0.023700742545058003
0.023700557554079252
0.02370037126027572
0.02370018365486467
0.023699994728995474
0.023699804473744594
0.023699612880123778
0.02369941993907285
0.023699225641459088
0.023699029978082566
0.02369883293966941
0.023698634516873193
0.023698434700276952
0.023698233480387347
0.023698030846868497
0.023697826791535807
0.023697621303981023
0.02369741437441396
0.023697205992967218
0.02369699614969624
0.023696784834581753
0.0236965720375235
0.023696357748344738
0.023696141956788316
0.023695924652518584
0.02369570582511953
0.02369548546409329
0.0236952635588611
0.023695040098762544
0.023694815073053887
0.023694588470908103
0.023694360281414445
0.02369413049357677
0.023693899096314062
0.023693666078460584
0.023693431428761555
0.02369319513587694
0.02369295718837675
0.0236927175747448
0.02369247628337428
0.023692233302568904
0.023691988620539485
0.02369174222540928
0.023691494105206577
0.02369124424786765
0.023690992641235187
0.023690739273058398
0.023690484130991347
0.023690227202592215
0.0236899684753211
0.023689707936544433
0.023689445573526254
0.023689181373437406
0.02368891532334492
0.023688647410216708
0.02368837762092111
0.02368810594222364
0.023687832360786025
0.0236875568631703
0.023687279435830343
0.023687000065119028
0.023686718737278047
0.02368643543844928
0.023686150154661557
0.023685862871838537
0.02368557357579462
0.023685282252234176
0.02368498888674824
0.023684693464821056
0.023684395971822068
0.02368409639300459
0.02368379471351286
0.023683490918372782
0.023683184992494662
0.023682876920673064
0.023682566687584408
0.0236822542777846
0.023681939675712402
0.02368162286568627
0.02368130383189893
0.02368098255842763
0.02368065902922004
0.02368033322810231
0.02368000513877551
0.023679674744813747
0.023679342029663732
0.02367900697664413
0.023678669568075354
0.02367832978866075
0.023677987620543656
0.0236776430465198
0.023677296049250986
0.02367694661126452
0.023676594714952346
0.023676240342568967
0.02367588347623414
0.023675524097925414
0.02367516218948375
0.0236747977326073
0.0236744307088529
0.023674061099634228
0.023673688886223065
0.02367331404974212
0.02367293657117091
0.023672556431339895
0.023672173610931633
0.02367178809047651
0.02367139985035768
0.02367100887080524
0.023670615131893176
0.023670218613544142
0.023669819295522598
0.02366941715743775
0.023669012178740914
0.02366860433872227
0.02366819361651116
0.02366777999107795
0.023667363441226153
0.023666943945597162
0.023666521482665327
0.023666096030855958
0.023665667567957877
0.023665236072292522
0.02366480152154009
0.02366436389332883
0.02366392316510968
0.02366347931416054
0.023663032317584837
0.02366258215230437
0.02366212879506199
0.023661672222425312
0.023661212410771938
0.023660749336301645
0.023660282975029718
0.023659813302780282
0.02365934029519307
0.023658863927718935
0.023658384175616293
0.023657901013952792
0.023657414417601837
0.02365692436124006
0.023656430819348977
0.023655933766213312
0.023655433175912993
0.023654929022331638
0.023654421279147773
0.023653909919833356
0.023653394917657635
0.02365287624568048
0.023652353876751287
0.02365182778350921
0.023651297938381752
0.02365076431357936
0.023650226881099096
0.023649685612717165
0.023649140479993506
0.0236485914542659
0.023648038502971643
0.023647481611158785
0.023646920729071652
0.0236463558402099
0.02364578691164905
0.02364521391336535
0.02364463681509399
0.023644055586338694
0.023643470196368425
0.02364288061420875
0.023642286808643144
0.02364168874822033
0.023641086401231446
0.023640479735733723
0.023639868719527106
0.02363925332016377
0.023638633504941782
0.023638009240907826
0.023637380494848433
0.023636747233291747
0.023636109422508548
0.023635467028504255
0.023634820017018256
0.023634168353526618
0.023633512003232538
0.023632850931072598
0.023632185101706747
0.02363151447952015
0.02363083902862149
0.023630158712839508
0.023629473495719974
0.02362878334052877
0.02362808821023638
0.023627388067535355
0.023626682874819793
0.023625972594196284
0.023625257187472586
0.023624536616159677
0.02362381084146824
0.023623079824304873
0.023622343525276927
0.02362160190467872
0.02362085492249882
0.023620102538413113
0.023619344711781353
0.02361858140164748
0.023617812566735747
0.02361703816545234
0.023616258155873197
0.02361547249575231
0.023614681142508906
0.023613884053235168
0.02361308118468596
0.023612272493282238
0.023611457935100805
0.023610637465880217
0.023609811041008334
0.023608978615530917
0.02360814014413913
0.023607295581173637
0.023606444880617587
0.023605587996093896
0.023604724880865628
0.023603855487832278
0.023602979769523337
0.023602097678101397
0.023601209165353226
0.023600314182689524
0.02359941268114263
0.023598504611364715
0.02359758992362119
0.02359666856779152
0.023595740493360582
0.023594805649424174
0.023593863984675504
0.023592915447412478
0.023591959985528748
0.023590997546508365
0.02359002807743395
0.023589051524964627
0.023588067835350005
0.02358707695441829
0.02358607882758104
0.02358507339981576
0.023584060615677308
0.023583040419283618
0.023582012754319297
0.02358097756403142
0.02357993479121885
0.023578884378245176
0.02357782626701201
0.02357676039897795
0.02357568671513644
0.023574605156031946
0.023573515661737432
0.023572418171857523
0.023571312625534965
0.023570198961429305
0.023569077117727093
0.02356794703213159
0.023566808641860053
0.023565661883640506
0.0235645066937105
0.023563343007810024
0.023562170761174093
0.023560989888541235
0.023559800324135367
0.023558602001667702
0.023557394854339074
0.02355617881482256
0.023554953815279275
0.023553719787326274
0.02355247666205489
0.023551224370026214
0.023549962841251586
0.0235486920052071
0.02354741179081022
0.023546122126431392
0.023544822939881537
0.023543514158406564
0.023542195708697512
0.02354086751686298
0.023539529508444377
0.02353818160840021
0.02353682374110599
0.023535455830350962
0.023534077799330755
0.023532689570642834
0.0235312910662867
0.02352988220765531
0.023528462915525815
0.023527033110064134
0.023525592710811383
0.023524141636691635
0.023522679805994692
0.02352120713637459
0.023519723544847073
0.023518228947787247
0.023516723260915903
0.023515206378858122
0.023513678277353005
0.023512138808819295
0.023510587906783665
0.023509025483633757
0.023507451451104545
0.02350586572023336
0.023504268201371074
0.023502658804169387
0.02350103743758696
0.023499404009871033
0.023497758428560486
0.023496100600478853
0.023494430431730568
0.023492747827689644
0.023491052692994993
0.02348934493155502
0.02348762444653087
0.023485891140329406
0.0234841449146193
0.0234823856702876
0.02348061330746819
0.023478827725525557
0.023477028823034225
0.023475216497802962
0.023473390646832022
0.023471551166340247
0.023469697951736233
0.023467830897636457
0.023465949897825536
0.023464054845282186
0.02346214563215243
0.023460222149755405
0.023458284288574518
0.023456331938242432
0.023454364987547292
0.023452383324412733
0.023450386835917353
0.02344837540824867
0.02344634892674158
0.0234443072758278
0.023442250339060392
0.023440177999103584
0.023438090137702837
0.02343598663571266
0.023433867373067952
0.023431732228772467
0.023429581080912656
0.023427413806637046
0.023425230282152036
0.023423030382707575
0.02342081398260737
0.023418580955189
0.023416331172824822
0.02341406450689981
0.02341178082781558
0.023409480004995688
0.023407161906853664
0.023404826400799925
0.023402473353234737
0.02340010262952941
0.023397714094039842
0.02339530761007723
0.023392883039916452
0.023390440244777055
0.023387979084821358
0.023385499419150857
0.023383001105794894
0.02338048400168774
0.023377947962693196
0.023375392843570698
0.023372818497978783
0.023370224778458445
0.02336761153644011
0.0233649786222106
0.023362325884935406
0.02335965317264232
0.02335696033218284
0.02335424720926307
0.02335151364843155
0.023348759493032414
0.02334598458524971
0.023343188766065667
0.023340371875265394
0.02333753375141028
0.023334674231857287
0.023331793152730294
0.023328890348920377
0.023325965654068456
0.023323018900573804
0.023320049919563823
0.023317058540902963
0.02331404459316672
0.023311007903650115
0.02330794829835569
0.02330486560196641
0.023301759637865894
0.023298630228101722
0.023295477193394393
0.023292300353127304
0.023289099525325593
0.02328587452665285
0.023282625172411017
0.023279351276510842
0.02327605265148796
0.023272729108474857
0.02326938045719072
0.023266006505954142
0.02326260706164488
0.023259181929710108
0.023255730914152405
0.02325225381751982
0.023248750440890243
0.02324522058388549
0.023241664044614942
0.0232380806197258
0.02323447010433339
0.0232308322920529
0.023227166974986984
0.023223473943680975
0.023219752987152318
0.023216003892861953
0.023212226446705748
0.02320842043300715
0.02320458563449509
0.023200721832331378
0.023196828806041108
0.02319290633354998
0.023188954191163978
0.02318497215355099
0.023180959993728895
0.023176917483049578
0.023172844391199345
0.02316874048622024
0.023164605534432243
0.023160439300458142
0.02315624154722557
0.02315201203593976
0.023147750526066362
0.023143456775336087
0.023139130539733904
0.023134771573462224
0.023130379628971826
0.023125954456915176
0.023121495806147654
0.023117003423730874
0.023112477054894717
0.02310791644306885
0.023103321329792977
0.023098691454807953
0.02309402655596742
0.023089326369257594
0.023084590628768463
0.023079819066717775
0.023075011413400872
0.023070167397217484
0.023065286744602065
0.023060369180097223
0.02305541442624277
0.023050422203661755
0.02304539223097955
0.023040324224850126
0.023035217899908086
0.023030072968823374
0.023024889142192684
0.02301966612864299
0.0230144036347186
0.023009101364909714
0.023003759021687924
0.022998376305396535
0.02299295291432021
0.022987488544635233
0.022981982890444494
0.022976435643666783
0.022970846494146258
0.022965215129537656
0.022959541235396584
0.02295382449462907
0.02294806458926731
0.022942261197902162
0.02293641399732369
0.02293052266211142
0.0229245868646351
0.022918606275029802
0.022912580561153285
0.022906509388674303
0.022900392420920828
0.022894229319002125
0.02288801974169454
0.022881763345487482
0.022875459784587823
0.022869108710836816
0.02286270977376201
0.02285626262054956
0.022849766896025563
0.02284322224262456
0.02283662830048818
0.0228299847072372
0.022823291098205935
0.022816547106283024
0.02280975236190818
0.022802906493142767
0.022796009125554413
0.022789059882290418
0.022782058384008895
0.02277500424894334
0.0227678970927983
0.022760736528771048
0.022753522167632913
0.02274625361754711
0.022738930484222725
0.022731552370774583
0.02272411887785747
0.022716629603464777
0.02270908414313246
0.02270148208973102
0.022693823033604822
0.02268610656250031
0.02267833226154413
0.02267049971327613
0.022662608497577532
0.02265465819173689
0.022646648370376707
0.022638578605521383
0.02263044846646441
0.022622257519908633
0.02261400532984756
0.02260569145758549
0.02259731546177213
0.022588876898330792
0.022580375320472138
0.02257181027874168
0.022563181320923834
0.022554487992101583
0.022545729834586116
0.022536906387985767
0.022528017189147046
0.022519061772126998
0.022510039668337554
0.02250095040623496
0.02249179351168149
0.02248256850763479
0.022473274914343266
0.02246391224923202
0.022454480026934138
0.022444977757700543
0.022435404953917278
0.022425761120017842
0.022416045759395306
0.022406258372658215
0.022396398457508005
0.02238646550889522
0.022376459018910225
0.022366378476775514
0.022356223368929624
0.022345993178958853
0.0223356873875874
0.022325305470409382
0.0223148469066026
0.022304311166475
0.022293697719401828
0.022283006031816963
0.022272235567416053
0.0222613857869232
0.02225045614831929
0.022239446106631464
0.022228355114122553
0.02221718262014769
0.022205928071242415
0.022194590911087143
0.02218317058046414
0.022171666517424197
0.02216007815707527
0.022148404931726946
0.02213664627083975
0.022124801601052346
0.022112870346196387
0.02210085192724975
0.02208874576239656
0.022076551266967722
0.022064267853543935
0.02205189493186732
0.02203943190890914
0.022026878188855757
0.022014233173091747
0.02200149626023543
0.02198866684620252
0.021975744324077572
0.021962728084243714
0.02194961751435056
0.02193641199929976
0.021923110921361493
0.021909713659994477
0.02189621959205182
0.021882628091678905
0.021868938530404492
0.021855150277092172
0.021841262697868766
0.0218272751564371
0.02181318701375835
0.021798997628309856
0.021784706355839234
0.021770312549722427
0.02175581556071463
0.02174121473709357
0.021726509424582287
0.021711698966513312
0.02169678270372106
0.021681759974592863
0.021666630115129135
0.02165139245895429
0.021636046337288002
0.021620591079075678
0.021605026010919796
0.021589350457092704
0.02157356373967272
0.021557665178450917
0.02154165409102611
0.021525529792866475
0.021509291597186606
0.021492938815223767
0.021476470756008996
0.02145988672656573
0.02144318603188542
0.021426367974975744
0.02140943185693031
0.021392376976820636
0.02137520263192406
0.02135790811769005
0.021340492727647504
0.02132295575366505
0.02130529648582151
0.021287514212548982
0.021269608220642475
0.02125157779519436
0.021233422219821583
0.021215140776643767
0.02119673274621909
0.02117819740777409
0.021159534039086058
0.021140741916686565
0.02112182031571011
0.02110276851019991
0.02108358577287239
0.021064271375487862
0.02104482458857103
0.021025244681722087
0.02100553092356128
0.02098568258181114
0.02096569892336858
0.020945579214309725
0.020925322719950047
0.020904928705060423
0.020884396427426868
0.02086372516697038
0.020842914176832587
0.020821962719707657
0.020800870047579422
0.020779635438580503
0.020758258148637295
0.02073673743948888
0.020715072572764726
0.020693262810161865
0.020671307413414525
0.02064920564450344
0.02062695676551469
0.020604560039005095
0.020582014727825757
0.020559320095305693
0.020536475405420272
0.02051347992267287
0.020490332912453404
0.020467033640799746
0.0204435813746956
0.02041997538225377
0.020396214932468987
0.020372299295609762
0.02034822774317025
0.020323999548086415
0.02029961398466083
0.020275070328795566
0.02025036785797521
0.020225505851640218
0.020200483590721
0.020175300358381748
0.020149955439825805
0.020124448122295732
0.020098777695332748
0.020072943450998724
0.02004694468360574
0.020020780690263425
0.019994450770688302
0.01996795422743005
0.01994129036595298
0.019914458494821333
0.01988745792580761
0.01986028797384288
0.019832947957366717
0.019805437198341786
0.019777755022413395
0.019749900758983002
0.019721873741183345
0.019693673306566944
0.019665298796485944
0.019636749556820116
0.01960802493775313
0.01957912429404576
0.019550046985199517
0.019520792375574244
0.01949135983435062
0.019461748736051495
0.019431958460228296
0.019401988391906426
0.019371837921672613
0.019341506445813356
0.01931099336633715
0.01928029809135004
0.01924942003501774
0.019218358617658284