error as a function of alpha_bar(2*10^(-6)), w(0,1,0.001), sigma(-3), eta=10^(-5)
0.780542393662
0.021809535031554573
0.021377725354052354
0.02049866093909867
0.018891381065198647
0.016130346030733766
0.011837590322225266
0.006375528266184924
0.0017303715336726374
0.0008209583441717431
0.005130133567496103
0.013992876671066011
0.025902485240050364
0.039578113663287326
0.05417036814585253
0.06914590224797025
0.08418254539627783
0.0990937817681706
0.11377080589133606
0.1281425621568189
0.142154267792099
0.15576073697877169
0.16892755170731905
0.181633612698517
0.1938716446122777
0.20564620727507996
0.2169703286320204
0.22786201180366233
0.23834136012166543
0.24842858407040228
0.2581428774982364
0.2675020048136019
0.27652236572403394
0.28521929267838836
0.2936073831774845
0.3017007465496661
0.30951312060436326
0.31705787045283684
0.3243479120218154
0.33139561110063026
0.33821269744498084
0.3448102167664886
0.35119852565555426
0.35738732214256136
0.3633856983712507
0.3692022014154384
0.3748448912318978
0.38032138928230286
0.38563891560812474
0.3908043154089618
0.39582407802981273
0.40070435181635683
0.40545095784141105
0.4100694044219622
0.4145649032040604
0.4189423866177197
0.423206525961882
0.4273617492278905
0.4314122579088307
0.43536204232092324
0.4392148952773193
0.4429744242020156
0.4466440619235893
0.4502270764571832
0.4537265800486039
0.4571455377014231
0.4604867753029164
0.4637529874071487
0.4669467446544131
0.4700705008083858
0.47312659937268514
0.4761172797746326
0.4790446831190257
0.48191085753346713
0.48471776314175913
0.4874672766966582
0.4901611959231099
0.4928012435866627
0.49538907132844295
0.49792626327633455
0.5004143394482651
0.5028547589622713
0.5052489230587703
0.5075981779480806
0.5099038174921742
0.5121670857324222
0.5143891792705796
0.5165712495170001
0.5187144048145389
0.5208197124399834
0.5228882005011358
0.5249208597249201
0.5269186451514339
0.5288824777350839
0.5308132458565143
0.5327118067600413
0.5345789879083045
0.5364155882728243
0.5382223795509764
0.5400001073299705
0.5417494921836116
0.5434712307195857
0.5451659965731414
0.5468344413510163
0.5484771955272669
0.5500948692998684
0.5516880534000855
0.5532573198673698
0.5548032227442632
0.5563262989586114
0.5578270686489387
0.5593060361359985
0.560763690369501
0.5622005055395634
0.5636169416354644
0.5650134449754691
0.5663904487136497
0.5677483733261725
0.5690876270747917
0.5704086064503161
0.5717116965972726
0.5729972717201703
0.5742656954720309
0.5755173213278788
0.5767524929407936
0.5779715444845616
0.5791748009814685
0.5803625786168254
0.5815351850404831
0.5826929196566331
0.5838360739009293
0.5849649315065608
0.5860797687612905
0.5871808547510958
0.5882684515970669
0.5893428146823406
0.5904041928681177
0.5914528287036053
0.5924889586281679
0.5935128131631545
0.5945246170981122
0.5955245896710246
0.5965129447394938
0.5974898909463424
0.5984556318809352
0.599410366230228
0.6003542879296401
0.6012875863036302
0.6022104462055935
0.6031230481474632
0.6040255684301179
0.6049181792659178
0.6058010488969278
0.6066743417111942
0.6075382183524325
0.6083928358272472
0.6092383476097064
0.6100749037385621
0.6109026509160109
0.6117217325999312
0.6125322890937741
0.6133344576334634
0.6141283724723645
0.6149141649607982
0.6156919636272065
0.6164618942521014
0.6172240799428452
0.6179786412046886
0.6187256960090096
0.6194653598614276
0.6201977458653037
0.6209229647853762
0.6216411251072899
0.6223523330970735
0.6230566928582855
0.6237543063869276
0.6244452736248423
0.6251296925119499
0.6258076590360858
0.6264792672824562
0.6271446094807656
0.6278037760508711
0.6284568556480257
0.6291039352050704
0.6297450999757412
0.630380433574559
0.6310100180171699
0.6316339337580932
0.6322522597286717
0.6328650733727946
0.6334724506827744
0.6340744662334734
0.634671193215002
0.6352627034661464
0.6358490675048333
0.6364303545594908
0.6370066325984891
0.637577968358555
0.638144427373726
0.6387060740024764
0.6392629714540087
0.6398151818144338
0.6403627660713005
0.6409057841396304
0.6414442948842574
0.6419783561434929
0.6425080247514757
0.6430333565612986
0.6435544064648928
0.6440712284147245
0.6445838754441878
0.6450923996866259
0.645596852395082
0.6460972839614594
0.6465937439344096
0.6470862810358579
0.6475749431814639
0.6480597774938629
0.6485408303219186
0.6490181472555261
0.6494917731410381
0.6499617520977835
0.6504281275314423
0.6508909421497007
0.6513502379753447
0.6518060563615504
0.652258438003844
0.6527074229542688
0.6531530506333808
0.6535953598437695
0.6540343887811908
0.6544701750471678
0.654902755660944
0.6553321670695693
0.6557584451605161
0.6561816252711488
0.6566017422006749
0.6570188302194029
0.6574329230788472
0.6578440540229566
0.6582522557958039
0.6586575606524129
0.6590600003672874
0.6594596062441465
0.6598564091236923
0.6602504393929283
0.6606417269934877
0.6610303014293588
0.6614161917758665
0.6617994266865279
0.662180034401472
0.6625580427546555
0.6629334791809163
0.6633063707237926
0.6636767440423161
0.6640446254176207
0.6644100407598514
0.6647730156151898
0.6651335751714915
0.6654917442653848
0.6658475473878043
0.6662010086903716
0.6665521519919796
0.6669010007825855
0.667247578231151
0.667591907190249
0.6679340102009917
0.6682739094989967
0.6686116270199376
0.668947184403545
0.6692806029997489
0.669611903872736
0.6699411078064937
0.6702682353085571
0.6705933066158176
0.6709163416980282
0.6712373602623699
0.6715563817588056
0.6718734253827356
0.6721885100805838
0.6725016545525141
0.6728128772585226
0.673122196419412
0.6734296300231759
0.6737351958278555
0.6740389113648836
0.6743407939433903
0.6746408606530626
0.6749391283684224
0.6752356137511392
0.6755303332548912
0.6758233031272323
0.6761145394136978
0.6764040579600334
0.6766918744171446
0.676978004242085
0.6772624627016508
0.6775452648766013
0.6778264256626124
0.6781059597742339
0.6783838817479908
0.6786602059435507
0.6789349465481632
0.679208117578157
0.6794797328823432
0.6797498061434203
0.6800183508815065
0.6802853804562204
0.680550908069072
0.6808149467654061
0.6810775094377395
0.6813386088268764
0.6815982575248232
0.6818564679771039
0.6821132524840327
0.6823686232039453
0.6826225921544182
0.6828751712148223
0.6831263721281308
0.6833762065027772
0.6836246858150256
0.6838718214102575
0.6841176245052694
0.6843621061899342
0.6846052774291227
0.684847149064393
0.6850877318161377
0.685327036284294
0.6855650729511231
0.6858018521822536
0.6860373842283968
0.6862716792273995
0.6865047472050008
0.6867365980771741
0.6869672416512498
0.6871966876271216
0.6874249455997352
0.6876520250593329
0.6878779353936397
0.6881026858890029
0.6883262857319874
0.6885487440104272
0.6887700697148875
0.6889902717400784
0.6892093588862859
0.6894273398597435
0.6896442232753209
0.689860017656694
0.6900747314377246
0.690288372964145
0.6905009504939267
0.6907124721994146
0.6909229461674035
0.6911323804012266
0.6913407828211079
0.6915481612657765
0.6917545234930856
0.6919598771814911
0.6921642299307883
0.6923675892632034
0.6925699626244232
0.6927713573846127
0.6929717808392536
0.6931712402103111
0.6933697426469112
0.6935672952262956
0.6937639049551407
0.6939595787699461
0.694154323538139
0.6943481460591676
0.6945410530645234
0.6947330512198389
0.6949241471247389
0.6951143473138811
0.6953036582580526
0.6954920863646628
0.6956796379787977
0.6958663193834372
0.6960521368010486
0.6962370963936322
0.6964212042636457
0.6966044664550843
0.6967868889535666
0.6969684776874095
0.6971492385286093
0.6973291772929237
0.6975082997407898
0.6976866115782181
0.6978641184570269
0.6980408259758941
0.6982167396807769
0.6983918650652986
0.698566207572209
0.6987397725926608
0.6989125654682149
0.6990845914904205
0.6992558559018658
0.699426363896799
0.6995961206212403
0.6997651311740207
0.6999334006070567
0.7001009339260508
0.7002677360909411
0.700433812016645
0.7005991665729554
0.7007638045857297
0.7009277308372032
0.7010909500664692
0.7012534669696489
0.7014152862009676
0.7015764123728436
0.7017368500563003
0.7018966037815308
0.702055678038883
0.7022140772782339
0.7023718059104068
0.7025288683070442
0.7026852688014416
0.7028410116884389
0.7029961012255033
0.7031505416326533
0.7033043370931007
0.70345749175348
0.7036100097246588
0.7037618950812685
0.7039131518633148
0.7040637840754743
0.704213795688066
0.7043631906373086
0.704511972825507
0.7046601461216838
0.7048077143617285
0.7049546813490004
0.7051010508544453
0.7052468266168459
0.7053920123436221
0.7055366117107839
0.7056806283632335
0.7058240659153913
0.7059669279513213
0.7061092180250267
0.7062509396608866
0.7063920963539733
0.7065326915700351
0.7066727287464455
0.7068122112777643
0.70695114255448
0.7070895259334709
0.7072273648082317
0.7073646623578418
0.7075014219034154
0.7076376466891192
0.7077733399325247
0.707908504825088
0.70804314453237
0.7081772621942914
0.7083108609253823
0.7084439438149189
0.7085765139274485
0.7087085743029258
0.7088401279568366
0.708971177880643
0.7091017270417668
0.7092317783840798
0.7093613348281719
0.7094903992712757
0.7096189745877343
0.7097470636292773
0.7098746692252155
0.7100017941821429
0.710128441285243
0.7102546132974131
0.710380312960377
0.7105055429939134
0.7106303060970289
0.7107546049476431
0.7108784422030227
0.711001820499634
0.7111247424537046
0.7112472106614665
0.7113692276988147
0.7114907961222255
0.7116119184683412
0.711732597254539
0.7118528349789089
0.7119726341206726
0.7120919971399865
0.7122109264784467
0.7123294245593409
0.7124474937873668
0.7125651365492851
0.7126823552137496
0.7127991521318007
0.7129155296366696
0.7130314900443177
0.7131470356532951
0.7132621687449844
0.7133768915840085
0.7134912064180202
0.7136051154780018
0.7137186209785509
0.7138317251178707
0.7139444300780287
0.7140567380248173
0.7141686511085359
0.7142801714633685
0.7143913012083044
0.7145020424464391
0.7146123972657272
0.714722367739226
0.7148319559245623
0.7149411638646339
0.7150499935876182
0.7151584471070669
0.7152665264218447
0.7153742335168407
0.7154815703623556
0.7155885389147847
0.7156951411165118
0.7158013788959118
0.715907254167949
0.7160127688337719
0.7161179247810687
0.7162227238842701
0.716327168004375
0.7164312589894316
0.716534998674501
0.7166383888816962
0.7167414314202905
0.7168441280869626
0.7169464806658571
0.7170484909287244
0.7171501606347871
0.7172514915313613
0.7173524853531802
0.7174531438235634
0.717553468653388
0.7176534615421181
0.7177531241772314
0.7178524582348551
0.7179514653793807
0.7180501472640063
0.718148505530539
0.7182465418095568
0.7183442577205461
0.7184416548721594
0.7185387348617792
0.7186354992762783
0.7187319496916295
0.7188280876733119
0.7189239147760484
0.7190194325443842
0.71911464251213
0.7192095462031084
0.7193041451309329
0.7193984407989091
0.7194924347005155
0.7195861283191046
0.7196795231283475
0.7197726205920701
0.7198654221644635
0.7199579292898705
0.7200501434034379
0.7201420659305802
0.7202336982875004
0.7203250418810474
0.7204160981088691
0.720506868359418
0.7205973540121428
0.7206875564374775
0.7207774769968949
0.7208671170431029
0.7209564779198607
0.7210455609624136
0.7211343674973262
0.7212228988425757
0.7213111563075519
0.7213991411934172
0.7214868547928428
0.7215742983902463
0.7216614732617593
0.7217483806754595
0.7218350218913165
0.7219213981611567
0.7220075107290831
0.7220933608310343
0.7221789496952371
0.7222642785422796
0.7223493485847895
0.7224341610278564
0.722518717068995
0.7226030178982085
0.7226870646980521
0.7227708586435153
0.7228544009024369
0.7229376926352994
0.7230207349952792
0.723103529128423
0.7231860761737131
0.7232683772628772
0.7233504335209046
0.7234322460657023
0.7235138160081542
0.7235951444523654
0.7236762324957869
0.7237570812290303
0.7238376917359306
0.7239180650938524
0.7239982023733662
0.7240781046387627
0.7241577729475758
0.7242372083511126
0.7243164118941927
0.7243953846153485
0.7244741275467708
0.7245526417144418
0.7246309281380341
0.7247089878313647
0.724786821801894
0.7248644310511048
0.7249418165743516
0.7250189793612843
0.7250959203954594
0.7251726406546031
0.7252491411106383
0.7253254227295485
0.7254014864719083
0.7254773332922094
0.7255529641394983
0.7256283799571391
0.7257035816831001
0.7257785702496203
0.7258533465834464
0.725927911606034
0.7260022662332873
0.7260764113758034
0.7261503479389108
0.7262240768224669
0.7262975989213156
0.7263709151248648
0.726444026317511
0.7265169333786062
0.7265896371820268
0.7266621385970311
0.7267344384875889
0.7268065377126037
0.7268784371263985
0.7269501375780316
0.7270216399119184
0.7270929449674142
0.7271640535792846
0.7272349665773352
0.7273056847867864
0.7273762090280825
0.7274465401169662
0.7275166788646519
0.7275866260776452
0.7276563825579294
0.7277259491029151
0.7277953265056404
0.7278645155543861
0.7279335170334404
0.7280023317221039
0.7280709603958536
0.7281394038254867
0.7282076627776507
0.7282757380146002
0.7283436302942337
0.7284113403705633
0.728478868993192
0.7285462169075004
0.7286133848548189
0.7286803735723071
0.7287471837932168
0.7288138162465637
0.7288802716574642
0.7289465507469003
0.7290126542320309
0.7290785828260198
0.7291443372380418
0.7292099181736258
0.7292753263341596
0.7293405624173515
0.729405627117081
0.7294705211235644
0.7295352451230132
0.7295997997980728
0.729664185827777
0.7297284038872266
0.7297924546481166
0.7298563387784035
0.7299200569424643
0.729983609801202
0.730046998011679
0.7301102222277582
0.7301732830996476
0.7302361812739857
0.7302989173941983
0.730361492100055
0.7304239060280068
0.7304861598111684
0.730548254079139
0.7306101894583961
0.730671966571845
0.7307335860393372
0.7307950484772712
0.7308563544988136
0.7309175047141245
0.7309784997297347
0.73103934014938
0.7311000265734464
0.7311605595991993
0.7312209398208008
0.7312811678292577
0.7313412442125434
0.7314011695555293
0.7314609444400723
0.7315205694450256
0.7315800451462146
0.731639372116338
0.73169855092547
0.7317575821403298
0.7318164663251097
0.7318752040409008
0.7319337958456408
0.7319922422949525
0.7320505439411783
0.7321087013340227
0.732166715020296
0.7322245855440589
0.7322823134465215
0.7323398992662344
0.7323973435389545
0.7324546467976855
0.732511809572868
0.7325688323919356
0.7326257157799778
0.7326824602593586
0.7327390663496507
0.732795534567967
0.7328518654285942
0.7329080594436382
0.7329641171221453
0.7330200389710202
0.7330758254942528
0.7331314771938093
0.7331869945684282
0.733242378115106
0.7332976283514653
0.7333527457220939
0.7334077307398278
0.7334625838914965
0.7335173056615953
0.7335718965321052
0.733626356982712
0.7336806874906533
0.73373488853053
0.7337889605755658
0.7338429040956752
0.7338967195588274
0.7339504074306331
0.7340039681744761
0.7340574022514136
0.7341107101202966
0.7341638922376948
0.7342169490580115
0.7342698810333296
0.734322688613648
0.7343753722470975
0.7344279323784529
0.734480369451597
0.7345326839073396
0.7345848761856675
0.7346369467231572
0.7346888959547666
0.734740724313267
0.73479243222943
0.7348440201318902
0.7348954884472693
0.7349468376000985
0.7349980680129341
0.7350491801062452
0.7351001742985428
0.7351510510063565
0.7352018106441556
0.7352524536244722
0.7353029803579195
0.735353391253104
0.7354036867171069
0.7354538671539089
0.7355039329667628
0.7355538845562248
0.7356037223221201
0.7356534466612206
0.7357030579688171
0.7357525566383988
0.7358019430615114
0.7358512176279324
0.7359003807255826
0.7359494327405985
0.7359983740572447
0.7360472050581125
0.7360959261238655
0.7361445376334941
0.7361930399641958
0.7362414334913836
0.7362897185887942
0.7363378956283745
0.7363859649807685
0.7364339270137311
0.7364817820944805
0.7365295305877773
0.7365771728578395
0.7366247092660593
0.7366721401725774
0.7367194659358527
0.7367666869126954
0.7368138034582928
0.736860815926235
0.7369077246684484
0.7369545300355772
0.7370012323757476
0.7370478320364156
0.7370943293631823
0.737140724700017
0.7371870183893886
0.7372332107721883
0.7372793021877871
0.7373252929739348
0.7373711834669501
0.7374169740015823
0.7374626649110744
0.737508256527265
0.737553749180389
0.7375991431992034
0.7376444389110415
0.7376896366417257
0.7377347367156658
0.7377797394557678
0.7378246451835344
0.7378694542190427
0.7379141668808945
0.7379587834863167
0.7380033043511
0.7380477297896584
0.7380920601149819
0.7381362956387426
0.7381804366711402
0.7382244835210348
0.7382684364959042
0.7383122959019468
0.7383560620439199
0.7383997352253447
0.7384433157483209
0.7384868039136339
0.7385302000207672
0.7385735043678915
0.7386167172518755
0.7386598389682708
0.7387028698113578
0.7387458100741422
0.7387886600483006
0.7388314200243206
0.7388740902913847
0.7389166711374008
0.7389591628490406
0.7390015657117726
0.7390438800097966
0.7390861060260234
0.7391282440422984
0.7391702943390801
0.7392122571957633
0.7392541328904274
0.7392959217000167
0.7393376239003004
0.7393792397658074
0.7394207695699412
0.7394622135848953
0.7395035720817291
0.7395448453303399
0.7395860335994662
0.7396271371566953
0.7396681562685178
0.7397090912002093
0.7397499422154119
0.7397907095783806
0.7398313935504809
0.7398719943945729
0.7399125123663919
0.7399529477266326
0.7399933007328212
0.7400335716414502
0.7400737607059383
0.7401138681845792
0.740153894328639
0.7401938393902832
0.7402337036207068
0.740273487269945
0.7403131905870722
0.7403528138200591
0.7403923572158951
0.740431821020508
0.7404712054787982
0.7405105108346663
0.7405497373309936
0.7405888852096444
0.7406279547114943
0.7406669460783796
0.7407058595452406
0.7407446953519415
0.7407834537354002
0.7408221349315458
0.7408607391733493
0.7408992666987729
0.7409377177388468
0.7409760925256771
0.7410143912903651
0.7410526142630991
0.74109076167314
0.7411288337487361
0.7411668307172679
0.7412047528051876
0.7412426002380125
0.741280373240336
0.7413180720358334
0.7413556968472786
0.7413932478965676
0.7414307254065844
0.7414681295935313
0.7415054606785693
0.7415427188799567
0.7415799044151414
0.7416170174987353
0.7416540583502602
0.7416910271825959
0.7417279242096996
0.7417647496446289
0.7418015036996255
0.7418381865860707
0.7418747985144997
0.7419113396945837
0.7419478103351898
0.7419842106443313
0.7420205408292302
0.7420568010962127
0.742092991650859
0.7421291126997825
0.7421651644430873
0.7422011470857913
0.7422370608302289
0.7422729058778641
0.7423086824294255
0.7423443906829275
0.7423800308413135
0.7424156031009919
0.7424511076595641
0.7424865447138032
0.7425219144597254
0.7425572170925645
0.7425924528068151
0.7426276217961968
0.7426627242536805
0.7426977603714644
0.7427327303409897
0.7427676343529939
0.742802472597442
0.7428372452654697
0.7428719525417573
0.7429065946159897
0.7429411716751839
0.7429756839056726
0.7430101314930343
0.7430445146202588
0.7430788334752868
0.7431130882396737
0.7431472790961512
0.7431814062267982
0.7432154698129069
0.743249470035146
0.7432834070734805
0.743317281107132
0.7433510923164696
0.7433848408758439
0.7434185269642272
0.7434521507581682
0.7434857124335135
0.7435192121654944
0.7435526501285759
0.7435860264966444
0.7436193414428963
0.743652595139886
0.7436857877594877
0.743718919472923
0.7437519904508495
0.7437850008631783
0.7438179508792112
0.743850840667616
0.7438836703964308
0.7439164402330474
0.7439491503442466
0.7439818008961595