error as a function of alpha_bar(-5,-2,1), sigma(-3), w(0,0.5,0.001), eta = 10^-5
-0.24776622447096303	-0.24776622447096303	-0.24776622447096303	-0.24776622447096303
-0.25001597197660413	-0.2500175365751784	-0.25001769266045243	-0.25001770826967323
-0.25226819310089493	-0.25227135606665446	-0.2522716685790004	-0.25227169982808684
-0.25452286175652156	-0.2545276884326213	-0.2545281577511457	-0.2545282046709235
-0.2567799502480723	-0.25678653917818345	-0.2567871657194657	-0.25678722834093715
-0.25903942846190803	-0.2590479138263885	-0.25904869804465525	-0.25904877639900764
-0.261301262989045	-0.2613118179182941	-0.26131276030560685	-0.2613128544242075
-0.2635654161573314	-0.2635782570130372	-0.26357935809948396	-0.2635794680138825
-0.26583184494637024	-0.2658472366878989	-0.26584849704180513	-0.2658486227837379
-0.26810049975563793	-0.26811876253837735	-0.26812018276651933	-0.2681203243679029
-0.2703713229925308	-0.2703928401782541	-0.2703944209260888	-0.2703945784190269
-0.2726442474410857	-0.27266947523966456	-0.27267121719156506	-0.27267139060834605
-0.27491919436771994	-0.2749486733731665	-0.274950577252673	-0.2749507666257707
-0.27719607131261453	-0.27723044024781146	-0.2772325068178906	-0.277232712179968
-0.27947476950683137	-0.2795147815512142	-0.2795170116145284	-0.27951723299843256
-0.28175516084713326	-0.2818017029896239	-0.2818040973888149	-0.28180433482758405
-0.2840370943479517	-0.28409121028799394	-0.2840937699059747	-0.2840940234328344
-0.2863203919806617	-0.2863833091900559	-0.2863860349503143	-0.28638630459868225
-0.2886048437913947	-0.28867800545838773	-0.288680898325304	-0.28868118412878424
-0.2908902021799802	-0.29097530487448864	-0.2909783658536605	-0.2909786678460505
-0.2931761752017502	-0.29327521323885003	-0.2932784433774327	-0.29327876159272387
-0.29546241873818513	-0.2955777363710282	-0.2955811367580839	-0.2955814712304591
-0.29774852736694385	-0.2978828801097186	-0.2978864518765793	-0.29788680264041023
-0.3000340237448065	-0.30019065031282705	-0.3001943946334688	-0.30019476172332865
-0.3023183463057445	-0.30250105285754514	-0.30250497094897383	-0.30250535439962445
-0.30460083507007046	-0.30481409364042356	-0.30481818676307504	-0.30481858660947786
-0.3068807153643532	-0.307129778577447	-0.30713404803559496	-0.3071344643129063
-0.30915707927102754	-0.3094481136041073	-0.3094525607462908	-0.309452993489864
-0.3114288646685316	-0.31176910467548036	-0.31177373089493654	-0.31177418014032077
-0.3136948317966745	-0.3140927577662996	-0.31409756450141507	-0.31409803028436295
-0.31595353740006193	-0.31641907887103293	-0.3164240676058048	-0.3164245499622641
-0.318203306678797	-0.3187480740039575	-0.31875324626846935	-0.3187537452345893
-0.32044220352694414	-0.3210797491992382	-0.32108510657014616	-0.32108562218227776
-0.3226679998815826	-0.3234141105110011	-0.32341965461203864	-0.3234201869067342
-0.3248781454531868	-0.32575116401341203	-0.32575689651590467	-0.3257574455299197
-0.32706973966885466	-0.3280909158007546	-0.3280968384241482	-0.32809740419443867
-0.3292395083253685	-0.3304333719875056	-0.33043948649991167	-0.33044006906363965
-0.33138378818783193	-0.3327785387084147	-0.3327848469271657	-0.3327854463216972
-0.3334985235128446	-0.33512642211858157	-0.33513292591080535	-0.33513354217371544
-0.33557927910510066	-0.33747702839353433	-0.33748372967673895	-0.3374843628458043
-0.33762127486375637	-0.3398303637293091	-0.3398372644719852	-0.33983791458519164
-0.3396194466067009	-0.3421864343425284	-0.3421935365647645	-0.34219420366030556
-0.34156853704176665	-0.34454524647047996	-0.34455255224459536	-0.3445532363608769
-0.3434632188487059	-0.3469068063711984	-0.3469143178223887	-0.34691501899801946
-0.345298248844889	-0.34927112032354257	-0.3492788396305426	-0.3492795579043481
-0.34706864824360756	-0.3516381946272786	-0.35164612402304146	-0.35164685943405655
-0.3487698994812082	-0.35400803560315736	-0.3540161773755487	-0.3540169299630174
-0.3503981457380234	-0.3563806495929984	-0.35638900608550605	-0.3563897758888883
-0.35195037607712926	-0.3587560429597692	-0.35876461657223124	-0.3587654036312031
-0.3534245780659046	-0.3611342220876685	-0.3611430152770171	-0.3611438196314645
-0.3548198414995387	-0.36351519338220545	-0.36352420866322754	-0.3635250303532526
-0.35613640149826375	-0.36589896327028426	-0.3659082032163992	-0.3659090422823233
-0.3573756161323055	-0.3682855382002856	-0.36829500544434157	-0.3682958619267014
-0.3585398815394264	-0.3706749246419644	-0.3706846218772357	-0.37068549581678734
-0.3596324946811052	-0.37306712908719825	-0.37307705906773697	-0.37307795050545356
-0.36065747906818796	-0.37546215804915756	-0.3754723235910752	-0.3754732325681493
-0.36161939116885966	-0.37786001806295294	-0.37787042204515764	-0.3778713486030056
-0.36252312476136744	-0.3802607156855851	-0.38027136105067166	-0.38027230523092803
-0.36337372778265714	-0.3826642574960311	-0.3826751472511878	-0.3826761090957098
-0.3641762421510822	-0.38507065009532626	-0.3850817873132627	-0.38508276686413523
-0.36493557262467075	-0.38747990010665273	-0.3874912879265461	-0.38749228522607165
-0.3656563867159629	-0.38989201417541874	-0.389903655803883	-0.389904670894592
-0.36634304453234434	-0.39230699896934956	-0.3923188976814205	-0.3923199306060699
-0.366999555325702	-0.39472486117856626	-0.39473702031871394	-0.3947380711202902
-0.3676295564069683	-0.3971456075156788	-0.39715803049883486	-0.39715909922054615
-0.3682363097487515	-0.3995692447158636	-0.3995819350284753	-0.3995830217137624
-0.3688227117796375	-0.4019957795369569	-0.4020087407380593	-0.4020098454305904
-0.36939131238293893	-0.4044252187595356	-0.4044384544818481	-0.4044395772255226
-0.3699443397458164	-0.4068575691870079	-0.40687108313805226	-0.4068722239770046
-0.3704837283910289	-0.40929283764569635	-0.4093066336089399	-0.40930779258753003
-0.371011148356649	-0.41173103098492797	-0.411745112820948	-0.41174628998377455
-0.37152803406230694	-0.4141721560771185	-0.41418652772479175	-0.41418772311668456
-0.3720356118694966	-0.4166162198178636	-0.4166308852955783	-0.4166320989616041
-0.3725349257149553	-0.41906322912602206	-0.4190781925329178	-0.41907942451837976
-0.37302686048644923	-0.4215131909438075	-0.42152845646103626	-0.4215297068114722
-0.37351216301881507	-0.4239661122368738	-0.4239816841288915	-0.4239829528900755
-0.37399146071926426	-0.4264219999944053	-0.4264378826102818	-0.42643916982823515
-0.3744652779423813	-0.42888086122920366	-0.4288970590039684	-0.42889836472494186
-0.3749340502725907	-0.43134270297777977	-0.43135922043378316	-0.4313605447042751
-0.37539813691309515	-0.43380753230043717	-0.43382437404875124	-0.43382571691550065
-0.37585783138248474	-0.436275356281367	-0.43629252702320453	-0.4362938885331931
-0.37631337072930426	-0.4387461820287341	-0.43876368655689874	-0.43876506675734916
-0.3767649434473374	-0.4412200166743048	-0.44123785987513414	-0.4412392588135191
-0.3772126962790973	-0.4436968673752412	-0.4437150542288723	-0.44371647195290514
-0.3776567400657523	-0.4461767413118112	-0.44619527689485555	-0.4461967134524988
-0.378097154792085	-0.44865964568896516	-0.44867853517572936	-0.44867999061519104
-0.37853399395522025	-0.45114558773607377	-0.45116483640016014	-0.45116631076989994
-0.3789672883664765	-0.4536345747070231	-0.453654187922959	-0.45365568127168493
-0.3793970494989042	-0.45612661388029846	-0.45614659712520317	-0.4561481095018759
-0.3798232724435521	-0.4586217125590798	-0.4586420714143596	-0.4586436028681881
-0.38024593856583416	-0.4611198780713316	-0.46114061822440783	-0.46114216880485465
-0.380665017913148	-0.46362111776989035	-0.4636422450159652	-0.46364381477274863
-0.38108047142658935	-0.4661254390325605	-0.46614695927641076	-0.46614854825950347
-0.38149225299442857	-0.46863284926219945	-0.4686547685200121	-0.46865637677964034
-0.3819003113785768	-0.47114335588681255	-0.47116568028805195	-0.4711673078747033
-0.38230459203461653	-0.4736569663596452	-0.4736797021489555	-0.4736813491133703
-0.3827050388444924	-0.47617368815927	-0.4761968416984172	-0.4761985080915989
-0.3831015957583569	-0.47869352878967925	-0.47871710655953004	-0.47871879243273907
-0.3834942083600611	-0.4812164957803814	-0.48124050438291643	-0.48124220978767696
-0.3838828253364122	-0.48374259668648256	-0.48376704284685657	-0.48376876783495387
-0.3842673998541931	-0.4862718390887885	-0.48629672965742093	-0.4862984742809033
-0.3846478908206846	-0.4888042305938876	-0.48882957254860127	-0.48883133685978086
-0.38502426402480855	-0.4913397788342473	-0.4913655792824419	-0.49136736333389697
-0.3853964931313952	-0.49387849146830526	-0.49390475764917563	-0.4939065614937519
-0.38576456052357666	-0.4964203761805596	-0.49644711546735587	-0.49644893915816507
-0.3861284579747342	-0.4989654406816595	-0.4989926605839925	-0.49899450417441726
-0.3864881871404048	-0.5015136927084999	-0.5015414008746871	-0.501543264418376
-0.38684375986389535	-0.5040651400243109	-0.504093344243769	-0.5040952277946452
-0.38719519829294413	-0.5066197904187486	-0.5066484986244326	-0.5066504022366917
-0.3875425348116382	-0.5091776517079902	-0.5092068719788764	-0.5092087957069822
-0.3878858118488771	-0.5117387317348208	-0.5117684722984407	-0.5117704161971359
-0.3882250812508264	-0.5143030383687281	-0.5143333076037474	-0.5143352717280495
-0.38856040391849367	-0.5168705795059951	-0.5169013859448408	-0.5169033703500441
-0.388891849281747	-0.5194413630697862	-0.51947271540133	-0.5194747201430031
-0.38921949403738687	-0.5220153970102437	-0.5220473040825275	-0.5220493292165211
-0.38954342157597427	-0.5245926893037144	-0.5246251601275956	-0.5246272057100396
-0.3898637209601693	-0.5271732479560564	-0.5272062917056898	-0.5272083577929946
-0.3901804859418681	-0.5297570809981966	-0.529790707016101	-0.529792793664963
-0.3904938139675417	-0.5323441964890807	-0.5323784142884046	-0.5323805215557973
-0.39080380519401026	-0.5349346025150812	-0.5349694217826032	-0.5349715497257894
-0.3911105615336625	-0.5375283071900858	-0.537563737789276	-0.537565886465802
-0.3914141857406063	-0.5401253186555957	-0.540161370629727	-0.5401635400974288
-0.3917147805587785	-0.5427256450808108	-0.5427623286561333	-0.5427645189731322
-0.39201244793584256	-0.545329294662715	-0.5453666202516941	-0.5453688314764026
-0.3923072883131258	-0.5479362756261751	-0.5479742538307828	-0.5479764860219031
-0.3925993999954907	-0.5505465962240224	-0.5505852378390987	-0.5505874910556271
-0.3928888785999294	-0.5531602647371432	-0.5531995807538188	-0.5532018550550422
-0.3931758165909905	-0.5557772894745727	-0.5558172910837508	-0.555819586529247
-0.39346030289103145	-0.5583976787735756	-0.5584383773694884	-0.5584406940191393
-0.39374242256752345	-0.5610214409997379	-0.5610628481835673	-0.5610651860975446
-0.3940222565959025	-0.5636485845470568	-0.5636907121306184	-0.5636930713693966
-0.39429988168438423	-0.5662791178380236	-0.5663219778475288	-0.5663243584718755
-0.3945753701620159	-0.5689130493237136	-0.568956654003597	-0.5689590560745844
-0.3948487899209391	-0.5715503874838725	-0.5715947493006928	-0.5715971728796972
-0.3951202044087257	-0.5741911408270014	-0.5742362724734171	-0.574238717622111
-0.39538967266220226	-0.5768353178904443	-0.5768812322892645	-0.5768836990696301
-0.39565724937810476	-0.5794829272404705	-0.5795296375487823	-0.5795321260231046
-0.39592298501874107	-0.5821339774723653	-0.5821814970857356	-0.5821840073166082
-0.39618692594101723	-0.5847884772105053	-0.5848368197672696	-0.5848393518175948
-0.39644911455052234	-0.5874464351084557	-0.5874956144940761	-0.5874981684270597
-0.39670958947000984	-0.5901078598490354	-0.5901578902005581	-0.5901604660797238
-0.39696838573060717	-0.5927727601444177	-0.5928236558549967	-0.5928262537441775
-0.39722553496249446	-0.5954411447362045	-0.5954929204597195	-0.5954955404230604
-0.39748106560665425	-0.5981130223955071	-0.598165693051269	-0.598168335153233
-0.3977350031229844	-0.6007884019230265	-0.6008419827005728	-0.6008446470059333
-0.3979873702093127	-0.6034672921491389	-0.6035217985131138	-0.6035244850869647
-0.398238187015909	-0.6061497019339741	-0.6062051496291032	-0.6062078585368591
-0.3984874713657607	-0.6088356401674911	-0.6088920452236521	-0.608894776531043
-0.3987352389726713	-0.6115251157695589	-0.6115824945069479	-0.611585248280029
-0.3989815036541573	-0.6142181376900373	-0.6142765067244261	-0.6142792830295728
-0.39922627754366197	-0.6169147149075648	-0.616974091156949	-0.6169768900608622
-0.3994695712978577	-0.6196148564344459	-0.6196752571209816	-0.6196780786906841
-0.39971139429669594	-0.6223185713099235	-0.6223800139687717	-0.6223828582716167
-0.39995175484034373	-0.6250258686045553	-0.6250883710885256	-0.6250912381921953
-0.4001906603352978	-0.627736757419256	-0.6278003379045941	-0.6278032278770949
-0.4004281174750105	-0.6304512468853712	-0.6305159238776469	-0.630518836787324
-0.40066413241143434	-0.633169346164764	-0.6332351385048638	-0.6332380744203856
-0.4008987109163199	-0.6358910644498583	-0.6359579913201104	-0.6359609503104839
-0.40113185853202515	-0.6386164109637366	-0.6386844918941286	-0.6386874740286975
-0.40136358071584666	-0.6413453949601886	-0.6414146498347205	-0.6414176551831617
-0.4015938829669738	-0.6440780257237825	-0.644148474786936	-0.6441515034192653
-0.40182277094623525	-0.6468143125699406	-0.6468859764332611	-0.6468890284198342
-0.4020502505830067	-0.6495542648449979	-0.6496271644938064	-0.6496302399053181
-0.4022763281688141	-0.6522978919262545	-0.6523720487265005	-0.6523751476339893
-0.4025010104395248	-0.6550452032220635	-0.6551206389272791	-0.655123761402127
-0.40272430464432124	-0.6577962081718699	-0.6578729449302789	-0.6578760910442154
-0.402946218602921	-0.6605509162462767	-0.660628976608034	-0.6606321464331293
-0.40316676074886715	-0.663309336947113	-0.6633887438716675	-0.6633919374803434
-0.4033859401641283	-0.666071479807481	-0.6661522566710906	-0.666155474136122
-0.40360376659637465	-0.6688373543918095	-0.6689195249952012	-0.6689227663897078
-0.40382025047114495	-0.6716069702959175	-0.6716905588720806	-0.671693824269536
-0.40403540288806383	-0.6743803371470715	-0.6744653683691958	-0.6744686578434321
-0.4042492356108183	-0.6771574646040118	-0.6772439635936002	-0.6772472772187997
-0.40446176104743364	-0.6799383623570289	-0.6800263546921368	-0.6800296925428405
-0.4046729922188791	-0.6827230401279994	-0.6828125518516422	-0.6828159140027528
-0.40488294272453546	-0.6855115076704346	-0.6856025652991526	-0.6856059518259272
-0.40509162669880533	-0.6883037747695195	-0.6883964053021084	-0.6883998162801706
-0.40529905876175215	-0.6910998512421704	-0.6911940821685655	-0.6911975176738983
-0.4055052539688663	-0.6938997469370615	-0.6939956062474012	-0.693999066356354
-0.40571022775080035	-0.6967034717346645	-0.6968009879285271	-0.6968044727178179
-0.4059139958573322	-0.6995110355472945	-0.6996102376431008	-0.6996137471898116
-0.40611657429531967	-0.7023224483191424	-0.7024233658637365	-0.702426900245322
-0.40631797926650265	-0.705137720026299	-0.7052403831047239	-0.7052439423990051
-0.40651822710670815	-0.707956860676802	-0.7080612999222402	-0.7080648842074153
-0.4067173342252203	-0.7107798803106528	-0.7108861269145694	-0.7108897362692069
-0.4069153170437266	-0.71360678899984	-0.7137148747223205	-0.7137185092253694
-0.40711219194116843	-0.7164375968483823	-0.7165475540286489	-0.7165512137594318
-0.40730797519649115	-0.7192723139902285	-0.719384175559474	-0.7193878605976924
-0.407502682939264	-0.7221109505971864	-0.7222247500837052	-0.7222284605094443
-0.40769633109962183	-0.7249535168677459	-0.7250692884134671	-0.7250730243071913
-0.4078889353647873	-0.7278000230341527	-0.7279178014043205	-0.7279215628468756
-0.40808051113823346	-0.7306504793607745	-0.7307702999554954	-0.73077408702812
-0.40827107350250513	-0.7335048961440748	-0.7336267950101136	-0.7336306077944262
-0.40846063718819786	-0.7363632837126386	-0.7364872975554235	-0.7364911361334355
-0.408649216545483	-0.7392256524271644	-0.739351818623028	-0.7393556830771407
-0.4088368255213942	-0.7420920126804833	-0.7422203692891196	-0.7422242597021254
-0.4090234776396762	-0.7449623748975311	-0.7450929606747146	-0.7450968771298003
-0.4092091859854662	-0.7478367495353477	-0.747969603945887	-0.7479735465266344
-0.4093939631958446	-0.750715147083102	-0.7508503103140084	-0.7508542791043963
-0.40957782145128624	-0.7535975780620304	-0.7537350910359848	-0.75373908612039
-0.4097607724733979	-0.7564840530254575	-0.7566239574144991	-0.7566279788777004
-0.40994282752267297	-0.7593745825587637	-0.7595169207982503	-0.7595209687254292
-0.4101239974050332	-0.7622691772793586	-0.7624139925821988	-0.7624180670589374
-0.4103042924758996	-0.7651678478365859	-0.7653151842078129	-0.7653192853201043
-0.41048372264970134	-0.768070604912114	-0.7682205071633108	-0.7682246349975506
-0.4106622974114482	-0.7709774592190402	-0.7711299729839144	-0.7711341276269107
-0.41084002583153784	-0.7738884215027212	-0.7740435932520952	-0.7740477747910641
-0.4110169165795088	-0.7768035025403016	-0.7769613795978261	-0.7769655881203968
-0.41119297794378695	-0.7797227131407445	-0.7798833436988359	-0.779887579293054
-0.4113682178490485	-0.7826460641448058	-0.7828094972808631	-0.7828137600351911
-0.4115426438770988	-0.7855735664249714	-0.7857398521179126	-0.785744142121228
-0.41171626328768246	-0.788505230885373	-0.7886744200325134	-0.7886787373741145
-0.4118890830406387	-0.7914410684617774	-0.7916132128959777	-0.7916175576655845
-0.41206110981731364	-0.7943810901214905	-0.7945562426286622	-0.7945606149164178
-0.41223235004428715	-0.7973253068632759	-0.7975035212002333	-0.7975079210967072
-0.41240280991585876	-0.8002737297173137	-0.8004550606299269	-0.8004594882261162
-0.4125724954153046	-0.8032263697450948	-0.8034108729868222	-0.8034153283741473
-0.41274141233803335	-0.8061832380393475	-0.8063709703901009	-0.8063754536604206
-0.4129095663134216	-0.809144345723945	-0.8093353650093251	-0.8093398762549239
-0.4130769628247464	-0.812109703953802	-0.8123040690647038	-0.8123086083783051
-0.4132436072310905	-0.8150793239147925	-0.8152770948273687	-0.8152816623021298
-0.4134095047838576	-0.8180532168236321	-0.8182544546196487	-0.8182590503491668
-0.4135746606490935	-0.8210313939348366	-0.821236160815347	-0.8212407848936563
-0.4137390799203517	-0.8240138665052839	-0.8242222258400196	-0.8242268783615988
-0.4139027676375945	-0.8270006458647119	-0.8272126621712554	-0.8272173432310235
-0.4140657288008956	-0.8299917433450014	-0.8302074823389598	-0.830212192032287
-0.41422796838377374	-0.8329871703153063	-0.8332066989256384	-0.8332114373483355
-0.41438949134428626	-0.835986938174869	-0.836210324566684	-0.8362150918150175
-0.41455030263739046	-0.8389910583528964	-0.8392183719506631	-0.8392231681213488
-0.4147104072236389	-0.8419995423083733	-0.8422308538196062	-0.842235679009809
-0.41486981007621887	-0.8450124015299156	-0.8452477829693007	-0.8452526372766443
-0.4150285161880151	-0.8480296475356244	-0.8482691722495833	-0.8482740557721524
-0.4151865305763455	-0.8510512918728684	-0.8512950345646375	-0.8512999474009689
-0.41534385828903125	-0.8540773461181307	-0.8543253828732886	-0.8543303251223795
-0.41550050440251507	-0.8571078218768469	-0.8573602301893062	-0.8573652019506253
-0.41565647402889266	-0.8601427307831446	-0.8603995895817019	-0.8604045909551727
-0.41581177231187366	-0.8631820844996968	-0.8634434741750381	-0.8634485052610607
-0.4159664044280827	-0.8662258947174949	-0.8664918971497286	-0.8664969580491635
-0.41612037558562026	-0.869274173155625	-0.8695448717423495	-0.8695499625565307
-0.4162736910208442	-0.8723269315610335	-0.8726024112459466	-0.8726075320766856
-0.416426354687616	-0.8753841817083309	-0.8756645290103494	-0.8756696799599257
-0.4165783757934703	-0.8784459353994867	-0.8787312384424828	-0.8787364196136583
-0.41672975571462656	-0.881512204463652	-0.8818025530066821	-0.881807764502694
-0.4168805010705629	-0.8845830007568316	-0.8848784862250162	-0.8848837281495827
-0.4170306171806679	-0.8876583361616592	-0.8879590516776005	-0.8879643241349252
-0.41718010936422834	-0.8907382225871041	-0.8910442630029239	-0.8910495660976954
-0.4173289829356313	-0.893822671968164	-0.8941341338981721	-0.8941394677355653
-0.4174772431985802	-0.8969116962656213	-0.8972286781195533	-0.8972340428052291
-0.41762489543875647	-0.9000053074656765	-0.9003279094826263	-0.9003333051227428
-0.4177719449177507	-0.9031035175796575	-0.9034318418626346	-0.9034372685638383
-0.4179183968691264	-0.9062063386437035	-0.9065404891948358	-0.9065459470642687
-0.4180642564895252	-0.9093137827184076	-0.909653865474838	-0.9096593546201416
-0.41820952893414737	-0.9124258618884807	-0.9127719847589388	-0.9127775052882545
-0.4183542193127536	-0.9155425882623887	-0.9158948611644632	-0.9159004131864359
-0.4184983326818213	-0.9186639739719719	-0.9190225088701083	-0.9190280924938795
-0.41864187404120856	-0.9217900311720894	-0.9221549421162837	-0.9221605574515069
-0.41878484833012514	-0.924920772040168	-0.9252921752054606	-0.9252978223622967
-0.41892726042104933	-0.9280562087759161	-0.9284342225025232	-0.928439901591641
-0.41906911511829203	-0.931196353600754	-0.9315810984351157	-0.9315868095676987
-0.4192104171538273	-0.9343412187575041	-0.9347328174939977	-0.9347385607817437
-0.4193511711844351	-0.9374908165098855	-0.9378893942334019	-0.9378951697885217
-0.41949138178862144	-0.9406451591420637	-0.9410508432713917	-0.9410566512066184
-0.4196310534659377	-0.9438042589582313	-0.9442171792902213	-0.944223019718811
-0.41977019063658155	-0.946968128282071	-0.947388417036698	-0.9473942900724235
-0.41990879763735106	-0.9501367794562899	-0.9505645713225545	-0.95057047707972
-0.4200468787231946	-0.9533102248421021	-0.9537456570248074	-0.9537515956182424
-0.4201844380673064	-0.9564884768186769	-0.9569316890861383	-0.9569376606311986
-0.4203214797604293	-0.959671547782676	-0.960122682515259	-0.9601286871278392
-0.4204580078112542	-0.9628594501476135	-0.9633186523872923	-0.9633246901838125
-0.4205940261494479	-0.966052196343359	-0.9665196138441466	-0.9665256849415733
-0.42072953862449586	-0.9692497988154951	-0.9697255820949034	-0.9697316866107343
-0.42086454900868864	-0.972452270024767	-0.972936572416194	-0.9729427104684713
-0.4209990609990755	-0.9756596224464275	-0.9761526001525882	-0.9761587718598922
-0.42113307821866663	-0.9788718685696302	-0.9793736807169856	-0.9793798861984487
-0.4212666042207808	-0.9820890208967973	-0.9825998295910049	-0.982606068966302
-0.4213996424884637	-0.9853110919428952	-0.9858310623253767	-0.9858373357147356
-0.4215321964414822	-0.9885380942348035	-0.989067394540344	-0.9890737020645435
-0.42166426943406116	-0.9917700403106126	-0.9923088419260598	-0.9923151837064332
-0.4217958647620062	-0.9950069427188457	-0.9955554202429906	-0.9955617964014271
-0.4219269856644932	-0.998248814017775	-0.9988071453223191	-0.9988135559812682
-0.42205763532538726	-1.0014956667747104	-1.0020640330663542	-1.002070478348824
-0.42218781687959334	-1.004747513565056	-1.005326099448943	-1.0053325794785062
-0.4223175334121352	-1.0080043669717327	-1.0085933605158808	-1.0085998754166805
-0.4224467879642999	-1.0112662395841612	-1.0118658323853316	-1.0118723822820703
-0.4225755835353716	-1.014533143997602	-1.0151435312482426	-1.015150116266202
-0.4227039230853972	-1.0178050928121476	-1.0184264733687713	-1.0184330936338004
-0.42283180953832616	-1.0210820986319198	-1.0217146750847073	-1.0217213307232342
-0.42295924578452043	-1.0243641740641793	-1.0250081528079025	-1.025014843946927
-0.42308623468210294	-1.0276513317183182	-1.0283069230246988	-1.0283136497918046
-0.4232127790629103	-1.0309435842050543	-1.0316110022963663	-1.0316177648197207
-0.423338881728918	-1.0342409441353397	-1.034920407259537	-1.0349272056678882
-0.42346454546032464	-1.0375434241193855	-1.0382351546266466	-1.0382419890493315
-0.42358977301369455	-1.0408510367656945	-1.0415552611863765	-1.0415621317533197
-0.423714567125222	-1.0441637946800182	-1.0448807438041006	-1.0448876506458196
-0.42383893051034083	-1.047481710464227	-1.048211619422333	-1.04821856266994
-0.42396286586883214	-1.0508047967152307	-1.0515479050611833	-1.051554884846387
-0.42408637588146303	-1.0541330660240025	-1.0548896178188083	-1.054896634273914
-0.4242094632150826	-1.0574665309741533	-1.0582367748718742	-1.0582438281297906
-0.42433213052138413	-1.0608052041410838	-1.061589393476017	-1.0615964836702532
-0.42445438043682093	-1.0641490980904924	-1.0649474909663046	-1.0649546182309784
-0.42457621558507175	-1.0674982253773235	-1.068311084757712	-1.0683182492275476
-0.42469763857720905	-1.0708525985445385	-1.071680192345583	-1.07168739415592
-0.4248186520107421	-1.0742122301216488	-1.075054831306118	-1.075062070592902
-0.4249392584700093	-1.077577132623606	-1.0784350192968362	-1.0784422961966336
-0.4250594605273408	-1.0809473185492746	-1.0818207740570742	-1.0818280887070688
-0.42517926074187606	-1.0843228003801868	-1.0852121134084562	-1.0852194659464485
-0.4252986616597317	-1.0877035905790757	-1.088609055255391	-1.0886164458198069
-0.4254176658123556	-1.0910897015884393	-1.0920116175855608	-1.0920190463154522
-0.4255362757198526	-1.0944811458291452	-1.0954198184704154	-1.0954272855054616
-0.4256544938860606	-1.0978779356987098	-1.0988336760656736	-1.098841181546182
-0.42577232280079647	-1.101280083570038	-1.1022532086118235	-1.102260752678736
-0.42588976493874975	-1.1046876017896416	-1.1056784344346262	-1.1056860172295193
-0.426006822758475	-1.1081005026760637	-1.1091093719456304	-1.1091169936107161
-0.42612349870114974	-1.1115187985183221	-1.1125460396426765	-1.1125537003208128
-0.4262397951931938	-1.1149425015741603	-1.1159884561104239	-1.1159961559451042
-0.426355714641145	-1.118371624068317	-1.119436640020862	-1.1194443791562265
-0.4264712594343025	-1.121806178190777	-1.1228906101338387	-1.1228983887146762
-0.42658643194229146	-1.1252461760949293	-1.1263503852975836	-1.1263582034693331
-0.4267012345157196	-1.1286916298958938	-1.1298159844492446	-1.1298238423579923
-0.4268156694847616	-1.1321425516684163	-1.1332874266154171	-1.1332953244079085
-0.42692973915939425	-1.1355989534450428	-1.1367647309126874	-1.1367726687363267
-0.4270434458277418	-1.1390608472142771	-1.1402479165481703	-1.1402558945510162
-0.4271567917572869	-1.1425282449184762	-1.1437370028200613	-1.143745021150838
-0.42726977919286796	-1.1460011584515828	-1.1472320091181791	-1.1472400679262733
-0.4273824103576025	-1.1494795996575242	-1.1507329549245278	-1.150741054359993
-0.4274946874509045	-1.1529635803275815	-1.1542398598138464	-1.154248000027406
-0.42760661265044936	-1.1564531121985768	-1.157752743454179	-1.1577609245972296
-0.4277181881105551	-1.159948206950444	-1.1612716256074342	-1.1612798478320445
-0.4278294159625754	-1.1634488762038913	-1.1647965261299575	-1.1648047895888742
-0.4279402983141896	-1.1669551315183937	-1.1683274649731064	-1.1683357698197558
-0.4280508372503177	-1.1704669843893722	-1.1718644621838248	-1.171872808572313
-0.4281610348318143	-1.173984446246205	-1.1754075379052287	-1.175415925990348
-0.4282708930983793	-1.17750752844936	-1.1789567123771905	-1.178965142314419
-0.42838041406427624	-1.181036242288322	-1.182512005936931	-1.1825204778824339
-0.4284895997230185	-1.1845705989784476	-1.1860734390196095	-1.1860819531302467
-0.42859845204418917	-1.1881106096587661	-1.1896410321589301	-1.189649588592254
-0.4287069729765401	-1.19165628538924	-1.1932148059877368	-1.193223404901995
-0.42881516444644013	-1.19520763714775	-1.1967947812386284	-1.196803422792768
-0.428923028357833	-1.1987646758276158	-1.2003809787445632	-1.2003896630982354
-0.429030566595169	-1.2023274122344645	-1.203973419439479	-1.203982146753036
-0.42913778102083866	-1.2058958570835898	-1.207572124358915	-1.2075808947934121
-0.4292446734775992	-1.2094700209967046	-1.2111771146406307	-1.211185928357837
-0.42935124578825845	-1.213049914499055	-1.2147884115252445	-1.2147972686876363
-0.4294574997573651	-1.2166355480162934	-1.2184060363568543	-1.2184149371276245
-0.429563437168648	-1.220226931871244	-1.2220300105836925	-1.222038955126746
-0.42966905978925696	-1.2238240762808972	-1.225660355758754	-1.2256693442387212
-0.42977436936861346	-1.2274269913527391	-1.2292970935404526	-1.2293061261226723
-0.42987936763769397	-1.231035687081613	-1.2329402456932699	-1.2329493225438153
-0.42998405631182485	-1.2346501733464856	-1.236589834088411	-1.2365989553740724
-0.4300884370902279	-1.2382704599065764	-1.2402458807044703	-1.2402550465927724
-0.43019251165550965	-1.2418965563980189	-1.2439084076280937	-1.2439176182872866
-0.4302962816759727	-1.2455284723299664	-1.247577437054652	-1.2475866926537225
-0.43039974880460435	-1.2491662170813793	-1.251252991288915	-1.2512622919975775
-0.4305029146811139	-1.2528097998967944	-1.2549350927457334	-1.254944438734446
-0.4306057809302705	-1.256459229882605	-1.2586237639507245	-1.2586331553906818
-0.43070834916369966	-1.2601145160030185	-1.2623190275409624	-1.2623284646041022
-0.4308106209808521	-1.2637756670764646	-1.2660209062656713	-1.2660303891246758
-0.430912597967972	-1.2674426917708372	-1.2697294229869327	-1.2697389518152273
-0.4310142816993394	-1.2711155985999798	-1.2734446006803797	-1.2734541756521405
-0.43111567373749715	-1.2747943959189718	-1.277166462435919	-1.277176083726076
-0.43121677563280075	-1.2784790919200002	-1.2808950314584409	-1.2809046992426698
-0.43131758892506916	-1.2821696946279062	-1.2846303310685374	-1.284640045523279
-0.43141811514286044	-1.2858662118957975	-1.288372384703234	-1.2883821460056797
-0.4315183558036406	-1.2895686514002347	-1.2921212159167206	-1.2921310242448203
-0.431618312414935	-1.2932770206367417	-1.2958768483810814	-1.2958867039135546
-0.4317179864737336	-1.2969913269148308	-1.2996393058870428	-1.2996492088033649
-0.43181737946662757	-1.3007115773535116	-1.3034086123447182	-1.3034185628251391
-0.4319164928698947	-1.3044377788760027	-1.3071847917843613	-1.3071947900098906
-0.43201532815109117	-1.308169938204769	-1.310967868357124	-1.3109779145095504
-0.43211388676645557	-1.3119080618566104	-1.3147578663358166	-1.3147679605976927
-0.4322121701634439	-1.3156521561370822	-1.3185548101156808	-1.3185649526703458
-0.4323101797800482	-1.3194022268031182	-1.3223587242151618	-1.3223689152467237
-0.43240791704369697	-1.3231582807190643	-1.3261696332766901	-1.3261798729700351
-0.43250538337280947	-1.3269203225280393	-1.3299875620674615	-1.3299978506082608
-0.43260258017686726	-1.3306883579696045	-1.3338125354802373	-1.3338228730549428
-0.43269950885484487	-1.3344623922119563	-1.337644578534131	-1.3376549653299823
-0.43279617079640265	-1.3382424301789084	-1.34148371637542	-1.3414941525804425
-0.43289256738240456	-1.3420284765439372	-1.3453299742783464	-1.3453404600813532
-0.4329886999833304	-1.3458205357239095	-1.3491833776459357	-1.3491939132365294
-0.4330845699607789	-1.3496186118727527	-1.3530439520108162	-1.353054537579398
-0.433180178666297	-1.3534227088732165	-1.3569117230360423	-1.3569223587738006
-0.4332755274420273	-1.357232830339976	-1.3607867165159289	-1.3607974026148566
-0.4333706176204212	-1.3610489795986753	-1.3646689583768885	-1.3646796950297726
-0.4334654505249206	-1.364871159688903	-1.3685584746782764	-1.3685692620787016
-0.43356002746861083	-1.368699373355039	-1.3724552916132347	-1.3724661299555931
-0.43365434975527595	-1.3725336230392515	-1.376359435509556	-1.3763703249890356
-0.4337484186786966	-1.3763739108749709	-1.3802709328305414	-1.3802818736431446
-0.4338422355233627	-1.380220238679261	-1.3841898101758676	-1.3842008025183998
-0.43393580156426037	-1.3840726079461678	-1.3881160942824666	-1.3881271383525366
-0.43402911806577754	-1.3879310198387929	-1.3920498120253963	-1.3920609080214306
-0.4341221862839419	-1.3917954751822066	-1.3959909904187429	-1.3960021385399752
-0.4342150074638013	-1.3956659744559146	-1.399939656616498	-1.3999508570629786
-0.43430758284145077	-1.3995425177859568	-1.4038958379134712	-1.4039070908860651
-0.43439991364359815	-1.4034251049367685	-1.4078595617461893	-1.4078708674465712
-0.43449200108679625	-1.4073137353040637	-1.4118308556938097	-1.4118422143244806
-0.4345838463786373	-1.411208407905519	-1.4158097474790459	-1.4158211592433172
-0.4346754507166046	-1.4151091213736793	-1.4197962649690803	-1.4198077300710925
-0.4347668152892115	-1.4190158739468897	-1.4237904361765115	-1.4238019548212208
-0.4348579412754643	-1.422928663460583	-1.4277922892602863	-1.4278038616534678
-0.4349488298449773	-1.4268474873394974	-1.4318018525266427	-1.4318134788749037
-0.43503948215833915	-1.4307723425876016	-1.4358191544300687	-1.4358308349408393
-0.43512989936687246	-1.4347032257806909	-1.439844223574257	-1.439855958455792
-0.4352200826130738	-1.4386401330553014	-1.443877088713074	-1.4438888781744534
-0.43531003302979093	-1.442583060101798	-1.447917778751531	-1.4479296230026661
-0.43539975174161516	-1.446532002152796	-1.4519663227467656	-1.4519782219983954
-0.435489239864448	-1.4504869539748302	-1.4560227499090295	-1.4560347043727233
-0.4355784985055102	-1.4544479098584713	-1.4600870896026772	-1.4600990994908363
-0.43566752876286347	-1.4584148636085543	-1.4641593713471759	-1.464171436873028
-0.435756331727088	-1.4623878085336777	-1.4682396248181042	-1.4682517461957152
-0.4358449084798484	-1.46636673743645	-1.4723278798481751	-1.4723400572924403
-0.4359332600943909	-1.4703516426034091	-1.4764241664282531	-1.4764364001549024
-0.4360213876367564	-1.4743425157935415	-1.4805285147083866	-1.4805408049339839
-0.4361092921645202	-1.4783393482288885	-1.4846409549988453	-1.4846533019407893
-0.4361969747272588	-1.4823421305833344	-1.4887615177711608	-1.4887739216476819
-0.4362844363669755	-1.4863508529709943	-1.4928902336591836	-1.4929026946893484
-0.4363716781183508	-1.4903655049269635	-1.497027133460137	-1.497039651863854
-0.43645870100822004	-1.4943860754358498	-1.5011722481356875	-1.5011848241336927
-0.4365455060562963	-1.498412552854314	-1.5053256088130151	-1.5053382426268815
-0.43663209427515626	-1.5024449249474303	-1.5094872467858977	-1.5094999386380343
-0.4367184666695511	-1.5064831788633108	-1.5136571935158023	-1.5136699436294558
-0.4368046242381693	-1.51052730112183	-1.5178354806329704	-1.517848289232223
-0.43689056797217896	-1.5145772775821527	-1.5220221399375395	-1.5220350072473046
-0.43697629885602224	-1.518633093505233	-1.5262172034006403	-1.526230129646673
-0.43706181786756176	-1.522694733438057	-1.530420703165526	-1.5304336885744065
-0.437147125978004	-1.5267621812647585	-1.5346326715486909	-1.5346457163478417
-0.4372322241515765	-1.530835420178574	-1.5388531410410156	-1.5388662454586886
-0.43731711334702	-1.5349144326689523	-1.5430821443089018	-1.5430953085741828
-0.4374017945159794	-1.5389992005098672	-1.5473197141954318	-1.5473329385382397
-0.4374862686039435	-1.5430897047435865	-1.5515658837215183	-1.5515791683726015
-0.43757053655024664	-1.5471859256706542	-1.5558206860870771	-1.5558340312780146
-0.43765459928768985	-1.5512878428337056	-1.5600841546722015	-1.5600975606354044
-0.4377384577440137	-1.5553954350055328	-1.5643563230383457	-1.564369790007049
-0.43782211284022166	-1.5595086801734326	-1.5686372249295135	-1.5686507531377822
-0.437905565491138	-1.5636275555265278	-1.57292689427346	-1.572940483956179
-0.4379888166067034	-1.5677520374397806	-1.5772253651829	-1.5772390165757884
-0.43807186709019064	-1.5718821014619773	-1.5815326719567198	-1.5815463852963056
-0.4381547178384208	-1.5760177222990335	-1.5858488490812046	-1.5858626246048524
-0.43823736974468264	-1.5801588737999115	-1.5901739312312717	-1.5901877691771518
-0.4383198236950167	-1.5843055289415326	-1.5945079532717057	-1.5945218538788088
-0.43840208056955293	-1.5884576598142708	-1.598850950258415	-1.5988649137665463
-0.43848414124315244	-1.592615237605752	-1.6032029574396809	-1.6032169840894626
-0.4385660065859822	-1.5967782325861013	-1.607564010257431	-1.6075781002902911
-0.43864767746184735	-1.600946614091771	-1.611934144348507	-1.6119482980066864
-0.43872915472919716	-1.6051203505110678	-1.616313395545954	-1.616327613072491
-0.43881043924106533	-1.6092994092664208	-1.6207017998803055	-1.6207160815190422
-0.438891531844711	-1.6134837567998326	-1.6250993935808857	-1.6251137395764665
-0.4389724334413656	-1.6176733585559018	-1.6295062130771187	-1.6295206236749875
-0.43905314479947904	-1.6218681789648561	-1.6339222949998449	-1.6339367704462326
-0.4391336667601727	-1.6260681814293818	-1.6383476761826459	-1.638362216724577
-0.4392139999435408	-1.630273328303253	-1.6427823936631798	-1.6427969995484635
-0.4392941455334427	-1.6344835808776583	-1.6472264846845197	-1.647241156161749
-0.43937410418896505	-1.638698899363696	-1.6516799866965173	-1.6516947240150561
-0.43945387671966074	-1.642919242875775	-1.656142937357146	-1.6561577407671448
-0.4395334639313336	-1.647144569412469	-1.660615374533885	-1.660630244286261
-0.4396128666241959	-1.65137483584252	-1.665097336305086	-1.6651122726515202
-0.4396920855927985	-1.6556099978847207	-1.6695888609613736	-1.6696038641543034
-0.4397711216271352	-1.6598500100918452	-1.674089987007021	-1.6741050572996552
-0.43984997551209976	-1.664094825832023	-1.6786007531613767	-1.6786158908076576
-0.43992864802740467	-1.6683443972741632	-1.6831211983602576	-1.6831364036148881
-0.4400071399476808	-1.672598675365597	-1.6876513617573834	-1.6876666348758078
-0.44008545204263605	-1.676857609817423	-1.6921912827258079	-1.6922066239641922
-0.44016358507672987	-1.6811211490849465	-1.696741000859346	-1.696756410474602
-0.4402415398102938	-1.68538924035208	-1.7013005559740386	-1.7013160342237927
-0.440319316998574	-1.6896618295114876	-1.7058699881095993	-1.7058855352521995
-0.440396917391242	-1.6939388611461959	-1.7104493375308858	-1.71046495382539
-0.4404743417337307	-1.6982202785124465	-1.7150386447293702	-1.7150543304355408
-0.44055159076664024	-1.7025060235220286	-1.7196379504246286	-1.7196537058029273
-0.44062866522641625	-1.7067960367218555	-1.7242472955658354	-1.7242631208774162
-0.4407055658429566	-1.7110902572801454	-1.728866721333255	-1.7288826168399485
-0.4407822933441311	-1.7153886229627697	-1.7334962691397662	-1.7335122351040841
-0.440858848450845	-1.7196910700913344	-1.7381359806323702	-1.7381520173174885
-0.4409352318813699	-1.7239975337102855	-1.7427858976937285	-1.742802005363483
-0.441011444348026	-1.7283079470525902	-1.7474460624436943	-1.7474622413625784
-0.44108748655914953	-1.7326222422774797	-1.7521165172408613	-1.7521327676740042
-0.44116335921855154	-1.7369403498347162	-1.7567973046841163	-1.75681362689728
-0.441239063026041	-1.7412621987137393	-1.7614884676142115	-1.7615048618737867
-0.4413145986761078	-1.7455877163792948	-1.766190049115325	-1.766206515688314
-0.4413899668606126	-1.7499168287527973	-1.7709020925166503	-1.7709186316706609
-0.4414651682650399	-1.7542494601928167	-1.7756246413939836	-1.7756412533972177
-0.44154020357209295	-1.7585855334827363	-1.7803577395713275	-1.7803744246925655
-0.44161507345974904	-1.7629249698070262	-1.7851014311224895	-1.7851181896310995
-0.44168977860179615	-1.767267688739936	-1.7898557603727097	-1.7898725925386036
-0.4417643196680616	-1.7716136082247949	-1.7946207719002734	-1.7946376779939284
-0.44183869732456205	-1.7759626445572576	-1.7993965105381533	-1.7994134908305766
-0.4419129122322533	-1.7803147123726852	-1.8041830213756473	-1.8042000761383767
-0.4419869650493795	-1.7846697246249559	-1.8089803497600354	-1.8089974792651144
-0.4420608564291366	-1.7890275925732186	-1.8137885412982215	-1.813805745818206
-0.4421345870213655	-1.7933882257656872	-1.8186076418584212	-1.8186249216663466
-0.4422081574720431	-1.7977515320228645	-1.823437697571825	-1.8234550529412028
-0.44228156842280975	-1.802117417425321	-1.8282787548342825	-1.8282961860390856
-0.44235482051232894	-1.8064857862949542	-1.8331308603079914	-1.8331483676226359
-0.4424279143740947	-1.8108565411863733	-1.837994060923212	-1.838011644622542
-0.44250085063951955	-1.8152295828660256	-1.842868403879951	-1.8428860642392269
-0.4425736299350672	-1.8196048103024545	-1.8477539366496938	-1.8477716739445778
-0.4426462528838186	-1.8239821206541098	-1.8526507069771256	-1.852668521483657
-0.4427187201052521	-1.8283614092524305	-1.8575587628818524	-1.8575766548764445
-0.4427910322154424	-1.8327425695965678	-1.8624781526601513	-1.8624961224195562
-0.4428631898261629	-1.8371254933325998	-1.8674089248867054	-1.8674269726880133
-0.4429351935462217	-1.8415100702511777	-1.8723511284163668	-1.872369254536981
-0.443007043981298	-1.845896188271528	-1.877304812385906	-1.877323017103523
-0.4430787417323193	-1.8502837334343032	-1.8822700262157879	-1.8822883098083802