error as a function of alpha_bar(10^(-5)), w(0,1,0.001), sigma(-3), eta=10^(-5)
0.780542393662
0.0233708586718255
0.02336761533284113
0.023362158409588208
0.02335440986638045
0.023344258437557133
0.023331557565857843
0.023316122688847543
0.023297727819925
0.023276101365420007
0.0232509211087485
0.023221808267890425
0.023188320540379743
0.02314994402758192
0.023106083920075363
0.023056053832349592
0.022999063660055278
0.022934205862661074
0.022860440056260464
0.022776575880833597
0.022681254129599638
0.02257292622501108
0.022449832260742476
0.02230997800220253
0.022151111495589224
0.021970700276477753
0.021765910620200238
0.021533590859139595
0.021270261523161842
0.020972115946962765
0.020635036023343607
0.020254628922100514
0.019826291750384435
0.01934531213872674
0.01880701334219006
0.018206952281664763
0.01754117753604628
0.016806551078232597
0.016001131983544952
0.015124612060718636
0.014178782421652785
0.01316799715376885
0.012099587237369916
0.010984167386715578
0.009835774143204325
0.008671778886526439
0.007512536860777762
0.00638076275511182
0.0053006612361946644
0.004296880086697185
0.0033933852754555608
0.002612373116465294
0.0019733300349757533
0.0014923261996558385
0.0011815915205840252
0.0010493804011264146
0.001100094274411298
0.0013346050466241685
0.0017507113872152302
0.0023436629518787076
0.0031067008914827856
0.004031579504594178
0.005109047190200292
0.006329272390306359
0.007682203892228812
0.009157858276955751
0.01074653253409803
0.012438946356907345
0.014226324418193456
0.016100432313522088
0.018053580380144693
0.020078607849653783
0.02216885686931344
0.024318142815430394
0.026520724662141556
0.028771277215259693
0.03106486579326733
0.033396923241642014
0.03576322889638479
0.038159889040657945
0.04058331846842038
0.04303022285487229
0.04549758175348378
0.04798263210222986
0.050482852193486506
0.05299594608864392
0.05551982848284415
0.05805261002783977
0.060592583122136244
0.06313820816647443
0.06568810029019018
0.06824101653118171
0.07079584346215943
0.07335158525316114
0.0759073521610326
0.07846234944426005
0.0810158666983408
0.08356726764153659
0.08611598034749372
0.08866148798338931
0.0912033200661049
0.09374104430447142
0.0962742590526643
0.09880258644699852
0.10132566625298156
0.10384315047223144
0.10635469873615774
0.10885997450260229
0.11135864205612629
0.11385036429315702
0.11633480111960671
0.11881160923858705
0.12128044152601504
0.12374094705138787
0.12619277318223343
0.12863556611516852
0.13106897270180298
0.1334926423038701
0.13590622878202588
0.1383093925415178
0.1407018025649914
0.14308313838512127
0.14545309192897604
0.14781136920883667
0.15015769182062508
0.15249179822995254
0.15481344483805295
0.15712240680380177
0.1594184786444404
0.16170147460927892
0.16397122883153162
0.1662275952921551
0.1684704475994937
0.17069967861081253
0.17291519991365056
0.17511694119429622
0.17730484951176587
0.17947888848911897
0.18163903745588714
0.18378529054286605
0.18591765576009928
0.188036154042103
0.19014081831677132
0.19223169255158995
0.1943088308344034
0.19637229645687293
0.19842216103522906
0.2004585036459918
0.20248140999276773
0.20449097161104782
0.20648728509940348
0.20847045138569087
0.21044057503208108
0.21239776356882287
0.21434212687216492
0.21627377657472183
0.2181928255136689
0.22009938721914568
0.22199357544265144
0.22387550371524534
0.22574528495886947
0.22760303112770963
0.2294488528909049
0.2312828593572786
0.23310515783671268
0.2349158536417771
0.23671504992497316
0.23850284755644408
0.24027934502899817
0.24204463840919596
0.2437988213063913
0.2455419848829671
0.2472742178831929
0.24899560668856238
0.2507062354014292
0.2524061859389802
0.2540955381485155
0.25577436993736485
0.2574427574054462
0.2591007750000686
0.2607484956614433
0.26238599098043597
0.2640133313558826
0.26563058614729984
0.26723782382592803
0.26883511212474304
0.2704225181739736
0.2720001086387979
0.2735679498384569
0.2751261078641449
0.27667464868095365
0.2782136382217142
0.2797431424711061
0.28126322753429606
0.2827739596981496
0.28427540547836383
0.2857676316592995
0.2872507053216409
0.2887246938563494
0.29018966497534504
0.29164568670752056
0.2930928273938684
0.2945311556632968
0.295960740412925
0.2973816507767056
0.29879395608945536
0.30019772584405524
0.30159302965105705
0.3029799371862155
0.3043585181431719
0.3057288421798979
0.3070909788657
0.3084449976264306
0.30979096769218806
0.31112895804125495
0.31245903734772534
0.31378127393276967
0.31509573571312505
0.3164024901535223
0.31770160422416616
0.31899314435533405
0.3202771764039964
0.3215537656100016
0.3228229765722672
0.32408487321357415
0.32533951875747374
0.32658697570613504
0.32782730582392766
0.3290605701188625
0.3302868288325897
0.33150614143389306
0.3327185666126682
0.33392416227935773
0.335122985561758
0.3363150928180847
0.33750053963265797
0.33867938083375976
0.3398516705006392
0.34101746197665866
0.34217680788542804
0.343329762983707
0.34447636999142217
0.3456166879859968
0.3467507640477857
0.3478786474636015
0.34900038691402485
0.3501160304919421
0.35122562572256916
0.3523292195862875
0.3534268585387309
0.3545185885266833
0.35560445501283017
0.35668450299236587
0.3577587770076831
0.35882732117083715
0.3598901791765548
0.3609473943167036
0.3619990094980578
0.3630450672514175
0.36408560974531173
0.3651206787971336
0.36615031588453945
0.3671745621521325
0.36819345841706014
0.36920704518197817
0.3702153626367472
0.37121845066298065
0.3722163488400143
0.37320909644819605
0.3741967324680214
0.3751792955861582
0.3761568241941039
0.37712935638863443
0.37809692997344496
0.37905958245510835
0.38001735104788786
0.3809702726647991
0.38191838392546046
0.38286172114665684
0.38380032034310185
0.3847342172284124
0.3856634472075445
0.38658804538183067
0.3875080465418764
0.3884234851678811
0.3893343954285234
0.3902408111789284
0.3911427659599344
0.39204029299934756
0.39293342520524743
0.39382219517578176
0.39470663518894294
0.39558677720934554
0.3964626528864106
0.3973342935586642
0.39820173024870387
0.39906499367282305
0.3999241142357389
0.40077912203673494
0.4016300468733091
0.40247691824082416
0.4033197653358818
0.4041586170616281
0.4049935020307083
0.4058244485670267
0.40665148471128665
0.40747463822431956
0.4082939365933069
0.4091094070298535
0.4099210764815666
0.4107289716318034
0.4115331189048385
0.4123335444709059
0.41313027425158716
0.41392333391858466
0.4147127489055142
0.4154985444066306
0.416280745383931
0.4170593765690807
0.41783446246885836
0.4186060273675623
0.4193740953326291
0.4201386902156188
0.42089983565817785
0.42165755509333086
0.4224118717513367
0.4231628086592559
0.4239103886461587
0.4246546343450381
0.42539556819650637
0.426133212449828
0.42686758916737305
0.42759872022263556
0.42832662730903626
0.42905133193521544
0.42977285543205407
0.43049121895029413
0.43120644346507037
0.4319185497781946
0.43262755851580637
0.4333334901344359
0.4340363649193723
0.4347362029872407
0.4354330242854407
0.4361268485980726
0.43681769554146943
0.43750558456791555
0.4381905349686613
0.43887256587163004
0.4395516962439581
0.4402279448946966
0.44090133047313246
0.44157187147219645
0.44223958622714726
0.4429044929199512
0.44356660957824057
0.4442259540757756
0.444882544135615
0.44553639733004696
0.44618753108192305
0.44683596266703823
0.447481709213348
0.4481247877037078
0.44876521497724187
0.44940300772929415
0.45003818251389116
0.45067075574516285
0.4513007436987213
0.4519281625109783
0.45255302818441956
0.4531753565854356
0.4537951634468716
0.4544124643710435
0.45502727482899735
0.45563961016189647
0.45624948558467004
0.4568569161857435
0.4574619169277354
0.4580645026510511
0.45866468807321886
0.45926248779182616
0.45985791628498285
0.4604509879130483
0.46104171691900797
0.4616301174316391
0.4622162034653086
0.4627999889222569
0.46338148759282266
0.463960713156992
0.46453767918713573
0.465112399146114
0.4656848863921027
0.46625515417695707
0.46682321564798773
0.46738908385016525
0.46795277172560906
0.4685142921162947
0.4690736577635986
0.4696308813101265
0.4701859753006427
0.4707389521826486
0.47128982430775473
0.4718386039321233
0.47238530321865313
0.4729299342360647
0.47347250896053317
0.47401303927666044
0.47455153697910074
0.47508801377128335
0.4756224812683063
0.47615495099720734
0.47668543439629973
0.477213942817773
0.47774048752799364
0.4782650797078435
0.4787877304532971
0.4793084507769846
0.4798272516081325
0.4803441437934379
0.4808591380988337
0.4813722452080251
0.4818834757252432
0.48239284017502987
0.482900349002845
0.4834060125760356
0.48390984118498764
0.48441184504202534
0.48491203428427665
0.48541041897320036
0.48590700909539414
0.48640181456381376
0.4868948452166298
0.4873861108201293
0.48787562106873034
0.48836338558404685
0.4888494139178919
0.489333715552698
0.48981629989849934
0.49029717629838154
0.49077635402744313
0.49125384229264174
0.49172965023278903
0.4922037869212556
0.4926762613654467
0.49314708250743733
0.49361625922511304
0.4940838002572433
0.4945497144405516
0.49501401044996224
0.4954766971695932
0.4959377827053912
0.4963972757566861
0.4968551847659796
0.4973115181139655
0.4977662841223864
0.4982194910546979
0.4986711471152715
0.4991212604506447
0.4995698391501697
0.500016891246448
0.5004624247156761
0.5009064474785994
0.501348967399669
0.5017899922887621
0.5022295299022639
0.5026675879420146
0.5031041740565118
0.5035392958405966
0.503972960838871
0.5044051765407417
0.5048359503868597
0.5052652897643737
0.5056932020114558
0.5061196944153724
0.5065447742136234
0.5069684485937984
0.507390724695598
0.5078116096080981
0.5082311103746684
0.5086492339891365
0.509065987398561
0.5094813775030221
0.5098954111557981
0.5103080951636361
0.5107194362886153
0.5111294412458477
0.5115381167066164
0.5119454692968247
0.5123515055979807
0.5127562321481923
0.5131596554409488
0.5135617819280914
0.5139626180166158
0.5143621700723925
0.5147604444187324
0.515157447337035
0.5155531850669284
0.5159476638076779
0.5163408897170331
0.5167328689117726
0.5171236074699344
0.5175131114289521
0.5179013867859776
0.5182884395006585
0.5186742754926781
0.5190589006435361
0.5194423207963205
0.5198245417559432
0.5202055692911743
0.5205854091310348
0.520964066969785
0.521341548464124
0.5217178592336328
0.5220930048635959
0.5224669909018418
0.5228398228614206
0.5232115062198082
0.5235820464202137
0.5239514488705521
0.5243197189443408
0.5246868619813624
0.5250528832876991
0.5254177881347943
0.5257815817622326
0.5261442693759244
0.5265058561484737
0.5268663472208001
0.5272257477018034
0.5275840626669406
0.527941297160787
0.5282974561972275
0.5286525447578776
0.5290065677932932
0.5293595302235584
0.5297114369388451
0.5300622927976955
0.5304121026294063
0.5307608712339181
0.5311086033803403
0.5314553038098394
0.5318009772330308
0.5321456283322952
0.532489261761904
0.5328318821465003
0.5331734940831737
0.5335141021412785
0.5338537108610942
0.5341923247567337
0.53452994831376
0.5348665859910238
0.5352022422209218
0.535536921407887
0.5358706279309698
0.5362033661413841
0.5365351403660824
0.5368659549037234
0.5371958140295594
0.5375247219915268
0.5378526830123376
0.5381797012907169
0.5385057809988171
0.5388309262846701
0.5391551412714637
0.5394784300583699
0.5398007967196448
0.5401222453057014
0.5404427798429713
0.5407624043341818
0.5410811227581337
0.5413989390708828
0.5417158572051687
0.542031881069294
0.5423470145503446
0.5426612615120834
0.542974625795507
0.5432871112192764
0.5435987215802544
0.5439094606525241
0.5442193321886333
0.5445283399192861
0.5448364875539335
0.5451437787799683
0.5454502172638251
0.5457558066506517
0.5460605505650319
0.5463644526104325
0.5466675163688864
0.5469697454035174
0.5472711432559337
0.5475717134473645
0.5478714594795233
0.5481703848339579
0.5484684929727298
0.548765787337136
0.5490622713502626
0.5493579484150865
0.5496528219149674
0.5499468952157766
0.550240171661896
0.5505326545812319
0.5508243472814578
0.5511152530522871
0.551405375164435
0.5516947168712221
0.55198328140728
0.5522710719882995
0.552558091813637
0.552844344063302
0.5531298319007226
0.5534145584712913
0.5536985269028403
0.5539817403061276
0.5542642017741445
0.5545459143838285
0.5548268811941823
0.5551071052472253
0.5553865895691051
0.5556653371689686
0.5559433510386957
0.5562206341552375
0.5564971894781556
0.556773019950817
0.557048128500693
0.5573225180400476
0.5575961914641677
0.557869151653182
0.5581414014715416
0.5584129437678688
0.5586837813755825
0.5589539171128205
0.5592233537826038
0.5594920941724456
0.5597601410551424
0.5600274971886776
0.5602941653158185
0.5605601481650102
0.5608254484498091
0.5610900688695583
0.5613540121086746
0.5616172808381692
0.5618798777136519
0.5621418053771938
0.5624030664574072
0.5626636635680204
0.5629235993085641
0.5631828762667355
0.5634414970150081
0.5636994641117916
0.563956780103689
0.5642134475225546
0.5644694688879193
0.5647248467052159
0.5649795834674702
0.5652336816538691
0.5654871437312051
0.5657399721532442
0.5659921693613036
0.5662437377836684
0.5664946798356769
0.5667449979205628
0.5669946944292599
0.5672437717393926
0.5674922322174711
0.5677400782172419
0.5679873120801145
0.5682339361358314
0.5684799527016839
0.5687253640836994
0.5689701725756561
0.5692143804595299
0.5694579900057188
0.5697010034727021
0.5699434231084631
0.5701852511480838
0.57042648981674
0.5706671413268851
0.5709072078808174
0.5711466916691341
0.5713855948714819
0.5716239196562621
0.5718616681816293
0.572098842593837
0.5723354450290266
0.5725714776124333
0.5728069424591066
0.5730418416718686
0.5732761773451351
0.573509951560979
0.5737431663925068
0.5739758239015008
0.5742079261400868
0.574439475150218
0.5746704729627041
0.5749009215992386
0.5751308230713992
0.5753601793807239
0.5755889925180249
0.575817264465692
0.5760449971959434
0.5762721926699425
0.5764988528411054
0.5767249796519384
0.5769505750361966
0.577175640917647
0.5774001792108927
0.5776241918209595
0.5778476806442759
0.578070647566739
0.5782930944659027
0.5785150232105158
0.5787364356595195
0.5789573336636535
0.5791777190628471
0.5793975936910472
0.5796169593706902
0.5798358179169538
0.5800541711358493
0.5802720208240614
0.5804893687709092
0.5807062167560448
0.5809225665511522
0.5811384199187584
0.5813537786140412
0.5815686443831805
0.5817830189632557
0.5819969040850101
0.5822103014690637
0.5824232128283666
0.582635639868671
0.582847584286387
0.5830590477710582
0.5832700320029303
0.5834805386555729
0.5836905693935434
0.5839001258742903
0.5841092097474333
0.5843178226545822
0.5845259662298038
0.584733642099321
0.584940851882113
0.5851475971889324
0.5853538796236922
0.5855597007823997
0.5857650622539693
0.5859699656193186
0.5861744124530549
0.5863784043211149
0.5865819427833537
0.5867850293918705
0.5869876656917177
0.587189853220491
0.587391593509069
0.5875928880813807
0.5877937384537774
0.5879941461361438
0.588194112631213
0.588393639435101
0.5885927280366104
0.5887913799180993
0.5889895965547666
0.5891873794155048
0.5893847299622456
0.5895816496509997
0.5897781399293471
0.5899742022404861
0.5901698380194471
0.5903650486954436
0.590559835691272
0.5907542004232118
0.5909481443007469
0.5911416687277263
0.5913347751010567
0.5915274648117164
0.5917197392442216
0.5919115997771259
0.5921030477821455
0.5922940846259812
0.59248471166825
0.5926749302631054
0.5928647417577794
0.5930541474943888
0.5932431488092617
0.5934317470315066
0.593619943485776
0.5938077394901298
0.5939951363563164
0.5941821353913146
0.5943687378956427
0.5945549451645439
0.5947407584867693
0.5949261791464532
0.5951112084207317
0.5952958475829442
0.5954800978988473
0.5956639606300712
0.5958474370320532
0.5960305283553397
0.5962132358443712
0.5963955607379109
0.5965775042704244
0.5967590676700404
0.5969402521601822
0.5971210589588419
0.5973014892774613
0.5974815443243278
0.5976612253013031
0.5978405334047462
0.5980194698265199
0.5981980357534268
0.5983762323666584
0.5985540608424891
0.5987315223522018
0.5989086180620378
0.599085349133383
0.5992617167219694
0.5994377219794621
0.5996133660517281
0.5997886500810127
0.599963575203492
0.6001381425508002
0.6003123532500476
0.6004862084231083
0.6006597091873364
0.6008328566557571
0.6010056519357664
0.6011780961309892
0.6013501903393605
0.6015219356550479
0.6016933331678272
0.6018643839616552
0.602035089117147
0.6022054497090615
0.6023754668094512
0.6025451414841339
0.6027144747955798
0.6028834678012723
0.6030521215542406
0.6032204371036565
0.6033884154934177
0.6035560577642285
0.6037233649510214
0.6038903380853468
0.6040569781950568
0.6042232863023247
0.6043892634258027
0.604554910580236
0.6047202287754803
0.6048852190178375
0.60504988230855
0.605214219646197
0.6053782320236415
0.6055419204307815
0.6057052858528926
0.6058683292714057
0.606031051663823
0.606193454003404
0.6063555372595072
0.6065173023974364
0.6066787503789672
0.6068398821611872
0.6070006986982943
0.6071612009390686
0.6073213898304041
0.6074812663138826
0.607640831327648
0.6078000858062014
0.6079590306803246
0.608117666876441
0.6082759953181525
0.6084340169243087
0.6085917326108058
0.608749143289626
0.6089062498690897
0.6090630532538126
0.6092195543446671
0.6093757540390388
0.6095316532311353
0.6096872528104389
0.6098425536640363
0.6099975566750323
0.6101522627230077
0.6103066726835364
0.6104607874297403
0.610614607830522
0.6107681347515489
0.6109213690546954
0.611074311599007
0.6112269632404517
0.6113793248295502
0.6115313972162476
0.611683181245133
0.611834677757854
0.6119858875936819
0.6121368115877094
0.6122874505721121
0.6124378053746382
0.6125878768219455
0.6127376657354465
0.6128871729345012
0.6130363992348531
0.6131853454488297
0.6133340123864917
0.6134824008537891
0.6136305116532607
0.6137783455854392
0.613925903447063
0.6140731860323552
0.6142201941312441
0.614366928531808
0.6145133900181713
0.614659579372186
0.6148054973726104
0.6149511447943458
0.6150965224104386
0.6152416309896155
0.6153864712991006
0.6155310441023547
0.6156753501598493
0.6158193902292081
0.6159631650655841
0.6161066754210511
0.6162499220435972
0.6163929056806271
0.6165356270749103
0.6166780869667793
0.6168202860939038
0.6169622251914584
0.617103904991056
0.6172453262221591
0.6173864896110415
0.617527395881605
0.6176680457550637
0.6178084399492793
0.6179485791796462
0.6180884641592986
0.6182280955981951
0.6183674742040679
0.6185066006808205
0.6186454757314561
0.6187841000547524
0.6189224743481255
0.6190605993052432
0.6191984756181304
0.6193361039755425
0.6194734850640023
0.6196106195674874
0.619747508166611
0.619884151541001
0.6200205503663845
0.6201567053165187
0.6202926170627312
0.6204282862732583
0.6205637136149167
0.6206988997510011
0.6208338453427097
0.620968551049193
0.621103017526539
0.6212372454288098
0.6213712354072831
0.6215049881113249
0.6216385041875396
0.6217717842801213
0.6219048290313601
0.6220376390803534
0.6221702150649199
0.6223025576195317
0.6224346673766624
0.6225665449667371
0.6226981910178413
0.622829606155389
0.622960791002793
0.6230917461811223
0.623222472309168
0.6233529700035132
0.6234832398785675
0.6236132825459272
0.6237430986160458
0.6238726886959222
0.6240020533915719
0.6241311933057476
0.6242601090399216
0.6243888011926658
0.6245172703606637
0.6246455171386246
0.6247735421187532
0.6249013458915057
0.6250289290446589
0.6251562921645838
0.6252834358351738
0.6254103606382796
0.6255370671532039
0.6256635559582745
0.6257898276285335
0.6259158827374102
0.6260417218569058
0.6261673455561024
0.6262927544022602
0.6264179489611634
0.6265429297957061
0.6266676974676447
0.6267922525359934