error as a function of alpha_bar(2,4,6,8 *10^(-4)), w(0.005,1,0.005), sigma(-2), eta=10^(-5)
0.023551858255537794	0.023646965267447525	0.023678025509352253	0.023693487742660474
0.023541112165704398	0.023645601365349735	0.023677607235709195	0.023693304834643467
0.02352210192299868	0.02364329298045965	0.023676905240740474	0.02369299877197054
0.023493037053542665	0.023639986144556136	0.023675912144412458	0.023692567720458406
0.02345111136893531	0.02363560296795662	0.02367461747011907	0.02369200909173446
0.023392157563528467	0.02363003920973885	0.02367300749746013	0.023691319522487476
0.02331013309803683	0.023623161007506714	0.02367106506825395	0.02369049484748355
0.023196378421518084	0.02361480065898856	0.023668769345165312	0.023689530066150214
0.023038572773781883	0.02360475130406195	0.02366609551489765	0.023688419301757285
0.022819305937146747	0.023592760324924206	0.02366301443509721	0.02368715575510378
0.02251420708451552	0.023578521244125995	0.023659492218184117	0.023685731648240716
0.022089669677145967	0.023561663832692908	0.0236554897437753	0.023684138161950738
0.021500472816903482	0.023541742111531257	0.023650962094536012	0.02368236536389567
0.020688171584219785	0.023518219842725948	0.02364585790414322	0.02368040212582564
0.019582185555881277	0.02349045305037326	0.023640118610023172	0.023678236036062613
0.018107057892354346	0.02345766903112992	0.023633677594530694	0.02367585329310707
0.01620065577130894	0.023418941233861085	0.02362645920569631	0.023673238593750548
0.013846793943508715	0.023373159316552684	0.02361837763876792	0.023670375005702484
0.011118059392839504	0.023318993621897426	0.023609335664033386	0.023667243825227894
0.008209574048461558	0.02325485328087936	0.023599223177554897	0.023663824423825457
0.0054328804160122856	0.02317883717347909	0.023587915556423103	0.023660094071450855
0.003152457745752829	0.023088677088486255	0.023575271791419664	0.023656027746755553
0.001688657181391296	0.022981672688748157	0.023561132368260844	0.023651597924961295
0.0012412717475135005	0.022854618384796334	0.023545316873412752	0.02364677434343202
0.0018699854037518666	0.0227037230679323	0.023527621277267628	0.023641523745194088
0.0035232816794449496	0.022524525007987364	0.02350781487101874	0.023635809592752303
0.006084972654744209	0.022311806284804586	0.02348563680752542	0.023629591755478123
0.009415684779786639	0.02205951413484345	0.023460792204920138	0.023622826164079683
0.013379872516366818	0.021760700811749398	0.023432947765218568	0.02361546443040763
0.01785762913399155	0.02140749918197781	0.023401726858356377	0.023607453428158637
0.022746713268414417	0.020991158334207432	0.023366704020542053	0.023598734834713354
0.027960935840915906	0.020502171623047613	0.023327398815865586	0.023589244622587335
0.03342808418220415	0.019930537693341247	0.023283269012374777	0.02357891250456829
0.039088151456859455	0.0192662009927228	0.023233703028945885	0.023567661322564083
0.044891811259085604	0.01849971832296194	0.023178011618839152	0.023555406377055645
0.05079901895787094	0.01762318683025711	0.023115418770882565	0.02354205469151472
0.05677770354343753	0.01663144020952819	0.02304505183204999	0.02352750420609028
0.06280255417503054	0.015523468637725244	0.02296593088800143	0.023511642894455845
0.06885390580287137	0.014303943714275794	0.022876957483672914	0.023494347797407795
0.07491671655707345	0.012984641974434415	0.022776902828448277	0.02347548396647278
0.08097962257243542	0.011585482546409299	0.022664395712381012	0.02345490331048097
0.08703405855085357	0.010134861865120276	0.02253791046890592	0.02343244333793533
0.0930734437583717	0.008669018327135129	0.022395755456428922	0.0234079257877827
0.0990924487944504	0.0072303112384528795	0.02223606270564338	0.023381155141373462
0.10508637205957486	0.005864530638736965	0.022056779591873386	0.0233519170084964
0.11105065963069198	0.004617601150006809	0.021855663647070128	0.023319976380776274
0.11698059423283633	0.0035322130454570624	0.021630281929994295	0.023285075746612448
0.12287115913688071	0.0026449362095798804	0.02137801669623336	0.023246933062735096
0.12871705770966724	0.0019842367047740355	0.021096079483841845	0.023205239579207573
0.13451284825030543	0.0015695775863086843	0.020781536075851932	0.02315965751677383
0.14025314365060512	0.0014115366694921567	0.02043134512901451	0.02310981759831006
0.14593282750210673	0.0015126947234752961	0.020042413445232075	0.0230553164400426
0.15154724874792241	0.001868978913998997	0.019611670945442694	0.022995713812840417
0.15709237068662113	0.0024711802557836043	0.019136168081208958	0.022930529790212057
0.1625648635677212	0.0033064499720196787	0.018613197804283135	0.022859241807134993
0.16796214124112566	0.004359657838711979	0.018040442979844386	0.02278128166346836
0.17328235013332824	0.005614540157103066	0.017416148279857355	0.02269603251716116
0.1785243227604709	0.007054592035646011	0.016739313026922078	0.022602825926306493
0.18368750848349147	0.00866369064820666	0.016009898222409634	0.022500939016130178
0.18877189244366044	0.010426473833471771	0.015229037267719816	0.02238959186622247
0.1937779107351063	0.012328527302730981	0.014399236048983183	0.022267945236060033
0.19870636707561914	0.014356443570090582	0.013524544669784496	0.022135098777261653
0.20355835396921712	0.016497808260976167	0.012610680929168679	0.021990089900882366
0.20833517985010386	0.01874115339927766	0.011665085453208776	0.021831893514992255
0.21303830289502704	0.02107590090201808	0.010696890896359952	0.02165942287265819
0.2176692718659287	0.023492307185470497	0.009716793187972216	0.021471531814739396
0.22222967432737012	0.02598141237321233	0.00873682124774192	0.021267018729039227
0.22672109265831233	0.028534994038698497	0.007770012055775349	0.021044632580583287
0.2311450683048268	0.031145524253422457	0.006830008978801601	0.020803081418367005
0.23550307466005796	0.03380612872037791	0.0059306109343912955	0.0205410437537906
0.23979649870142633	0.03651054719048299	0.005085306489001645	0.020257183263044428
0.2440266311722558	0.039253094813117714	0.004306829006372199	0.019950167222154144
0.24819466462757236	0.042028624377771114	0.003606766049894095	0.019618689072002145
0.25230169827392873	0.04483248958962668	0.002995248994681828	0.019261495436369288
0.25634874812106534	0.04766050956710949	0.00248073867245758	0.018877417813029547
0.2603367608502003	0.05050893472507221	0.0020699117384366454	0.018465408999704634
0.26426662969970544	0.05337441415500306	0.001767642163362629	0.01802458410889618
0.2681392108492513	0.05625396452168296	0.001577064245981279	0.01755426575531482
0.27195533902047	0.0591449404386996	0.0014996986686847344	0.017054032676045636
0.27571584130377697	0.062045006198943264	0.0015356216215618066	0.016523770671025576
0.2794215485585605	0.06495210872609837	0.0016836584964158995	0.01596372434665845
0.28307330402149217	0.06786445155256676	0.001941587092116681	0.01537454773171453
0.286671969024884	0.07078046965041693	0.0023063393070807863	0.014757351452447841
0.29021842593415553	0.07369880495854712	0.0027741937197547895	0.014113743837154823
0.29371357858398306	0.07661828246048369	0.0033409537055283265	0.013445863128717745
0.2971583505774171	0.07953788674613743	0.004002107007980377	0.012756397958483255
0.30055368191202275	0.08245673904639549	0.004752963603174665	0.012048593420937895
0.3039005243703993	0.08537407479305183	0.005588769804258912	0.011326240522913776
0.30719983613215546	0.0882892218515867	0.00650479805045885	0.010593647460839913
0.31045257543494653	0.09120157963808091	0.00749641347177829	0.009855592084914553
0.3136596976788257	0.09411059940188975	0.008559119795401767	0.009117256002272204
0.31682214417472737	0.09701576442694984	0.00968858812472817	0.008384141937566354
0.31994084294084485	0.09991658141290247	0.010880672496798104	0.007661977130436237
0.3230167015632818	0.10281255064020445	0.012131415959351497	0.006956606572140273
0.3260506043453214	0.10570316972570273	0.013437050377209131	0.0062738806477250384
0.32904340977328334	0.10858791666901497	0.014793992476722204	0.005619542183766237
0.3319959488852275	0.11146624499518984	0.016198837925455838	0.004999117935591033
0.33490902452111887	0.1143375800983857	0.017648354623950077	0.00441781918484283
0.3377834113597573	0.11720131821979884	0.01913947589579656	0.0038804554045819444
0.340619856654257	0.12005682781836585	0.020669293926388145	0.003391363960068608
0.34341908152613565	0.12290345300888551	0.02223505356865723	0.0029543576723067098
0.34618178267345945	0.12574051867718422	0.023834146525326522	0.002572690888336422
0.34890863436029035	0.1285673368414445	0.02546410583775644	0.0022490435909975877
0.3516002905355058	0.13138321383018092	0.027122600613076368	0.0019855221348595723
0.3542573869692585	0.13418745786215713	0.028807430913960846	0.0017836744731496218
0.35688054329567914	0.13697938666482207	0.030516522758996335	0.0016445172828897338
0.3594703648799561	0.13975833480472816	0.032247923196259756	0.0015685722090325557
0.36202744445283735	0.14252366048665135	0.033999795436261394	0.0015559085149280173
0.36455236347103637	0.14527475160834116	0.0357704140366816	0.0016061896928703048
0.3670456931883155	0.14801103095149024	0.03755816014490771	0.0017187219855226419
0.36950799543811946	0.15073196041525735	0.039361516816838873	0.0018925032018034795
0.37193982313974167	0.1534370442636815	0.04117906441427005	0.0021262706062841192
0.3743417205603312	0.1561258314082184	0.04300947610445297	0.0024185469682716054
0.37671422336918187	0.15879791677179395	0.04485151347577594	0.0027676840602833784
0.3790578585185524	0.1614529418067737	0.04670402226885854	0.0031719030228628303
0.3813731440087132	0.16409059427639108	0.04856592824130306	0.0036293311039442664
0.3836605885694475	0.1667106073988789	0.05043623316660976	0.004138034374978461
0.3859206913095033	0.16931275847481794	0.052314010961891866	0.004696046150925571
0.38815394136540293	0.1718968670973557	0.05419840395143772	0.005301390995671344
0.3903608175888357	0.1744627930509928	0.05608861925062832	0.005952104369399512
0.3925417882908446	0.17701043399701527	0.05798392527038165	0.006646248149726166
0.3946973110635225	0.17953972300091173	0.059883648325719664	0.007381922395192627
0.3968278326961339	0.18205062599897068	0.06178716934734055	0.00815727383010399
0.3989337891801383	0.18454313921593674	0.06369392066844616	0.008970501577407907
0.40101560581040613	0.1870172866146678	0.06560338289750983	0.009819860679344618
0.403073697371372	0.18947311736669972	0.0675150818402597	0.010703663906646031
0.40510846839308334	0.1919107033993012	0.06942858547938326	0.011620282309799506
0.40712031347716	0.19433013700668308	0.07134350099325061	0.012568144887869684
0.4091096176604657	0.19673152855027093	0.0732594718064154	0.01354573767623663
0.41107675681342987	0.19911500424377057	0.07517617466540792	0.014551602484829725
0.4130220980507521	0.20148070402898902	0.07709331673907052	0.015584335449808478
0.4149460001440438	0.20382877954243717	0.07901063274061348	0.016642585516590827
0.4168488139252105	0.2061593921735052	0.08092788206899398	0.01772505291894749
0.4187308826602863	0.2084727112188405	0.08284484598536287	0.01883048770082404
0.42059254240462307	0.21076891212442894	0.08476132482306595	0.01995768829337337
0.42243412231537175	0.21304817482654193	0.08667713524808808	0.021105500157173416
0.42425594493123986	0.2153106821935257	0.0885921075862793	0.022272814481250795
0.42605832641154145	0.21755661856883612	0.09050608322896203	0.02345856693092727
0.4278415767423183	0.2197861684205324	0.0924189121432736	0.024661736435973556
0.4296059999025482	0.22199951510801222	0.0943304505036188	0.02588134400874513
0.4313518940079399	0.22419683976293833	0.09624055846966009	0.0271164515825669
0.4330795514203472	0.22637832029882676	0.09814909812820857	0.028366160866672995
0.43478925884663727	0.22854413054458492	0.10005593163145335	0.02962961221014969
0.4364812974134414	0.23069443951286936	0.10196091952653587	0.030905983475211715
0.4381559427381799	0.23282941080278136	0.10386391932596285	0.03219448891615168
0.4398134649930029	0.23494920214034382	0.10576478430096026	0.0334943780661881
0.44145412897069447	0.2370539650449033	0.1076633625246089	0.03480493463254561
0.4430781941475184	0.23914384463703858	0.10955949616262184	0.03612547539902737
0.44468591475889846	0.24121897956113342	0.11145302100617707	0.037455349144757816
0.4462775398777234	0.24327950203771898	0.11334376624960821	0.038793935572471745
0.44785331350290525	0.2453255380104818	0.11523155449435801	0.040140644256092824
0.44941347465516196	0.24735720740485093	0.117116201967738	0.04149491360578121
0.45095825748368507	0.24937462445937966	0.11899751892658623	0.04285620985145871
0.45248789137489037	0.251377898138736	0.1208753102455568	0.04422402605114786
0.4540026010761055	0.253367132600804	0.12274937613730448	0.045597881118333704
0.45550260681301197	0.25534242770615784	0.12461951300240448	0.04697731887494732
0.45698812441458275	0.257303879560673	0.12648551436311045	0.048361907128076954
0.45845936544035554	0.2592515810770477	0.12834717187150094	0.04975123676936839
0.4599165373031218	0.2611856225366445	0.13020427635655044	0.05114492089917827
0.4613598433880926	0.2631060921458727	0.1320566188831906	0.052542593972951364
0.4627894831744436	0.2650130765828954	0.13390399181957802	0.05394391097127463
0.464205652341708	0.2669066615094451	0.13574618986733364	0.055348546587892886
0.46560854288201514	0.2687869320543066	0.13758301106224644	0.05675619444240036
0.4669983431947643	0.2706539732665317	0.13941425771642724	0.05816656630718539
0.4683752381838772	0.27250787051018743	0.141239737291056	0.05957939135293099
0.4697394093448865	0.27434870982842097	0.14305926320320056	0.060994415412546146
0.4710910348443704	0.2761765782468394	0.14487265553616957	0.062411400251974385
0.47243028959850286	0.27799156404050507	0.14667974167626283	0.06383012285866148
0.47375734534242575	0.279793756938032	0.1484803568469723	0.06525037474094751
0.4750723706988177	0.28158324828928405	0.15027434456531413	0.06667196122971539
0.4763755312402353	0.283360131176816	0.15206155699633156	0.06809470079501645
0.4776669895506471	0.2851245004903476	0.1538418552302573	0.06951842436291919
0.4789469052816393	0.2868764529519254	0.15561510947006085	0.07094297464069924
0.4802154352122427	0.2886160871091546	0.15738119914847018	0.07236820544191029
0.48147273330344464	0.2903435032892526	0.1591400129642879	0.07379398101917552
0.4827189507527535	0.2920588035198312	0.1608914488604132	0.07522017539250003
0.48395423604920323	0.2937620914268954	0.16263541393898975	0.07664667168572101
0.48517873502876396	0.2954534721022305	0.1643718243276122	0.07807336146168674
0.4863925909280793	0.2971330519573597	0.16610060499614707	0.0795001440609137
0.48759594443974985	0.2988009385543491	0.1678216895430593	0.080926925941842
0.48878893376451255	0.30045724042643107	0.16953501993714068	0.08235362002549092
0.4899716946684421	0.302102066889963	0.17124054625007556	0.08378014504668603
0.4911443605349831	0.30373552784924596	0.17293822635125025	0.08520642491204233
0.4923070624178963	0.3053577335918043	0.1746280256011744	0.08663238806748232
0.4934599290935891	0.3069687945944498	0.17630991652345268	0.08805796687199684
0.494603087114376	0.30856882132271884	0.1779838784736528	0.08948309699603943
0.4957366608552578	0.31015792403386544	0.17964989730518613	0.09090771682642403
0.4968607725672479	0.3117362125930149	0.18130796503169483	0.09233176689648659
0.49797554241984576	0.31330379628597776	0.18295807948834908	0.0937551893379983
0.4990810885512303	0.31486078365818587	0.18460024400034666	0.09517792735980485
0.5001775271110872	0.31640728234976734	0.18623446705375396	0.09659992475451051
0.5012649723026026	0.31794339894831003	0.18786076196819856	0.09802112543581311
0.5023435364270914	0.319469238858631	0.18947914658140977	0.09944147301873144
0.5034133299200539	0.3209849061822673	0.19108964293600253	0.10086091042491496
0.5044744613917014	0.32249050361060055	0.1926922769759625	0.10227937953613492
0.5055270376651341	0.32398613233982576	0.19428707824926475	0.1036968208945784
0.5065711638105449	0.32547189199412024	0.19587407961906944	0.1051131734292057
0.5076069431815605	0.3269478805675299	0.1974533169793441	0.10652837424698694
0.508634477448659	0.32841419438026576	0.1990248289863454	0.10794235845212674
0.5096538666325734	0.32987092804918544	0.2005886567841222	0.10935505902239619