error as a function of alpha_bar(-5,-2,1), w(0,1,0.001), sigma(-3), eta=10^(-5)
0.7774841663055696	0.7774841663055696	0.7774841663055696	0.7774841663055696
0.027603796748086846	0.027823155814458274	0.02784513311761966	0.02784733146160602
0.02760309942438747	0.027823154883500206	0.027845133114399973	0.027847331461588055
0.027601933740213226	0.027823153331838414	0.027845133108996157	0.027847331461546613
0.027600294457084628	0.027823151159406125	0.02784513310144054	0.027847331461514566
0.027598174197893417	0.02782314836608632	0.027845133091720778	0.02784733146143878
0.027595563403411218	0.02782314495174789	0.02784513307983822	0.02784733146132072
0.027592450275817665	0.027823140916205732	0.027845133065798763	0.027847331461220207
0.027588820709038262	0.027823136259267994	0.027845133049596345	0.027847331461063527
0.027584658205346457	0.027823130980689705	0.027845133031235626	0.027847331460937756
0.027579943777167954	0.02782312508021093	0.02784513301071555	0.027847331460756537
0.027574655835829093	0.02782311855752685	0.027845132988032324	0.027847331460575074
0.02756877006211735	0.027823111412315374	0.02784513296319187	0.02784733146037586
0.027562259262548933	0.02782310364420879	0.027845132936187615	0.027847331460144464
0.0275550932075981	0.02782309525281928	0.027845132907027368	0.027847331459911983
0.02754723845103493	0.027823086237719393	0.027845132875703494	0.02784733145966695
0.027538658132299085	0.02782307659845511	0.027845132842220833	0.027847331459389096
0.027529311754711353	0.027823066334537273	0.02784513280657778	0.02784733145910585
0.02751915494470353	0.02782305544544992	0.027845132768774556	0.027847331458789287
0.027508139186474177	0.027823043930638447	0.02784513272881089	0.02784733145846592
0.027496211532023678	0.027823031789523535	0.027845132686686615	0.027847331458126994
0.02748331428355508	0.027823019021489676	0.027845132642401682	0.02784733145777212
0.02746938465097215	0.02782300562589239	0.027845132595956557	0.027847331457386142
0.027454354373687113	0.027822991602051615	0.027845132547350774	0.0278473314569955
0.02743814931444154	0.027822976949260572	0.027845132496584657	0.02784733145658616
0.027420689016655217	0.027822961666775312	0.027845132443658643	0.027847331456154176
0.027401886225341177	0.02782294575382384	0.027845132388571038	0.027847331455700928
0.027381646367812255	0.027822929209599983	0.027845132331322908	0.02784733145524285
0.027359866995319455	0.02782291203326783	0.027845132271915336	0.027847331454754706
0.02733643717600914	0.027822894223954803	0.02784513221034579	0.027847331454254973
0.027311236844289554	0.027822875780762122	0.027845132146616984	0.027847331453738796
0.02728413609863758	0.02782285670275299	0.027845132080726698	0.02784733145320063
0.027254994447304493	0.027822836988963266	0.027845132012674915	0.027847331452653862
0.02722365999849116	0.02782281663839243	0.027845131942463002	0.027847331452078797
0.027189968591294626	0.027822795650011018	0.027845131870090637	0.027847331451490955
0.027153742871006168	0.027822774022753766	0.027845131795556408	0.02784733145088827
0.027114791293947796	0.027822751755525735	0.027845131718862187	0.027847331450264
0.027072907074105926	0.027822728847196318	0.027845131640006196	0.027847331449619026
0.027027867060965566	0.02782270529660605	0.027845131558989215	0.02784733144896241
0.02697943055070681	0.02782268110255775	0.0278451314758114	0.027847331448288402
0.02692733803153768	0.02782265626382706	0.027845131390472802	0.027847331447595353
0.026871309857439147	0.027822630779151404	0.02784513130297231	0.02784733144688531
0.026811044871460514	0.02782260464723889	0.027845131213311006	0.027847331446157475
0.02674621895120389	0.027822577866762007	0.027845131121488044	0.027847331445409858
0.02667648351341847	0.027822550436361823	0.027845131027503755	0.02784733144464896
0.02660146396652486	0.027822522354644382	0.02784513093135794	0.027847331443862658
0.026520758129093287	0.027822493620184827	0.027845130833051127	0.027847331443069723
0.026433934626538272	0.02782246423152104	0.027845130732582372	0.027847331442247693
0.026340531285089005	0.02782243418716184	0.027845130629952343	0.02784733144141685
0.026240053545321072	0.027822403485577605	0.027845130525160064	0.027847331440567617
0.026131972924157403	0.027822372125210017	0.027845130418206753	0.02784733143969924
0.026015725559614438	0.027822340104461423	0.02784513030909083	0.027847331438808628
0.025890710881015404	0.02782230742170471	0.02784513019781395	0.027847331437907238
0.025756290454523507	0.027822274075275853	0.027845130084374083	0.02784733143698284
0.02561178706492282	0.027822240063478422	0.027845129968773225	0.02784733143604691
0.025456484103318057	0.02782220538457957	0.027845129851010123	0.02784733143508897
0.02528962534403054	0.027822170036814656	0.027845129731084092	0.027847331434116728
0.025110415205336554	0.027822134018381448	0.027845129608996287	0.027847331433121753
0.02491801960355706	0.027822097327445734	0.027845129484746538	0.02784733143211594
0.024711567523193992	0.02782205996213646	0.027845129358333595	0.027847331431087956
0.024490153442207136	0.027822021920549386	0.027845129229759232	0.027847331430042123
0.024252840764531845	0.027821983200743	0.027845129099021412	0.02784733142898057
0.023998666427155715	0.027821943800743446	0.027845128966121586	0.027847331427900343
0.023726646859802178	0.027821903718537946	0.02784512883105831	0.027847331426804418
0.023435785486506794	0.02782186295208216	0.0278451286938329	0.027847331425690736
0.023125081960308585	0.02782182149929315	0.027845128554444352	0.027847331424555324
0.022793543325419174	0.027821779358053116	0.027845128412893164	0.02784733142340869
0.022440197287667527	0.027821736526208868	0.027845128269178402	0.02784733142223985
0.02206410776001043	0.027821693001571925	0.027845128123300894	0.02784733142105645
0.021664392813969084	0.027821648781913344	0.027845127975259718	0.02784733141985207
0.0212402451285869	0.027821603864974606	0.027845127825055938	0.027847331418635022
0.020790954954166344	0.02782155824845574	0.0278451276726878	0.027847331417396544
0.02031593554041003	0.027821511930021525	0.02784512751815696	0.02784733141614154
0.019814750864464294	0.027821464907299996	0.02784512736146211	0.0278473314148695
0.01928714537913261	0.027821417177882203	0.027845127202603733	0.027847331413579122
0.018733075355410134	0.027821368739321683	0.02784512704158148	0.02784733141227057
0.018152741240893153	0.027821319589136268	0.027845126878395705	0.027847331410946512
0.017546620280454898	0.0278212697248035	0.027845126713045017	0.027847331409601224
0.0169154984742752	0.02782121914376725	0.027845126545530972	0.027847331408241655
0.0162605008057766	0.02782116784342877	0.02784512637585258	0.027847331406862796
0.015583118471861904	0.027821115821156473	0.027845126204010008	0.027847331405468526
0.014885231813009131	0.0278210630742767	0.02784512603000265	0.027847331404054966
0.01416912752059614	0.027821009600079723	0.02784512585383095	0.02784733140262663
0.013437508736925433	0.02782095539581622	0.02784512567549471	0.027847331401177275
0.012693496745571183	0.027820900458698172	0.02784512549499374	0.027847331399711753
0.011940623125709818	0.02782084478589998	0.027845125312327423	0.02784733139822803
0.0111828115203382	0.027820788374555917	0.027845125127496723	0.027847331396728417
0.010424348531397506	0.027820731221761177	0.02784512494050063	0.02784733139520824
0.009669843696883418	0.02782067332457187	0.02784512475133959	0.027847331393673805
0.008924179004660953	0.027820614680004522	0.027845124560013125	0.027847331392120925
0.008192448924854597	0.027820555285035495	0.027845124366521173	0.027847331390550335
0.007479892451013207	0.027820495136602095	0.027845124170863298	0.02784733138896197
0.006791819113246442	0.02782043423160065	0.02784512397304039	0.027847331387354235
0.006133531288101822	0.027820372566887894	0.027845123773051164	0.027847331385730215
0.005510245388508379	0.027820310138958793	0.02784512357089634	0.027847331384089027
0.004927014607404403	0.02782024694516365	0.027845123366575367	0.02784733138243186
0.0043886558312813476	0.02782018298196997	0.02784512316008812	0.02784733138075501
0.0038996831164752367	0.02782011824606884	0.027845122951434435	0.027847331379060664
0.0034642497596355936	0.027820052734109802	0.027845122740614636	0.027847331377348808
0.0030861005170706806	0.02781998644270023	0.02784512252762833	0.027847331375621672
0.002768534983939362	0.027819919368406602	0.02784512231247529	0.02784733137387428
0.0025143825680742312	0.027819851507751472	0.02784512209515509	0.02784733137210985
0.0023259889401682225	0.027819782857216938	0.027845121875668285	0.02784733137032931
0.0022052133512551076	0.02781971341323984	0.02784512165401397	0.027847331368528364
0.002153435814138767	0.02781964317221745	0.027845121430192667	0.02784733136671378
0.002171572875610778	0.02781957213049982	0.027845121204203863	0.027847331364878946
0.002260100555998122	0.027819500284397412	0.027845120976047723	0.027847331363026518
0.0024190830083920907	0.027819427630173182	0.02784512074572382	0.027847331361157718
0.0026482055038701082	0.027819354164049993	0.027845120513232242	0.027847331359270613
0.0029468104691622483	0.02781927988220365	0.027845120278572628	0.027847331357365106
0.0033139354382780042	0.027819204780767274	0.02784512004174488	0.027847331355444208
0.003748351912675367	0.027819128855826603	0.02784511980274898	0.027847331353503167
0.00424860423639793	0.027819052103426365	0.0278451195615845	0.02784733135154829
0.004813047685591163	0.027818974519562344	0.027845119318251534	0.02784733134957309
0.005439885048316457	0.027818896100187313	0.027845119072749912	0.027847331347579475
0.006127201062498259	0.02781881684120615	0.027845118825079382	0.027847331345570853
0.00687299416182849	0.027818736738479805	0.02784511857524033	0.02784733134354256
0.0076752051233480965	0.027818655787820442	0.02784511832323139	0.0278473313414984
0.008531742247901876	0.02781857398499636	0.027845118069053727	0.0278473313394367
0.009440503158248497	0.02781849132572633	0.027845117812706287	0.02784733133735497
0.010399392842246795	0.0278184078056837	0.02784511755418955	0.02784733133525865
0.011406338456260982	0.027818323420492595	0.027845117293502503	0.027847331333143464
0.01245930090976344	0.02781823816573084	0.027845117030645725	0.02784733133101041
0.013556283633416613	0.02781815203692853	0.027845116765619186	0.027847331328861046
0.014695338901247967	0.027818065029565135	0.027845116498422074	0.027847331326692287
0.015874572100038294	0.02781797713907285	0.02784511622905445	0.027847331324507577
0.017092144333173853	0.02781788836083441	0.02784511595751622	0.02784733132230436
0.01834627372510432	0.027817798690185035	0.027845115683807455	0.027847331320083022
0.01963523574511756	0.027817708122407254	0.027845115407927837	0.027847331317845433
0.020957362821105247	0.02781761665273401	0.027845115129876842	0.027847331315589755
0.022311043473602604	0.027817524276350702	0.027845114849654438	0.0278473313133164
0.023694721138436525	0.027817430988389798	0.027845114567260885	0.027847331311026624
0.02510689282106255	0.02781733678393294	0.027845114282695652	0.027847331308718956
0.026546107665605674	0.027817241658011586	0.02784511399595835	0.027847331306392394
0.028010965513775087	0.027817145605603565	0.02784511370704921	0.027847331304048373
0.029500115489455518	0.027817048621637388	0.027845113415967914	0.027847331301688604
0.03101225463511404	0.027816950700987015	0.027845113122714413	0.027847331299310853
0.032546126600808134	0.027816851838474294	0.02784511282728812	0.027847331296914482
0.03410052040057891	0.02781675202886901	0.027845112529689204	0.027847331294500222
0.03567426921529636	0.027816651266886334	0.02784511222991743	0.027847331292070426
0.03726624924834632	0.027816549547189016	0.02784511192797275	0.027847331289621427
0.03887537861462527	0.027816446864384736	0.027845111623854623	0.027847331287154116
0.040500616259328534	0.027816343213026302	0.027845111317562996	0.027847331284671137
0.04214096089734563	0.027816238587613222	0.027845111009097492	0.027847331282169985
0.043795449966324375	0.027816132982589566	0.027845110698458728	0.027847331279650372
0.045463158588857085	0.02781602639189896	0.027845110385645386	0.027847331277114844
0.04714319853955723	0.027815918810689316	0.027845110070657993	0.027847331274560117
0.04883471721214364	0.027815810232854347	0.027845109753496418	0.027847331271988216
0.05053689659494981	0.027815700652610912	0.02784510943415983	0.027847331269400283
0.05224895224111448	0.027815590064120464	0.027845109112648852	0.027847331266793833
0.053970132244208865	0.027815478461485004	0.027845108788962392	0.02784733126416897
0.05569971621891176	0.027815365838750657	0.027845108463101197	0.027847331261526796
0.05743701428506975	0.027815252189902735	0.0278451081350641	0.027847331258867583
0.05918136606056631	0.027815137508869724	0.027845107804851638	0.027847331256191144
0.06093213966299932	0.027815021789519122	0.0278451074724632	0.027847331253496806
0.06268873072448648	0.027814905025661234	0.027845107137898947	0.027847331250784355
0.0644505743652522	0.02781478721104303	0.02784510680115844	0.027847331248054868
0.06621707950818911	0.027814668339353785	0.02784510646224146	0.02784733124530893
0.0679877573990492	0.027814548404219985	0.027845106121147694	0.027847331242544574
0.06976209122796075	0.027814427399207822	0.027845105777877226	0.027847331239762563
0.07153959996113209	0.027814305317820472	0.027845105432429455	0.027847331236962775
0.07331982451516722	0.027814182153500632	0.02784510508480441	0.027847331234144953
0.07510232690422644	0.027814057899626238	0.02784510473500185	0.02784733123130937
0.07688668940652366	0.027813932549513372	0.02784510438302177	0.027847331228457367
0.07867251375756511	0.02781380609641353	0.02784510402886356	0.027847331225588107
0.08045942036266115	0.02781367853351521	0.027845103672527256	0.027847331222700035
0.08224704753936135	0.02781354985394159	0.027845103314012458	0.027847331219795702
0.08403505077629682	0.027813420050750413	0.02784510295331927	0.027847331216872485
0.08582310202368831	0.027813289116933846	0.027845102590446928	0.027847331213931865
0.0876108889998713	0.027813157045420717	0.027845102225395837	0.02784733121097415
0.08939811452769171	0.027813023829067918	0.027845101858165286	0.027847331207999523
0.09118449588387688	0.027812889460671213	0.027845101488755162	0.027847331205005994
0.09296976418094419	0.027812753932953647	0.027845101117165535	0.027847331201997075
0.09475366376359859	0.02781261723857579	0.02784510074339581	0.027847331198969146
0.09653595162715121	0.02781247937012387	0.02784510036744571	0.027847331195923263
0.09831639685929747	0.027812340320118766	0.02784509998931526	0.027847331192860685
0.10009478009343968	0.027812200081010555	0.02784509960900427	0.02784733118977968
0.10187089299180345	0.02781205864518017	0.027845099226512293	0.02784733118668184
0.10364453773772697	0.027811916004936727	0.02784509884183898	0.02784733118356532
0.10541552654914903	0.02781177215251924	0.027845098454984455	0.027847331180432377
0.1071836812098685	0.027811627080093593	0.027845098065948364	0.027847331177281793
0.10894883261473819	0.027811480779755336	0.02784509767473045	0.02784733117411276
0.11071082033563578	0.027811333243526002	0.027845097281330132	0.027847331170927154
0.1124694921948672	0.027811184463354247	0.02784509688574766	0.02784733116772472
0.11422470386448712	0.027811034431114157	0.02784509648798255	0.027847331164502998
0.11597631846842707	0.02781088313860609	0.027845096088034635	0.027847331161265042
0.11772420621151357	0.02781073057755534	0.027845095685903442	0.027847331158008835
0.11946824401121323	0.027810576739611913	0.027845095281589183	0.027847331154734787
0.12120831515206823	0.02781042161634833	0.027845094875091184	0.027847331151443843
0.12294430894652587	0.02781026519926206	0.02784509446640936	0.027847331148135198
0.12467612041838849	0.027810107479770873	0.027845094055543508	0.027847331144809022
0.12640364998605366	0.02780994844921801	0.027845093642493258	0.027847331141464333
0.12812680317782518	0.02780978809886512	0.027845093227258182	0.02784733113810328
0.12984549033797257	0.02780962641989661	0.027845092809838386	0.027847331134724027
0.13155962636816082	0.027809463403415252	0.027845092390233327	0.027847331131326786
0.13326913046245384	0.02780929904044567	0.02784509196844331	0.02784733112791344
0.1349739258686888	0.02780913332192934	0.02784509154446709	0.027847331124481553
0.13667393965738917	0.027808966238728153	0.02784509111830558	0.027847331121032933
0.13836910250079554	0.02780879778162015	0.027845090689957323	0.027847331117566036
0.1400593484698729	0.027808627941301556	0.027845090259422858	0.027847331114080907
0.14174461483984974	0.02780845670838352	0.027845089826701506	0.02784733111057941
0.14342484190787028	0.027808284073395077	0.027845089391793417	0.02784733110706057
0.14509997282761233	0.027808110026779246	0.02784508895469797	0.027847331103523262
0.14676995344367408	0.027807934558893722	0.027845088515415006	0.02784733109996838
0.1484347321546025	0.02780775765944873	0.02784508807394421	0.027847331096396855
0.15009425977206323	0.02780757931967266	0.02784508763028547	0.027847331092806887
0.1517484893960009	0.027807399529168674	0.02784508718443839	0.02784733108919915
0.1533973763035795	0.027807218277945064	0.027845086736402645	0.027847331085575133
0.1550408778440153	0.027807035555920737	0.027845086286177854	0.027847331081931943
0.1566789533392119	0.0278068513529244	0.02784508583376394	0.027847331078272634
0.1583115640073184	0.027806665658693643	0.027845085379160545	0.0278473310745956
0.15993867287460312	0.027806478462876965	0.02784508492236752	0.027847331070900275
0.16156024471539604	0.027806289755028208	0.027845084463384455	0.02784733106718823
0.16317624598413918	0.02780609952461159	0.027845084002211206	0.027847331063457534
0.16478664476311863	0.027805907760995237	0.027845083538847175	0.027847331059709938
0.16639141071053248	0.027805714453454804	0.027845083073292254	0.027847331055945255
0.1679905150257047	0.0278055195911703	0.02784508260554628	0.027847331052161507
0.16958393039815345	0.02780532316322664	0.027845082135608868	0.027847331048361176
0.17117163098652488	0.027805125158611207	0.02784508166347958	0.027847331044544336
0.17275359238406515	0.027804925566216193	0.027845081189158294	0.02784733104070807
0.1743297915942122	0.027804724374833795	0.027845080712644528	0.027847331036855213
0.17590020700582665	0.027804521573158675	0.027845080233938245	0.027847331032984767
0.17746481837944103	0.027804317149785023	0.027845079753039088	0.027847331029096895
0.17902360682368604	0.027804111093208423	0.027845079269946664	0.02784733102519102
0.18057655478278417	0.0278039033918208	0.027845078784660693	0.027847331021267716
0.18212364601920603	0.02780369403391407	0.02784507829718088	0.027847331017327465
0.18366486560285392	0.0278034830076755	0.027845077807506984	0.02784733101336879
0.18520019989858427	0.027803270301191584	0.027845077315638674	0.02784733100939369
0.18672963654887795	0.027803055902441073	0.027845076821575446	0.027847331005399552
0.18825316446447862	0.02780283979929934	0.027845076325317478	0.02784733100138866
0.18977077381275184	0.027802621979534967	0.02784507582686371	0.027847330997359986
0.19128245599909943	0.0278024024308102	0.027845075326214656	0.02784733099331364
0.19278820365745494	0.027802181140677677	0.027845074823369276	0.027847330989250664
0.19428801063520598	0.027801958096583534	0.02784507431832801	0.027847330985169637
0.19578187197311273	0.027801733285861017	0.027845073811089898	0.027847330981070565
0.19726978389434954	0.027801506695735508	0.02784507330165494	0.027847330976954163
0.198751743783454	0.02780127831332072	0.027845072790022678	0.027847330972820807
0.20022775016736047	0.02780104812561598	0.02784507227619289	0.027847330968669384
0.2016978026987642	0.02780081611950967	0.02784507176016516	0.027847330964499373
0.20316190213040586	0.02780058228177459	0.027845071241939523	0.027847330960312992
0.20462005030073138	0.02780034659906737	0.02784507072151513	0.02784733095610877
0.2060722501031549	0.027800109057930476	0.027845070198891844	0.027847330951888096
0.20751850546960912	0.02779986964478697	0.027845069674069637	0.0278473309476487
0.208958821341192	0.02779962834594499	0.027845069147047524	0.027847330943391847
0.21039320364611439	0.027799385147590956	0.027845068617825958	0.027847330939116986
0.21182165927236707	0.027799140035792418	0.02784506808640426	0.027847330934825668
0.21324419604611108	0.0277988929964942	0.02784506755278197	0.027847330930515824
0.21466082269768239	0.027798644015522695	0.027845067016958772	0.027847330926189386
0.2160715488388461	0.027798393078577247	0.027845066478934616	0.027847330921845048
0.21747638493768814	0.027798140171235466	0.027845065938708984	0.027847330917482347
0.21887534228912872	0.027797885278949285	0.027845065396281506	0.027847330913103114
0.22026843298477333	0.0277976283870435	0.02784506485165181	0.027847330908705392
0.2216556698887658	0.02779736948071903	0.027845064304819818	0.027847330904291055
0.22303706661125805	0.02779710854504475	0.027845063755784914	0.02784733089985835
0.22441263747772658	0.02779684556496225	0.027845063204546775	0.027847330895408442
0.22578239750430512	0.02779658052528128	0.02784506265110507	0.027847330890941303
0.22714636236781527	0.02779631341068342	0.027845062095459616	0.027847330886455694
0.22850454838391557	0.02779604420571339	0.027845061537610225	0.027847330881954045
0.22985697247769124	0.02779577289478464	0.027845060977556037	0.02784733087743352
0.23120365215709468	0.027795499462177183	0.027845060415296833	0.02784733087289605
0.23254460548652486	0.027795223892032345	0.027845059850832705	0.027847330868340292
0.23387985106996434	0.02779494616835605	0.02784505928416288	0.027847330863768144
0.23520940801462212	0.02779466627501558	0.027845058715286936	0.027847330859177285
0.23653329591511754	0.027794384195739173	0.027845058144204796	0.0278473308545697
0.23785153482325358	0.027794099914115498	0.02784505757091615	0.027847330849944778
0.23916414523294185	0.027793813413589233	0.02784505699542059	0.027847330845301423
0.24047114805382674	0.027793524677464185	0.02784505641771742	0.02784733084064082
0.24177256458395494	0.027793233688899303	0.027845055837806467	0.027847330835962286
0.24306841649643904	0.027792940430202206	0.02784505525568762	0.027847330831267413
0.24435872581589652	0.027792644885564922	0.02784505467136038	0.02784733082655378
0.2456435148968322	0.027792347037077426	0.027845054084824163	0.027847330821822756
0.2469228064028861	0.027792046867312865	0.027845053496078895	0.027847330817075085
0.2481966232897791	0.027791744358689145	0.027845052905124065	0.027847330812308512
0.24946498878586035	0.0277914394934757	0.02784505231195949	0.027847330807525245
0.2507279263744099	0.027791132253787234	0.027845051716584253	0.02784733080272446
0.2519854597737342	0.027790822621585505	0.0278450511189987	0.02784733079790595
0.25323761292099933	0.027790510578677784	0.027845050519202028	0.027847330793069457
0.25448440995911786	0.02779019610671225	0.0278450499171942	0.027847330788216242
0.2557258752146278	0.02778987918717964	0.02784504931297434	0.0278473307833446
0.2569620331840995	0.02778955980141519	0.027845048706542287	0.027847330778455723
0.2581929085196495	0.02778923793058839	0.02784504809789802	0.027847330773549454
0.25941852601627413	0.02778891355571047	0.027845047487040857	0.027847330768626118
0.2606389105923321	0.027788586657625076	0.02784504687397031	0.027847330763684362
0.2618540872810411	0.02778825721701562	0.027845046258685988	0.027847330758724868
0.26306408121031694	0.02778792521439712	0.027845045641187848	0.027847330753748598
0.26426891759833904	0.027787590630117275	0.02784504502147537	0.027847330748754288
0.26546862173524105	0.02778725344435463	0.0278450443995478	0.027847330743742748
0.2666632189708755	0.027786913637117584	0.027845043775405164	0.027847330738713476
0.2678527347050832	0.027786571188243032	0.02784504314904716	0.02784733073366726
0.2690371943779949	0.027786226077394567	0.027845042520472946	0.027847330728602467
0.2702166234540605	0.02778587828405981	0.02784504188968259	0.027847330723520535
0.2713910474160469	0.027785527787551244	0.027845041256675352	0.02784733071842157
0.27256049175191843	0.027785174567003676	0.02784504062145105	0.027847330713304225
0.2737249819489681	0.027784818601371598	0.027845039984009272	0.027847330708169103
0.27488454347858554	0.027784459869430653	0.027845039344349475	0.027847330703017835
0.2760392017942703	0.027784098349771396	0.027845038702471417	0.02784733069784803
0.27718898231713635	0.027783734020803155	0.027845038058374443	0.02784733069266074
0.27833391043132216	0.027783366860747914	0.027845037412058644	0.027847330687455728
0.2794740114716138	0.027782996847641944	0.027845036763523075	0.027847330682232947
0.2806093107236761	0.027782623959331804	0.027845036112767643	0.02784733067699356
0.2817398334091368	0.027782248173475316	0.02784503545979207	0.027847330671735768
0.28286560468402033	0.027781869467535827	0.02784503480459566	0.02784733066646055
0.28398664962892084	0.02778148781878679	0.02784503414717815	0.02784733066116852
0.28510299324449384	0.027781103204303485	0.027845033487538955	0.027847330655858125
0.2862146604453091	0.027780715600967478	0.02784503282567794	0.027847330650530522
0.2873216760563378	0.027780324985456822	0.02784503216159447	0.02784733064518469
0.28842406480329197	0.02777993133425408	0.027845031495288233	0.027847330639822015
0.2895218513143286	0.02777953462363995	0.027845030826758856	0.027847330634441253
0.29061506010829513	0.02777913482968836	0.027845030156005857	0.02784733062904345
0.2917037155982498	0.027778731928269688	0.02784502948302866	0.027847330623628142
0.29278784208034303	0.027778325895047227	0.027845028807827223	0.027847330618195516
0.2938674637361319	0.02777791670547479	0.027845028130400976	0.02784733061274494
0.29494260462562244	0.02777750433479724	0.02784502745074921	0.02784733060727625
0.2960132886877958	0.027777088758045253	0.02784502676887196	0.02784733060179063
0.29707953973440576	0.02777666995003499	0.02784502608476833	0.027847330596287388
0.2981413814513075	0.02777624788536913	0.02784502539843826	0.027847330590766335
0.29919883739037445	0.02777582253842955	0.02784502470988127	0.02784733058522847
0.3002519309776935	0.027775393883378106	0.027845024019096887	0.027847330579672428
0.30130068550238276	0.027774961894159133	0.02784502332608458	0.02784733057409821
0.3023451241190567	0.02777452654448817	0.02784502263084417	0.027847330568507266
0.30338526984862096	0.027774087807857943	0.027845021933374844	0.027847330562898637
0.3044211455759778	0.027773645657534554	0.027845021233676402	0.027847330557272593
0.305452774047699	0.02777320006655254	0.027845020531748553	0.027847330551628975
0.306480177875067	0.027772751007714848	0.027845019827590464	0.027847330545967275
0.30750337952811335	0.02777229845359567	0.027845019121202092	0.027847330540288782
0.3085224013455795	0.02777184237652702	0.02784501841258284	0.02784733053459248
0.3095372655242845	0.02777138274861004	0.027845017701732165	0.02784733052887836
0.3105479941264963	0.027770919541701373	0.027845016988649766	0.02784733052314693
0.3115546090774235	0.02777045272741904	0.027845016273335257	0.02784733051739735
0.31255713216828634	0.027769982277136916	0.027845015555787875	0.027847330511630616
0.3135555850528143	0.027769508161983293	0.02784501483600764	0.027847330505846778
0.3145499892527551	0.02776903035283901	0.02784501411399384	0.02784733050004436
0.315540366156553	0.02776854882033425	0.027845013389745876	0.02784733049422508
0.3165267370222612	0.02776806353484763	0.027845012663263616	0.02784733048838879
0.3175091229741343	0.027767574465671983	0.027845011934546332	0.02784733048253377
0.31848754501176957	0.02776708158423602	0.02784501120359378	0.0278473304766616
0.3194620240030552	0.02776658485940994	0.027845010470405437	0.02784733047077248
0.3204325806912506	0.027766084260540915	0.027845009734980792	0.02784733046486488
0.32139923569423573	0.027765579756712965	0.02784500899731952	0.02784733045894074
0.32236200950753036	0.027765071316745066	0.027845008257420957	0.02784733045299845
0.32332092250285	0.027764558909190974	0.02784500751528483	0.027847330447038684
0.32427599493402026	0.02776404250232993	0.027845006770910435	0.027847330441060685
0.325227246933483	0.027763522064172465	0.027845006024297694	0.02784733043506612
0.3261746985201828	0.027762997562452527	0.027845005275445853	0.027847330429053522
0.32711836959348717	0.02776246896463073	0.02784500452435456	0.027847330423023803
0.3280582799427595	0.02776193623788131	0.027845003771023207	0.0278473304169756
0.32899444924223387	0.027761399349103197	0.02784500301545161	0.027847330410911003
0.3299268970571941	0.027760858264907685	0.02784500225763892	0.027847330404827893
0.33085564284251484	0.027760312951622776	0.027845001497585162	0.02784733039872742
0.3317807059473418	0.027759763375282485	0.027845000735289165	0.027847330392609403
0.33270210561182956	0.027759209501632683	0.027844999970751252	0.027847330386474436
0.3336198609750711	0.027758651296123964	0.0278449992039701	0.027847330380321462
0.33453399106911963	0.027758088723910147	0.027844998434946124	0.02784733037415097
0.3354445148272706	0.027757521749847282	0.027844997663678095	0.027847330367962726
0.3363514510808365	0.02775695033848575	0.027844996890166045	0.027847330361756805
0.3372548185611008	0.02775637445407675	0.027844996114409364	0.027847330355533797
0.3381546359031359	0.02775579406055832	0.027844995336407153	0.027847330349293525
0.3390509216440237	0.02775520912156471	0.02784499455615957	0.02784733034303488
0.33994369422522547	0.027754619600414632	0.02784499377366565	0.02784733033675862
0.34083297199318274	0.027754025460110812	0.027844992988925333	0.0278473303304654
0.34171877320153327	0.02775342666334017	0.027844992201937546	0.027847330324154398
0.34260111601012566	0.027752823172468747	0.0278449914127024	0.027847330317825804
0.34348001848800097	0.02775221494953911	0.027844990621219225	0.027847330311479585
0.3443554986121238	0.027751601956264107	0.027844989827487343	0.027847330305115863
0.345227574270306	0.027750984154034295	0.02784498903150608	0.027847330298734825
0.34609626325968973	0.027750361503901984	0.027844988233275646	0.027847330292335694
0.3469615832896538	0.027749733966590626	0.02784498743279512	0.02784733028591952
0.3478235519808147	0.027749101502481055	0.027844986630063764	0.027847330279485955
0.3486821868670907	0.027748464071615114	0.027844985825081384	0.027847330273034127
0.34953750539389455	0.027747821633694707	0.027844985017847622	0.027847330266564906
0.3503895249204618	0.02774717414806906	0.027844984208361553	0.027847330260078722
0.3512382627213477	0.027746521573741984	0.02784498339662291	0.027847330253574533
0.35208373598385223	0.027745863869363598	0.027844982582631163	0.027847330247052555
0.3529259618096828	0.02774520099323051	0.027844981766386067	0.027847330240513404
0.35376495721611684	0.027744532903277663	0.02784498094788667	0.02784733023395627
0.35460073913595547	0.027743859557078927	0.027844980127132647	0.02784733022738199
0.35543332441653697	0.02774318091184442	0.027844979304123555	0.027847330220789977
0.35626272982119417	0.027742496924418346	0.02784497847885881	0.027847330214180784
0.3570889720290522	0.027741807551269836	0.027844977651337886	0.02784733020755345
0.3579120676351929	0.027741112748491854	0.027844976821560324	0.027847330200908408
0.35873203315030666	0.027740412471807512	0.027844975989525653	0.02784733019424608
0.35954888500267407	0.02773970667655334	0.027844975155233088	0.02784733018756635
0.36036263953381015	0.027738995317683212	0.027844974318682485	0.02784733018086936
0.36117331300496175	0.02773827834975925	0.027844973479873084	0.027847330174154312
0.36198092159086653	0.027737555726959538	0.027844972638804387	0.027847330167421802
0.3627854813838522	0.027736827403064414	0.027844971795476004	0.02784733016067176
0.3635870083928434	0.02773609333145906	0.027844970949887284	0.027847330153904122
0.3643855185418069	0.0277353534651202	0.02784497010203759	0.027847330147118834
0.36518102767108923	0.02773460775662808	0.02784496925192659	0.027847330140315957
0.3659735515387333	0.027733856158153398	0.02784496839955401	0.027847330133495954
0.36676310581667304	0.027733098621449643	0.027844967544918744	0.027847330126658444
0.3675497060947887	0.027732335097861265	0.027844966688020563	0.027847330119802543
0.3683333678776447	0.02773156553831117	0.027844965828858755	0.027847330112929898
0.3691141065863756	0.027730789893300883	0.02784496496743304	0.02784733010603944
0.3698919375576382	0.02773000811290556	0.027844964103742997	0.027847330099131536
0.3706668760443199	0.027729220146765838	0.027844963237787405	0.027847330092205892
0.3714389372148748	0.027728425944096365	0.027844962369566517	0.027847330085262155
0.3722081361526736	0.027727625453672983	0.02784496149907938	0.027847330078301775
0.3729744878579652	0.02772681862382605	0.02784496062632561	0.027847330071323152
0.3737380072462222	0.027726005400691738	0.027844959751304466	0.027847330064327474
0.3744987091476508	0.027725185736963417	0.02784495887401546	0.027847330057314226
0.37525660830824176	0.027724359574374805	0.027844957994458252	0.027847330050282608
0.3760117193900456	0.027723526861207305	0.027844957112632074	0.02784733004323434
0.3767640569700053	0.027722687543529252	0.02784495622853649	0.027847330036168336
0.3775136355403159	0.02772184156694446	0.02784495534217084	0.027847330029084554
0.37826046950916203	0.027720988876594983	0.02784495445353474	0.027847330021983144
0.379004573199801	0.02772012941713636	0.027844953562627648	0.027847330014864752
0.3797459608508667	0.027719263132760297	0.027844952669448718	0.02784733000772819
0.38048464661624887	0.02771838996717195	0.027844951773997505	0.027847330000573826
0.38122064456590393	0.02771750986359465	0.027844950876273717	0.027847329993402743
0.3819539686848291	0.02771662276475667	0.02784494997627667	0.027847329986213722
0.38268463287400434	0.02771572861289718	0.027844949074005476	0.02784732997900723
0.3834126509497518	0.02771482734975603	0.027844948169460006	0.027847329971782638
0.3841380366447346	0.027713918916575254	0.02784494726263963	0.02784732996454117
0.38486080360786473	0.02771300325408471	0.027844946353543565	0.02784732995728134
0.38558096540265757	0.027712080302506367	0.02784494544217126	0.027847329950004662
0.38629853551081156	0.02771115000154509	0.027844944528522323	0.027847329942710476
0.3870135273290528	0.02771021229039153	0.027844943612596092	0.02784732993539847
0.3877259541709159	0.027709267107702357	0.02784494269439208	0.02784732992806837
0.3884358292673147	0.02770831439161617	0.027844941773909657	0.027847329920721402
0.3891431657654619	0.027707354079729168	0.027844940851148282	0.027847329913357064
0.3898479767308065	0.02770638610910811	0.027844939926107298	0.027847329905975018
0.3905502751456059	0.02770541041626894	0.027844938998786182	0.0278473298985748
0.3912500739094695	0.027704426937188328	0.027844938069184193	0.0278473298911577
0.39194738584110944	0.027703435607283267	0.027844937137300945	0.02784732988372265
0.39264222367723356	0.02770243636142029	0.027844936203136068	0.027847329876269755
0.39333460007261567	0.027701429133899714	0.027844935266688586	0.027847329868799883
0.39402452760156453	0.02770041385845843	0.027844934327958145	0.02784732986131244
0.39471201875755946	0.027699390468259793	0.027844933386943948	0.027847329853806793
0.3953970859543642	0.027698358895895284	0.027844932443645807	0.027847329846284383
0.396079741525337	0.027697319073367557	0.027844931498062435	0.027847329838744134
0.39675999772412157	0.027696270932100177	0.027844930550194023	0.02784732983118601
0.39743786672577236	0.027695214402920658	0.02784492960003952	0.027847329823610458
0.3981133606258696	0.027694149416061662	0.027844928647598476	0.027847329816017893
0.39878649144274453	0.027693075901157136	0.027844927692870287	0.027847329808407296
0.3994572711161963	0.02769199378722939	0.02784492673585429	0.027847329800778687
0.4001257115084402	0.027690903002686514	0.027844925776549928	0.027847329793133285
0.4007918244058521	0.02768980347533022	0.027844924814956686	0.0278473297854701
0.40145562151703906	0.027688695132328956	0.027844923851073913	0.027847329777789427
0.40211711447634385	0.027687577900228723	0.027844922884900845	0.02784732977009044
0.4027763148409853	0.02768645170493489	0.027844921916437237	0.02784732976237452
0.4034332340940432	0.02768531647172573	0.02784492094568213	0.02784732975464129
0.404087883644199	0.02768417212521967	0.02784491997263507	0.027847329746890186
0.40474027483815445	0.027683018589404074	0.027844918997295656	0.027847329739121237
0.4053904188291201	0.027681855787589624	0.027844918019662726	0.027847329731335087
0.406038327058801	0.027680683642443055	0.027844917039736312	0.027847329723531756
0.40668401041395824	0.027679502075955046	0.027844916057515316	0.02784732971571002
0.40732748001153146	0.02767831100944472	0.027844915072999497	0.027847329707871526
0.40796874682557877	0.027677110363553546	0.02784491408618788	0.027847329700014915
0.40860782175800214	0.027675900058237793	0.02784491309708028	0.027847329692140543
0.4092447156425886	0.0276746800127631	0.027844912105675666	0.0278473296842489
0.4098794392418763	0.027673450145704305	0.02784491111197364	0.027847329676340113
0.4105120032505006	0.027672210374922696	0.02784491011597343	0.027847329668413207
0.41114241829500214	0.027670960617582695	0.02784490911767465	0.027847329660468705
0.4117706949327006	0.027669700790125776	0.027844908117076392	0.027847329652507104
0.41239684365553275	0.02766843080827806	0.02784490711417836	0.02784732964452766
0.41302087488800815	0.02766715058703232	0.027844906108979738	0.027847329636530624
0.4136427989878816	0.027665860040661676	0.02784490510147985	0.027847329628516413
0.41426262624893073	0.027664559082682862	0.027844904091678117	0.027847329620483936
0.4148803668988737	0.027663247625881633	0.027844903079574032	0.02784732961243417
0.4154960311020059	0.027661925582276828	0.02784490206516679	0.027847329604366807
0.41610962895763615	0.02766059286314525	0.027844901048455824	0.02784732959628235
0.4167211705030575	0.027659249378985985	0.02784490002944062	0.027847329588179634
0.4173306657122013	0.027657895039527442	0.027844899008120365	0.027847329580059827
0.4179381244978834	0.02765652975372591	0.02784489798449453	0.027847329571922166
0.4185435567098422	0.027655153429752357	0.02784489695856237	0.02784732956376753
0.41914697213795504	0.02765376597497433	0.027844895930323223	0.027847329555594737
0.4197483805115899	0.027652367295978128	0.027844894899776724	0.027847329547404574
0.42034779149992957	0.027650957298527273	0.027844893866921974	0.027847329539196483
0.4209452147128587	0.027649535887588887	0.02784489283175831	0.02784732953097155
0.42154065970207044	0.02764810296730092	0.027844891794285346	0.027847329522728514
0.42213413595925103	0.027646658440976964	0.02784489075450217	0.02784732951446786
0.4227256529200368	0.027645202211095277	0.027844889712408196	0.027847329506189997
0.42331521996204047	0.027643734179297337	0.02784488866800296	0.027847329497894376
0.4239028464058175	0.02764225424637313	0.02784488762128549	0.027847329489580935
0.4244885415161839	0.027640762312264495	0.027844886572255506	0.027847329481250658
0.4250723145021153	0.027639258276040798	0.02784488552091196	0.027847329472902
0.4256541745167242	0.027637742035912793	0.027844884467254458	0.02784732946453644
0.4262341306590109	0.027636213489198556	0.027844883411282384	0.02784732945615309
0.4268121919722808	0.027634672532351613	0.027844882352994774	0.027847329447751843
0.42738836744792785	0.02763311906091427	0.027844881292391335	0.02784732943933347
0.4279626660217541	0.02763155296954123	0.02784488022947105	0.027847329430897537
0.42853509657756556	0.027629974151976495	0.02784487916423351	0.02784732942244381
0.42910566794695254	0.027628382501044206	0.027844878096678283	0.027847329413972208
0.4296743889088703	0.027626777908653623	0.027844877026803938	0.027847329405483866
0.4302412681897809	0.0276251602657713	0.02784487595461055	0.027847329396977295
0.43080631446603435	0.027623529462441822	0.027844874880097143	0.02784732938845327
0.43136953636177117	0.027621885387744724	0.027844873803263056	0.02784732937991151
0.4319309424526564	0.027620227929812384	0.027844872724107562	0.02784732937135249
0.4324905412614719	0.027618556975817207	0.02784487164263011	0.027847329362775623
0.4330483412629516	0.027616872411961636	0.02784487055883014	0.027847329354181764
0.4336043508823151	0.027615174123457657	0.027844869472706604	0.027847329345569983
0.43415857849550127	0.027613461994535057	0.027844868384259192	0.02784732933694066
0.4347110324295102	0.02761173590843206	0.0278448672934872	0.027847329328293747
0.435261720963025	0.02760999574737983	0.027844866200389583	0.027847329319629535
0.4358106523272399	0.027608241392588644	0.027844865104965862	0.02784732931094704
0.4363578347057408	0.027606472724251666	0.02784486400721551	0.027847329302247533
0.43690327623420633	0.02760468962153697	0.027844862907137724	0.027847329293530735
0.43744698500155055	0.02760289196256564	0.027844861804731728	0.02784732928479595
0.4379889690501711	0.0276010796244138	0.02784486069999713	0.027847329276043456
0.43852923637666885	0.027599252483098496	0.027844859592932817	0.0278473292672734
0.4390677949301707	0.02759741041357372	0.02784485848353842	0.027847329258485938
0.4396046526153432	0.027595553289719996	0.027844857371813216	0.027847329249681353
0.4401398172915613	0.027593680984323028	0.027844856257756425	0.02784732924085845
0.4406732967719763	0.027591793369087597	0.02784485514136721	0.02784732923201815
0.44120509882547043	0.0275898903146084	0.027844854022644996	0.02784732922316058
0.44173523117657615	0.027587971690372214	0.027844852901589355	0.027847329214285226
0.4422637015053799	0.02758603736474677	0.027844851778199405	0.02784732920539255
0.4427905174476405	0.027584087204957433	0.02784485065247406	0.027847329196482144
0.4433156865962406	0.02758212107709987	0.02784484952441313	0.027847329187554025
0.4438392164993085	0.02758013884611779	0.02784484839401574	0.027847329178608504
0.4443611146637146	0.02757814037579726	0.027844847261281332	0.027847329169645697
0.44488138855079196	0.027576125528747508	0.02784484612620883	0.02784732916066454
0.44540004558149804	0.027574094166403555	0.027844844988797707	0.02784732915166654
0.4459170931332736	0.02757204614901645	0.027844843849047465	0.02784732914265089
0.44643253854124976	0.027569981335632595	0.027844842706957192	0.027847329133617336
0.44694638909961093	0.027567899584079795	0.027844841562526132	0.027847329124566382
0.4474586520593606	0.027565800750986462	0.02784484041575354	0.02784732911549791
0.44796933463130223	0.027563684691737873	0.02784483926663902	0.027847329106411956
0.44847844398450065	0.027561551260480904	0.027844838115181583	0.027847329097308048
0.4489859872469159	0.027559400310112354	0.02784483696138052	0.027847329088186844
0.44949197150655174	0.027557231692269778	0.027844835805235113	0.027847329079048015
0.44999640380991784	0.027555045257333724	0.027844834646744747	0.02784732906989165
0.45049929116363	0.027552840854367645	0.027844833485908715	0.02784732906071752
0.45100064053427547	0.02755061840363724	0.027844832322726023	0.027847329051526346
0.45150045884883677	0.027548377534246788	0.027844831157196215	0.027847329042317022
0.4519987529944888	0.027546118308753052	0.027844829989318542	0.027847329033090354
0.452495529818471	0.027543840498543606	0.02784482881909218	0.027847329023846425
0.4529907961307166	0.027541543946126013	0.02784482764651644	0.027847329014584643
0.4534845586995736	0.02753922849267061	0.027844826471590523	0.02784732900530491
0.4539768242567599	0.027536893977988263	0.027844825294313924	0.027847328996008516
0.4544675994951167	0.02753454024051169	0.027844824114685664	0.02784732898669359
0.4549568910680664	0.02753216711729367	0.02784482293270501	0.027847328977361925
0.4554447055928385	0.02752977444400151	0.027844821748371284	0.02784732896801224
0.4559310496476334	0.02752736205489245	0.02784482056168397	0.027847328958644994
0.45641592977275103	0.02752492978281444	0.02784481937264195	0.027847328949259956
0.45689935247231717	0.027522477459176752	0.027844818181244683	0.027847328939857516
0.45738132421176614	0.027520004913953296	0.02784481698749134	0.027847328930437672
0.45786185142157154	0.027517511975675334	0.027844815791381306	0.027847328921000482
0.4583409404933299	0.027514998471402156	0.027844814592913953	0.027847328911545583
0.4588185977837082	0.027512464226719748	0.02784481339208793	0.027847328902072584
0.4592948296123609	0.027509909065724904	0.02784481218890311	0.027847328892582658
0.4597696422628163	0.027507332811019414	0.027844810983358528	0.027847328883074913
0.4602430419831488	0.02750473528368714	0.027844809775453637	0.02784732887354974
0.4607150349853526	0.027502116303290667	0.027844808565187125	0.027847328864006773
0.46118562744599134	0.027499475687854765	0.027844807352558707	0.02784732885444602
0.46165482550724646	0.027496813253857312	0.027844806137567672	0.027847328844868163
0.4621226352748629	0.027494128816214564	0.027844804920213035	0.027847328835272932
0.4625890628207367	0.02749142218825354	0.02784480370049388	0.027847328825659632
0.46305411418249187	0.027488693181733782	0.027844802478409907	0.027847328816028628
0.463517795362339	0.027485941606802313	0.027844801253960008	0.027847328806380606
0.46398011232932135	0.02748316727200101	0.027844800027143693	0.027847328796714626
0.46444107101793225	0.027480369984217795	0.02784479879795976	0.027847328787031073
0.46490067732891743	0.027477549548740557	0.02784479756640781	0.027847328777330097
0.4653589371303514	0.027474705769174875	0.027844796332487053	0.02784732876761174
0.4658158562563196	0.02747183844746252	0.027844795096196636	0.02784732875787565
0.46627144050739866	0.027468947383877198	0.027844793857535785	0.02784732874812185
0.46672569565268324	0.027466032376982898	0.027844792616503525	0.02784732873835012
0.4671786274272731	0.027463093223650644	0.027844791373099403	0.02784732872856149
0.46763024153480015	0.027460129719014514	0.02784479012732268	0.027847328718755063
0.4680805436460742	0.02745714165648481	0.02784478887917232	0.027847328708930873
0.46852953939968534	0.027454128827708816	0.02784478762864757	0.027847328699089728
0.4689772344036816	0.02745109102258874	0.027844786375747953	0.027847328689230174
0.46942363423308237	0.027448028029230603	0.027844785120472275	0.027847328679353835
0.4698687444322867	0.027444939633956316	0.02784478386281989	0.027847328669459364
0.4703125705148973	0.02744182562127282	0.02784478260279004	0.027847328659547352
0.47075511796212577	0.027438685773885314	0.02784478134038227	0.027847328649618138
0.4711963922267726	0.027435519872643765	0.027844780075595363	0.02784732863967104
0.47163639872861784	0.027432327696550105	0.02784477880842841	0.0278473286297066
0.4720751428591139	0.027429109022741857	0.027844777538880823	0.027847328619724304
0.4725126299781809	0.0274258636264903	0.02784477626695224	0.0278473286097245
0.4729488654165963	0.027422591281152486	0.02784477499264125	0.02784732859970749
0.47338385447556103	0.027419291758180035	0.027844773715947214	0.02784732858967249
0.4738176024265846	0.027415964827100445	0.02784477243686939	0.02784732857962014
0.47425011451151566	0.027412610255506852	0.02784477115540705	0.027847328569550255
0.47468139594371594	0.02740922780903186	0.027844769871559535	0.027847328559462432
0.47511145190721155	0.027405817251317615	0.027844768585325478	0.027847328549357373
0.47554028755791145	0.02740237834404777	0.027844767296704556	0.027847328539234436
0.4759679080228323	0.027398910846896964	0.027844766005695867	0.027847328529094325
0.4763943184002605	0.027395414517502367	0.02784476471229867	0.02784732851893644
0.47681952376179	0.027391889111486375	0.02784476341651192	0.02784732850876116
0.4772435291495195	0.02738833438239663	0.027844762118335024	0.027847328498567997
0.477666339579349	0.02738475008174581	0.02784476081776704	0.027847328488357265
0.47808796003840914	0.02738113595895538	0.027844759514807232	0.027847328478129273
0.47850839548758883	0.027377491761320323	0.027844758209454992	0.02784732846788393
0.4789276508601329	0.027373817234050628	0.02784475690170898	0.02784732845762057
0.4793457310621971	0.027370112120205136	0.027844755591568654	0.027847328447339337
0.47976264097391547	0.027366376160705943	0.027844754279033483	0.02784732843704078
0.48017838544803226	0.027362609094306788	0.027844752964102246	0.027847328426725097
0.4805929693117121	0.02735881065756513	0.02784475164677431	0.027847328416391374
0.4810063973653415	0.02735498058486755	0.027844750327048643	0.02784732840604011
0.4814186743837016	0.027351118608362267	0.027844749004924726	0.02784732839567172
0.48182980511638723	0.027347224457974204	0.02784474768040165	0.02784732838528514
0.4822397942856444	0.027343297861352284	0.02784474635347842	0.02784732837488119
0.4826486465899417	0.02733933854392033	0.027844745024154245	0.027847328364459835
0.4830563667014884	0.027335346228789466	0.027844743692428446	0.027847328354021133
0.48346295926841787	0.027331320636774126	0.027844742358300218	0.02784732834356461
0.4838684289129454	0.0273272614863622	0.02784474102176843	0.02784732833309007
0.48427278023283166	0.027323168493714124	0.02784473968283235	0.027847328322598598
0.4846760178012907	0.02731904137263393	0.02784473834149147	0.027847328312089165
0.48507814616755585	0.027314879834547032	0.027844736997744705	0.02784732830156244
0.48547916985665696	0.02731068358847196	0.027844735651590968	0.027847328291017704
0.48587909336822266	0.02730645234104406	0.027844734303029754	0.027847328280455528
0.4862779211800988	0.027302185796467784	0.027844732952060143	0.02784732826987626
0.4866756577442535	0.027297883656479453	0.02784473159868159	0.027847328259279026
0.4870723074906509	0.027293545620359603	0.027844730242892385	0.027847328248664475
0.4874678748251138	0.02728917138491908	0.027844728884692433	0.027847328238031963
0.4878623641302463	0.027284760644468366	0.027844727524080716	0.027847328227382184
0.4882557797662027	0.027280313090762853	0.027844726161056734	0.027847328216714613
0.4886481260690368	0.02727582841304644	0.02784472479561873	0.02784732820602964
0.4890394073529139	0.027271306298004158	0.027844723427766376	0.02784732819532701
0.48942962790901245	0.027266746429753057	0.027844722057499015	0.02784732818460653
0.4898187920061749	0.027262148489778166	0.027844720684815562	0.02784732817386903
0.490206903890863	0.027257512156972783	0.027844719309715233	0.02784732816311355
0.4905939677867908	0.027252837107594876	0.027844717932196932	0.02784732815234083
0.49097998789643055	0.02724812301526293	0.0278447165522601	0.02784732814155012
0.4913649684000812	0.027243369550890472	0.027844715169903816	0.02784732813074217
0.49174891345617877	0.02723857638271643	0.02784471378512688	0.027847328119916432
0.49213182720135773	0.02723374317625017	0.027844712397929006	0.027847328109073283
0.4925137137508371	0.027228869594303484	0.02784471100830891	0.02784732809821248
0.49289457719898006	0.02722395529689913	0.027844709616265954	0.027847328087334387
0.49327442161811547	0.027218999941296097	0.027844708221798967	0.02784732807643836
0.4936532510602541	0.027214003181976813	0.02784470682490716	0.027847328065524653
0.49403106955603276	0.027208964670600768	0.02784470542559002	0.02784732805459342
0.4944078811152263	0.02720388405598873	0.027844704023846343	0.02784732804364496
0.4947836897267545	0.02719876098411248	0.027844702619675265	0.027847328032678646
0.49515849936008705	0.027193595098081044	0.02784470121307589	0.02784732802169501
0.49553231396252884	0.027188386038088548	0.02784469980404754	0.027847328010693412
0.4959051374625667	0.027183133441448792	0.02784469839258916	0.02784732799967435
0.4962769737679697	0.027177836942482825	0.027844696978699807	0.02784732798863819
0.4966478267661553	0.0271724961726184	0.02784469556237885	0.027847327977583717
0.4970177003248191	0.02716711076027617	0.027844694143625323	0.027847327966512108
0.49738659829216986	0.02716168033087608	0.02784469272243819	0.02784732795542282
0.4977545244961386	0.027156204506822646	0.02784469129881646	0.027847327944315985
0.4981214827458101	0.027150682907504813	0.02784468987275951	0.027847327933191852
0.49848747683025246	0.027145115149225765	0.027844688444266418	0.027847327922049518
0.4988525105192226	0.027139500845203796	0.027844687013336276	0.027847327910890132
0.49921658756362913	0.027133839605558874	0.02784468557996801	0.027847327899713146
0.499579711694894	0.027128131037305683	0.027844684144160997	0.02784732788851798
0.49994188662587713	0.02712237474429014	0.027844682705914073	0.027847327877306097
0.5003031160499622	0.027116570327212194	0.027844681265226594	0.027847327866076063
0.5006634036427634	0.02711071738355675	0.027844679822097422	0.027847327854828432
0.5010227530599815	0.02710481550760165	0.027844678376525735	0.027847327843563557
0.5013811679396465	0.027098864290446154	0.027844676928510594	0.027847327832281058
0.501738651901278	0.027092863319867863	0.02784467547805146	0.027847327820980896
0.5020952085458317	0.027086812180384744	0.02784467402514688	0.027847327809662946
0.5024508414559847	0.027080710453255337	0.027844672569796038	0.027847327798327617
0.5028055541968957	0.02707455771638356	0.0278446711119984	0.027847327786974803
0.5031593503151979	0.027068353544340035	0.02784466965175285	0.02784732777560427
0.5035122333396747	0.027062097508316438	0.027844668189058213	0.027847327764216168
0.5038642067816033	0.027055789176155545	0.027844666723913992	0.027847327752810718
0.5042152741342069	0.027049428112286757	0.027844665256319127	0.027847327741387495
0.5045654388735292	0.027043013877683826	0.027844663786272473	0.02784732772994645
0.5049147044583377	0.027036546029883504	0.02784466231377337	0.02784732771848836
0.5052630743289944	0.027030024122942184	0.02784466083882078	0.027847327707012336
0.5056105519098433	0.027023447707451312	0.02784465936141402	0.027847327695518714
0.5059571406070618	0.027016816330443363	0.02784465788155172	0.027847327684007574
0.5063028438104255	0.027010129535416653	0.027844656399233097	0.027847327672478835
0.5066476648926699	0.027003386862343912	0.027844654914457458	0.02784732766093288
0.5069916072096526	0.026996587847573663	0.027844653427223805	0.027847327649368717
0.5073346740999625	0.026989732023863414	0.027844651937531117	0.02784732763778776
0.5076768688860333	0.026982818920322563	0.02784465044537844	0.02784732762618867
0.5080181948739464	0.026975848062446517	0.027844648950764744	0.027847327614572037
0.5083586553527426	0.026968818972011338	0.027844647453689544	0.02784732760293777
0.5086982535952166	0.026961731167120404	0.02784464595415137	0.0278473275912863
0.5090369928584519	0.0269545841621524	0.027844644452149566	0.027847327579616863
0.5093748763826038	0.02694737746774066	0.027844642947683074	0.02784732756793005
0.5097119073925012	0.026940110590772472	0.02784464144075107	0.02784732755622563
0.5100480890959338	0.026932783034307867	0.027844639931352503	0.02784732754450359
0.5103834246862691	0.02692539429762794	0.027844638419486537	0.027847327532763692
0.510717917338672	0.026917943876172086	0.02784463690515193	0.027847327521006635
0.5110515702157793	0.02691043126153625	0.02784463538834829	0.027847327509231874
0.5113843864624386	0.026902855941423453	0.027844633869074153	0.0278473274974394
0.5117163692085738	0.02689521739961628	0.027844632347328594	0.02784732748562957
0.5120475215682012	0.026887515116023174	0.027844630823110898	0.027847327473802055
0.5123778466411989	0.026879748566581853	0.02784462929642022	0.027847327461957106
0.5127073475108708	0.026871917223262966	0.027844627767255506	0.02784732745009414
0.5130360272461444	0.02686402055404776	0.027844626235615372	0.02784732743821399
0.5133638889007585	0.026856058022893994	0.027844624701499305	0.027847327426316376
0.5136909355128525	0.026848029089756753	0.027844623164906167	0.027847327414401025
0.5140171701073899	0.0268399332105027	0.027844621625835304	0.0278473274024679
0.5143425956916762	0.026831769836927605	0.027844620084285083	0.027847327390517318
0.514667215261166	0.02682353841624519	0.02784461854025522	0.027847327378549218
0.5149910317949846	0.026815238392968756	0.027844616993744523	0.02784732736656354
0.5153140482587241	0.02680686920608188	0.02784461544475198	0.027847327354560344
0.5156362676028794	0.026798430290847376	0.0278446138932766	0.02784732734253924
0.5159576927633577	0.02678992107831186	0.027844612339317315	0.027847327330500764
0.5162783266623345	0.026781340995360642	0.02784461078287345	0.027847327318444682
0.5165981722078672	0.026772689464633157	0.027844609223943714	0.0278473273063713
0.5169172322931552	0.02676396590446556	0.027844607662527318	0.027847327294279956
0.5172355097984833	0.026755169728993913	0.027844606098623194	0.02784732728217104
0.5175530075891731	0.026746300348006923	0.027844604532230643	0.027847327270044908
0.5178697285169643	0.026737357166973057	0.02784460296334828	0.02784732725790082
0.5181856754203683	0.026728339587041308	0.02784460139197517	0.027847327245739403
0.518500851123528	0.0267192470050026	0.02784459981811053	0.027847327233560246
0.5188152584371564	0.026710078813265634	0.027844598241753227	0.027847327221363762
0.5191289001585484	0.026700834399793007	0.02784459666290255	0.027847327209149238
0.5194417790716933	0.026691513148170847	0.027844595081556924	0.02784732719691755
0.5197538979467676	0.02668211443753514	0.027844593497715942	0.0278473271846679
0.5200652595407529	0.02667263764252636	0.027844591911378537	0.027847327172401175
0.5203758665980874	0.02666308213335294	0.027844590322543366	0.02784732716011657
0.52068572184887	0.026653447275668356	0.027844588731209596	0.02784732714781448
0.5209948280115252	0.026643732430609635	0.02784458713737636	0.02784732713549428
0.5213031877903531	0.026633936954804396	0.02784458554104264	0.02784732712315723
0.5216108038773153	0.02662406020026623	0.027844583942207273	0.02784732711080236
0.5219176789515697	0.026614101514486968	0.027844582340869256	0.027847327098430023
0.5222238156789759	0.026604060240248965	0.0278445807370279	0.027847327086039885
0.5225292167140676	0.026593935715841913	0.027844579130681803	0.027847327073632064
0.5228338846962326	0.026583727274828398	0.02784457752183018	0.027847327061207055
0.5231378222553146	0.026573434246147703	0.02784457591047209	0.02784732704876409
0.5234410320068486	0.02656305595403008	0.027844574296606243	0.02784732703630354
0.5237435165546842	0.02655259171804186	0.027844572680231654	0.027847327023825728
0.5240452784899304	0.026542040853026187	0.02784457106134768	0.02784732701133001
0.524346320392003	0.026531402669092638	0.02784456943995315	0.02784732699881696
0.52464664482752	0.026520676471570723	0.027844567816046748	0.02784732698628642
0.5249462543517807	0.026509861561112635	0.027844566189627766	0.027847326973738165
0.5252451515071265	0.026498957233486938	0.02784456456069497	0.02784732696117226
0.5255433388250789	0.02648796277971135	0.027844562929247644	0.02784732694858866
0.5258408188241533	0.026476877486003966	0.027844561295284447	0.027847326935987567
0.5261375940121739	0.026465700633699192	0.02784455965880458	0.02784732692336885
0.5264336668839904	0.02645443149935188	0.02784455801980684	0.02784732691073253
0.5267290399241961	0.02644306935457787	0.02784455637829045	0.02784732689807904
0.5270237156043217	0.026431613466194867	0.027844554734254033	0.027847326885407486
0.5273176963856221	0.026420063096086098	0.027844553087696667	0.027847326872718493
0.527610984716925	0.026408417501241184	0.02784455143861751	0.02784732686001206
0.5279035830368886	0.026396675933704906	0.02784454978701552	0.027847326847287943
0.5281954937705996	0.026384837640605844	0.027844548132889484	0.027847326834546337
0.5284867193346716	0.02637290186416075	0.027844546476238262	0.027847326821786738
0.5287772621325632	0.02636086784158888	0.027844544817061057	0.027847326809009833
0.5290671245574445	0.026348734805146334	0.027844543155356914	0.02784732679621578
0.5293563089911943	0.026336501982100118	0.02784454149112434	0.02784732678340354
0.5296448178045684	0.026324168594742552	0.027844539824362767	0.027847326770573826
0.5299326533576798	0.026311733860343776	0.027844538155070906	0.027847326757726543
0.5302198179990817	0.026299196991183323	0.02784453648324776	0.027847326744861903
0.5305063140675014	0.026286557194479282	0.02784453480889229	0.027847326731979552
0.5307921438903319	0.02627381367245376	0.027844533132003305	0.02784732671907937
0.5310773097844552	0.026260965622266437	0.02784453145258015	0.02784732670616206
0.5313618140549979	0.0262480122360069	0.02784452977062144	0.02784732669322687
0.5316456589987848	0.026234952700756146	0.027844528086125992	0.027847326680274127
0.5319288469001817	0.026221786198463076	0.02784452639909295	0.027847326667303843
0.5322113800343179	0.026208511906073963	0.02784452470952137	0.027847326654315784
0.5324932606648026	0.0261951289953901	0.027844523017410156	0.027847326641310538
0.5327744910459407	0.026181636633142855	0.027844521322758053	0.027847326628287327
0.5330550734210581	0.02616803398102184	0.02784451962556404	0.027847326615246595
0.5333350100236253	0.026154320195564098	0.027844517925827116	0.027847326602188346
0.5336143030768629	0.026140494426556235	0.027844516223546254	0.02784732658911282
0.5338929547938719	0.02612655582397508	0.027844514518720408	0.027847326576019224
0.5341709673781972	0.026112503527154815	0.02784451281134829	0.027847326562908493
0.5344483430218253	0.02609833667228339	0.0278445111014291	0.02784732654977969
0.5347250839079316	0.026084054390302057	0.02784450938896158	0.027847326536633774
0.5350011922109663	0.02606965580717419	0.027844507673944714	0.027847326523469898
0.5352766700932844	0.026055140043751958	0.02784450595637743	0.027847326510288695
0.5355515197092166	0.026040506215707974	0.02784450423625859	0.02784732649708986
0.5358257432021721	0.02602575343365557	0.02784450251358733	0.027847326483873336
0.5360993427068587	0.02601088080308114	0.027844500788362217	0.027847326470639266
0.5363723203475581	0.02599588742190159	0.02784449906058254	0.027847326457387536
0.536644678239509	0.02598077238989983	0.027844497330246864	0.027847326444118393
0.5369164184879627	0.025965534795256196	0.02784449559735441	0.027847326430831484
0.5371875431898204	0.0259501737231374	0.027844493861903883	0.02784732641752722
0.5374580544310467	0.025934688253577174	0.027844492123894116	0.027847326404204925
0.5377279542899038	0.025919077461595354	0.027844490383324618	0.027847326390865616
0.5379972448327988	0.025903340417055682	0.0278444886401935	0.027847326377508454
0.5382659281205431	0.025887476184839137	0.02784448689449989	0.027847326364133403
0.5385340062015346	0.025871483824754238	0.027844485146242926	0.027847326350741084
0.538801481116863	0.025855362391589466	0.027844483395421497	0.027847326337331276
0.539068354898135	0.02583911093512251	0.027844481642034367	0.027847326323903944
0.5393346295661857	0.02582272850004612	0.027844479886080357	0.027847326310458758
0.5396003071363141	0.025806214126168507	0.027844478127558383	0.027847326296996103
0.5398653896118273	0.025789566848272997	0.027844476366467637	0.02784732628351584
0.5401298789884316	0.0257727856961866	0.027844474602806823	0.02784732627001806
0.5403937772527841	0.025755869694740963	0.02784447283657467	0.02784732625650229
0.5406570863829044	0.02573881786385077	0.027844471067770233	0.02784732624296949
0.5409198083481342	0.02572162921865173	0.02784446929639237	0.02784732622941859
0.5411819451075162	0.025704302769234647	0.02784446752244008	0.027847326215850777
0.5414434986142497	0.025686837520829644	0.02784446574591201	0.02784732620226486
0.5417044708108044	0.025669232473934406	0.027844463966807172	0.027847326188661422
0.5419648636317573	0.02565148662414581	0.02784446218512449	0.0278473261750404
0.5422246790035543	0.025633598962278837	0.027844460400862955	0.027847326161401974
0.5424839188427544	0.025615568474384304	0.027844458614021243	0.027847326147745724
0.5427425850594565	0.025597394141760117	0.027844456824598112	0.027847326134072026
0.5430006795543119	0.025579074941025605	0.027844455032592672	0.02784732612038051
0.5432582042188036	0.025560609844081497	0.027844453238003903	0.02784732610667188
0.5435151609370708	0.025541997818152327	0.027844451440830267	0.027847326092945338
0.5437715515860138	0.025523237825940768	0.027844449641071054	0.02784732607920136
0.5440273780324818	0.02550432882550446	0.027844447838724914	0.027847326065439368
0.544282642136548	0.02548526977031579	0.02784444603379061	0.027847326051660456
0.5445373457480975	0.025466059609404866	0.027844444226267247	0.02784732603786352
0.5447914907118685	0.025446697287269573	0.027844442416153654	0.027847326024048897
0.5450450788623618	0.025427181744045305	0.02784444060344858	0.02784732601021706
0.5452981120272657	0.02540751191537971	0.027844438788150936	0.027847325996367255
0.545550592025506	0.025387686732657656	0.027844436970259515	0.027847325982500178
0.5458025206683277	0.025367705122922305	0.02784443514977338	0.027847325968615326
0.5460538997593839	0.025347566008970385	0.027844433326691235	0.02784732595471309
0.5463047310951763	0.025327268309350545	0.02784443150101204	0.027847325940793026
0.5465550164615781	0.025306810938460985	0.027844429672734195	0.027847325926855217
0.5468047576406917	0.025286192806640597	0.02784442784185695	0.027847325912900168
0.54705395640426	0.02526541282011845	0.027844426008379337	0.027847325898927563
0.5473026145171219	0.02524446988115943	0.02784442417230011	0.02784732588493735
0.5475507337364993	0.025223362887978256	0.027844422333617655	0.027847325870929317
0.5477983158117837	0.02520209073502646	0.027844420492331344	0.027847325856903863
0.5480453624858477	0.02518065231281896	0.027844418648439694	0.027847325842860753
0.5482918754916828	0.02515904650820249	0.027844416801941857	0.02784732582880003
0.5485378565579745	0.025137272204206407	0.027844414952836228	0.02784732581472185
0.5487833074041613	0.02511532828024504	0.027844413101121887	0.02784732580062597
0.5490282297414092	0.025093213612285663	0.027844411246797814	0.027847325786512354
0.5492726252761457	0.025070927072540244	0.027844409389862653	0.027847325772381377
0.549516495705262	0.025048467529996784	0.02784440753031534	0.02784732575823282
0.5497598427195723	0.025025833850150454	0.027844405668154538	0.027847325744066488
0.5500026680022881	0.025003024895310866	0.027844403803379346	0.02784732572988264
0.5502449732292244	0.024980039524440095	0.027844401935988358	0.027847325715681513
0.5504867600695988	0.024956876593461557	0.027844400065980546	0.027847325701462363
0.5507280301841615	0.024933534955236526	0.027844398193354422	0.02784732568722588
0.5509687852288633	0.0249100134595732	0.027844396318109404	0.027847325672971688
0.5512090268505616	0.024886310953472084	0.02784439444024383	0.027847325658699882
0.5514487566907452	0.024862426281115627	0.027844392559756678	0.02784732564441042
0.5516879763823269	0.02483835828389518	0.027844390676646475	0.02784732563010335
0.5519266875525188	0.02481410580071613	0.027844388790912448	0.02784732561577889
0.5521648918209552	0.024789667667810978	0.02784438690255357	0.027847325601436965
0.5524025908014678	0.024765042719037237	0.027844385011567867	0.027847325587077126
0.5526397860985639	0.024740229785935017	0.027844383117954594	0.027847325572699654
0.5528764793135517	0.02471522769787047	0.02784438122171291	0.027847325558304742
0.5531126720381265	0.02469003528184391	0.027844379322841235	0.027847325543892416
0.5533483658586473	0.02466465136307618	0.027844377421338284	0.027847325529462202
0.5535835623543784	0.0246390747647136	0.027844375517203167	0.027847325515014443
0.5538182630979832	0.024613304308179797	0.02784437361043452	0.027847325500549597
0.554052469655313	0.024587338813150235	0.027844371701031222	0.027847325486066537
0.5542861835870426	0.024561177097677963	0.027844369788991744	0.027847325471566087
0.5545194064440606	0.02453481797839286	0.02784436787431516	0.027847325457047812
0.5547521397748238	0.024508260270647	0.02784436595700054	0.0278473254425124
0.5549843851183635	0.02448150278839651	0.02784436403704614	0.027847325427959216
0.5552161440086075	0.02445454434462536	0.027844362114451054	0.02784732541338806
0.5554474179724646	0.024427383751244872	0.027844360189213907	0.0278473253987998
0.5556782085312828	0.02440001981942929	0.027844358261333583	0.02784732538419412
0.5559085171989859	0.02437245135957112	0.027844356330809183	0.02784732536957026
0.5561383454839963	0.024344677181461966	0.02784435439763891	0.027847325354929058
0.5563676948888422	0.024316696094493627	0.02784435246182184	0.02784732534027023
0.5565965669076067	0.024288506907769528	0.027844350523356702	0.02784732532559393
0.5568249630312516	0.024260108430219758	0.027844348582242457	0.027847325310900072
0.557052884742568	0.024231499470711466	0.02784434663847763	0.027847325296188614
0.5572803335187655	0.024202678838325137	0.02784434469206107	0.027847325281459067
0.5575073108317624	0.024173645342379355	0.027844342742991527	0.027847325266712533
0.557733818144547	0.024144397792685207	0.02784434079126787	0.027847325251948107
0.5579598569182089	0.024114934992882545	0.02784433883688896	0.02784732523716624
0.558185428603944	0.024085255772582075	0.02784433687985326	0.02784732522236671
0.5584105346498762	0.024055358932313635	0.027844334920159742	0.027847325207549633
0.5586351764970641	0.024025243276360977	0.02784433295780728	0.0278473251927148
0.5588593555794124	0.02399490763130521	0.027844330992794344	0.027847325177862394
0.5590830733273371	0.0239643508095465	0.027844329025119893	0.027847325162992622
0.5593063311638952	0.023933571628520584	0.02784432705478257	0.027847325148105104
0.5595291305062533	0.02390256890755356	0.027844325081781283	0.02784732513320009
0.559751472766361	0.023871341467738495	0.027844323106114854	0.027847325118277304
0.5599733593500242	0.02383988813251485	0.02784432112778158	0.02784732510333699
0.5601947916574315	0.023808207727628514	0.027844319146780525	0.027847325088379064
0.5604157710838252	0.023776299081308377	0.027844317163110876	0.02784732507340384
0.5606362990162267	0.023744161024495346	0.02784431517677067	0.02784732505841067
0.5608563768396173	0.023711792391122307	0.027844313187758814	0.027847325043400067
0.5610760059304271	0.023679192018109824	0.027844311196074247	0.027847325028371537
0.5612951876615786	0.0236463587458805	0.027844309201715815	0.027847325013325853
0.5615139233976472	0.02361329141830978	0.02784430720468206	0.027847324998262358
0.5617322145017697	0.023579988882962602	0.02784430520497147	0.02784732498318143
0.5619500623274558	0.023546449991318413	0.02784430320258321	0.027847324968082687
0.5621674682245777	0.023512673599322017	0.027844301197516068	0.027847324952966594
0.5623844335389523	0.02347865856693041	0.02784429918976835	0.027847324937832745
0.5626009596080997	0.02344440375890123	0.027844297179339225	0.027847324922681212
0.562817047766137	0.023409908044802755	0.02784429516622701	0.027847324907512256
0.5630326993403544	0.02337517029936618	0.027844293150430844	0.027847324892325755
0.5632479156554923	0.02334018940237126	0.027844291131949233	0.027847324877121583
0.5634626980266563	0.023304964239402176	0.027844289110780813	0.027847324861899444
0.56367704776783	0.023269493701660315	0.02784428708692452	0.027847324846660162
0.5638909661857607	0.023233776686399477	0.027844285060378834	0.02784732483140322
0.5641044545808228	0.023197812097148933	0.027844283031143016	0.02784732481612864
0.5643175142506138	0.023161598843982133	0.027844280999215168	0.02784732480083623
0.5645301464861087	0.02312513584366165	0.027844278964594307	0.027847324785526626
0.5647423525731968	0.02308842202002147	0.02784427692727888	0.02784732477019913
0.5649541337933157	0.023051456304135784	0.02784427488726807	0.027847324754854366
0.5651654914220074	0.023014237634663485	0.027844272844560272	0.027847324739491593
0.5653764267300507	0.0229767649579779	0.027844270799154112	0.027847324724111614
0.5655869409831172	0.02293903722872009	0.027844268751048618	0.027847324708713567
0.5657970354416428	0.02290105340963179	0.027844266700242145	0.02784732469329833
0.5660067113617245	0.02286281247227095	0.027844264646733688	0.02784732467786532
0.566215969994027	0.02282431339703497	0.02784426259052187	0.027847324662414782
0.5664248125837958	0.022785555173455003	0.027844260531605294	0.02784732464694663
0.5666332403722371	0.02274653680054617	0.027844258469982952	0.02784732463146093
0.5668412545947776	0.022707257287129298	0.027844256405653155	0.027847324615957396
0.5670488564827236	0.022667715652120005	0.027844254338614757	0.027847324600436693
0.5672560472623597	0.022627910924632535	0.027844252268866478	0.027847324584897967
0.5674628281542825	0.022587842144484754	0.027844250196407138	0.02784732456934199
0.5676692003747078	0.022547508362548194	0.02784424812123509	0.027847324553768208
0.5678751651363328	0.022506908640783925	0.027844246043349445	0.027847324538176815
0.5680807236457697	0.022466042052732393	0.027844243962748597	0.027847324522567867
0.5682858771039864	0.022424907683939014	0.027844241879431256	0.02784732450694159
0.5684906267096212	0.02238350463203238	0.027844239793396088	0.027847324491297197
0.5686949736549819	0.022341832007049804	0.02784423770464196	0.02784732447563542
0.5688989191284239	0.022299888932110993	0.027844235613167578	0.027847324459956174
0.5691024643118928	0.0222576745431823	0.027844233518971386	0.02784732444425906
0.5693056103856383	0.022215187989866027	0.027844231422052126	0.02784732442854484
0.5695083585232964	0.022172428435505966	0.027844229322408515	0.027847324412812367
0.5697107098939727	0.02212939505771459	0.027844227220039458	0.027847324397062646
0.5699126656636839	0.022086087048294845	0.02784422511494323	0.027847324381295377
0.5701142269909925	0.02204250361413197	0.027844223007118484	0.027847324365510545
0.5703153950333465	0.021998643977042872	0.027844220896564346	0.027847324349708047
0.5705161709413655	0.021954507374559395	0.027844218783279057	0.027847324333887796
0.570716555862422	0.021910093059850626	0.027844216667261747	0.02784732431805019
0.5709165509390443	0.02186540030236951	0.027844214548510427	0.027847324302194776
0.5711161573080472	0.021820428387979925	0.027844212427024388	0.027847324286321862
0.5713153761042294	0.02177517661968301	0.02784421030280184	0.02784732427043148
0.5715142084565504	0.02172964431751529	0.02784420817584163	0.027847324254523288
0.5717126554894104	0.021683830819075208	0.027844206046142433	0.027847324238597395
0.5719107183236691	0.021637735480199607	0.02784420391370279	0.02784732422265404
0.572108398075442	0.02159135767482528	0.027844201778521597	0.027847324206693072
0.5723056958567461	0.02154469679559813	0.02784419964059736	0.027847324190714663
0.5725026127739643	0.021497752254370332	0.02784419749992848	0.027847324174718687
0.5726991499315485	0.021450523482318393	0.027844195356514164	0.027847324158704712
0.5728953084285708	0.02140300993039477	0.02784419321035252	0.02784732414267358
0.573091089358578	0.021355211069923132	0.027844191061442366	0.02784732412662444
0.5732864938136352	0.0213071263925175	0.02784418890978265	0.027847324110557913
0.5734815228791201	0.02125875541102549	0.027844186755371512	0.027847324094473748
0.5736761776377746	0.02121009765938231	0.027844184598207845	0.027847324078371993
0.5738704591676581	0.02116115269342532	0.027844182438290514	0.027847324062252772
0.5740643685428233	0.0211119200907336	0.027844180275617792	0.027847324046115736
0.5742579068319209	0.021062399451795655	0.02784417811018816	0.027847324029961262
0.5744510751022105	0.02101259039975301	0.027844175942000893	0.027847324013789372
0.5746438744148141	0.020962492580902613	0.02784417377105424	0.027847323997599555
0.5748363058271901	0.02091210566527489	0.027844171597346673	0.027847323981391996
0.5750283703931637	0.020861429346982364	0.027844169420877043	0.027847323965167155
0.5752200691622419	0.02081046334448474	0.027844167241643934	0.02784732394892465
0.5754114031798776	0.0207592074010534	0.02784416505964604	0.027847323932664557
0.5756023734880055	0.020707661285169175	0.027844162874881853	0.027847323916386658
0.5757929811239361	0.02065582479091032	0.02784416068735011	0.027847323900091227
0.5759832271222131	0.020603697738354635	0.027844158497049288	0.02784732388377855
0.5761731125109415	0.02055127997401535	0.027844156303978095	0.02784732386744787
0.5763626383176116	0.02049857137102863	0.027844154108135136	0.027847323851099576
0.5765518055636657	0.020445571829941868	0.027844151909518836	0.02784732383473384
0.5767406152672027	0.02039228127875189	0.02784414970812834	0.02784732381835057
0.5769290684428486	0.020338699673452722	0.027844147503961733	0.027847323801949552
0.5771171661006449	0.020284826998300254	0.027844145297017682	0.027847323785531057
0.5773049092480813	0.02023066326654622	0.02784414308729509	0.02784732376909487
0.577492298886934	0.020176208520425162	0.02784414087479229	0.027847323752640846
0.5776793360165007	0.02012146283177622	0.027844138659198346	0.027847323736169792
0.5778660216329047	0.020066426302447923	0.02784413644112535	0.02784732371968079
0.5780523567278114	0.020011099064447244	0.027844134220267807	0.027847323703173953
0.5782383422877717	0.019955481280850108	0.027844131996624475	0.027847323686650063
0.5784239792982693	0.019899573145585197	0.027844129770193918	0.027847323670108115
0.5786092687399029	0.019843374884092643	0.02784412754097467	0.02784732365354877
0.5787942115882129	0.019786886754040597	0.02784412530896533	0.02784732363697163
0.5789788088175004	0.019730109045162172	0.027844123074164732	0.027847323620377087
0.5791630613974271	0.019673042079826036	0.027844120836571104	0.027847323603764847
0.5793469702927684	0.019615686213596276	0.027844118596183375	0.027847323587135195
0.5795305364673468	0.019558041835491684	0.027844116352999652	0.027847323570487567
0.5797137608784936	0.019500109368367578	0.027844114107018918	0.027847323553822606
0.5798966444823841	0.019441889269305363	0.02784411185823962	0.027847323537140048
0.5800791882307814	0.019383382029902932	0.027844109606660398	0.02784732352043975
0.580261393070605	0.019324588176913217	0.027844107352279605	0.027847323503721755
0.5804432599473934	0.01926550827228028	0.027844105095096227	0.02784732348698628
0.5806247898019719	0.019206142913678725	0.027844102835108565	0.027847323470233415
0.5808059835719985	0.019146492712772214	0.027844100572315063	0.027847323453462712
0.5809868421917209	0.019086558424309546	0.027844098306714547	0.027847323436674395
0.5811673665915892	0.019026340634773858	0.027844096038305437	0.027847323419868442
0.5813475576987128	0.018965840164639793	0.02784409376708634	0.02784732340304498
0.5815274164372044	0.01890505777754784	0.027844091493055875	0.02784732338620402
0.5817069437271506	0.0188439942930999	0.027844089216212477	0.027847323369345357
0.5818861404858947	0.018782650569056116	0.027844086936554765	0.02784732335246889
0.5820650076268219	0.01872102750179731	0.02784408465408131	0.027847323335575117
0.582243546060207	0.018659126026774078	0.027844082368790816	0.0278473233186637
0.582421756693042	0.018596947118072426	0.02784408008068145	0.027847323301734613
0.5825996404290662	0.018534491789870308	0.02784407778975213	0.027847323284787853
0.5827771981682389	0.01847176109606922	0.02784407549600117	0.027847323267823455
0.582954430807957	0.018408756130699522	0.02784407319942735	0.027847323250841743
0.5831313392415394	0.018345478028278104	0.02784407090002897	0.027847323233841925
0.5833079243596434	0.018281927964203696	0.02784406859780465	0.027847323216824683
0.5834841870495865	0.018218107154978336	0.02784406629275311	0.027847323199790018
0.583660128194848	0.018154016858353574	0.027844063984872647	0.027847323182737964
0.5838357486764422	0.018089658373985056	0.02784406167416208	0.027847323165667685
0.584011049372035	0.018025033043254732	0.027844059360619493	0.027847323148580152
0.5841860311555344	0.01796014225013401	0.027844057044243805	0.02784732313147514
0.5843606948985288	0.01789498742084507	0.027844054725033617	0.027847323114352382
0.5845350414686007	0.017829570024294666	0.027844052402986968	0.027847323097211697
0.5847090717306729	0.01776389157284432	0.027844050078102874	0.027847323080053894
0.5848827865464451	0.017697953621798095	0.027844047750379585	0.027847323062878203
0.5850561867744802	0.017631757769966342	0.02784404541981575	0.027847323045685043
0.5852292732703551	0.01756530566021423	0.027844043086409982	0.02784732302847409
0.5854020468864423	0.017498598979058987	0.027844040750160733	0.027847323011245696
0.5855745084716374	0.017431639457534488	0.027844038411066304	0.027847322993999623
0.5857466588724187	0.01736442887087158	0.02784403606912557	0.02784732297673608
0.5859184989318187	0.017296969038999545	0.027844033724336546	0.027847322959454784
0.5860900294901016	0.017229261826565395	0.027844031376698237	0.027847322942155757
0.5862612513842246	0.017161309143536616	0.027844029026209128	0.02784732292483948
0.5864321654479926	0.01709311294467159	0.02784402667286748	0.027847322907505394
0.5866027725132635	0.017024675230275815	0.027844024316671965	0.027847322890153525
0.5867730734074557	0.0169559980460215	0.027844021957620993	0.02784732287278448
0.5869430689558034	0.016887083483430675	0.027844019595712956	0.027847322855397327
0.5871127599803444	0.01681793367971806	0.02784401723094675	0.027847322837992832
0.5872821473006369	0.016748550817937143	0.027844014863320363	0.027847322820570668
0.58745123173294	0.01667893712729035	0.027844012492832797	0.027847322803130854
0.5876200140902472	0.016609094883118337	0.02784401011948228	0.027847322785673596
0.5877884951831854	0.016539026407117362	0.02784400774326733	0.027847322768198776
0.5879566758194841	0.016468734066858132	0.02784400536418629	0.02784732275070607
0.5881245568034201	0.016398220276959738	0.027844002982238023	0.02784732273319577
0.5882921389370035	0.016327487498244184	0.027844000597420787	0.027847322715668296
0.5884594230195621	0.016256538237950376	0.027843998209733104	0.02784732269812293
0.588626409846565	0.01618537505014693	0.027843995819173312	0.02784732268055992