error as a function of alpha_bar(6*10^(-6)), w(0,1,0.001), sigma(-3), eta=10^(-5)
0.780542393662
0.023123942349545606
0.023109017954976996
0.023083495231027044
0.02304636750615136
0.022996156810693644
0.022930841821782226
0.02284776049100151
0.022743484191921022
0.02261366020795118
0.02245282017967344
0.022254154413785053
0.02200925665169559
0.021707852678955537
0.021337540958311783
0.020883597225522244
0.02032893035281234
0.0196543254149607
0.01883916895185312
0.017862908357097484
0.016707522183548134
0.01536121717579285
0.01382334768919343
0.012110112047991029
0.010259939355001644
0.008336836479415796
0.0064297243047147625
0.004646411764920789
0.0031024622542278487
0.0019072408342099864
0.001150781281272628
0.0008948788186446349
0.001170087053734088
0.0019781159150488404
0.0032976582411868216
0.005091446374589226
0.007313012026232886
0.00991236674962928
0.012840210310055729
0.016050533136234092
0.019501805038964034
0.02315719357333916
0.026984284477051607
0.030954639384293516
0.03504335886976582
0.039228703299629415
0.043491769687573706
0.04781620787705
0.05218796150067248
0.05659502521847615
0.06102721457747816
0.06547594746529639
0.06993403720988638
0.07439549757040366
0.078855359862247
0.08330950250031424
0.08775449343759334
0.0921874462943573
0.09660589132897646
0.10100766258860337
0.10539080260140776
0.1097534856439954
0.1140939600239259
0.1184105089838543
0.12270142888352886
0.12696502247836242
0.13119960440436848
0.1354035156643768
0.1395751438458168
0.1437129460832672
0.14781547219252436
0.15188138594514006
0.15590948301300098
0.1598987046357696
0.16384814657083963
0.16775706329701112
0.17162486778792388
0.17545112741865487
0.17923555669898106
0.18297800758465863
0.1866784580921555
0.19033699986336963
0.19395382523352134
0.19752921422456626
0.20106352181329315
0.20455716568909033
0.2080106146856753
0.21142437799139216
0.21479899520723697
0.21813502729991865
0.22143304848483886
0.22469363905439668
0.22791737915173532
0.23110484350984875
0.23425659712037028
0.23737319182756297
0.2404551638084559
0.24350303187577074
0.2465172965541278
0.24949843984179226
0.25244692556462683
0.2553632002336436
0.25824769429243377
0.26110082366030846
0.2639229914635956
0.2667145898801011
0.269476001982198
0.2722076035558563
0.2749097647607201
0.2775828517921418
0.2802272279901141
0.28284325521241577
0.28543129462911554
0.28799170742257435
0.2905248552517261
0.2930311004964076
0.29551080630903775
0.29796433649645754
0.3003920552455506
0.30279432673509604
0.30517151464302633
0.30752398158681593
0.3098520885174163
0.31215619409018275
0.3144366540342954
0.31669382054355366
0.31892804169254524
0.3211396609064972
0.32332901648451434
0.3254964411854989
0.32764226188967477
0.32976679932469694
0.33187036786909707
0.3339532754276937
0.33601582336834224
0.33805830653004365
0.3400810132853657
0.342084225646159
0.3440682194252997
0.34603326442333326
0.34797962464552323
0.3499075585413269
0.3518173192521229
0.35370915487104576
0.35558330869347315
0.3574400194731805
0.3592795216577777
0.3611020456209273
0.36290781786795023
0.3646970612290611
0.3664699950318215
0.36822683525248157
0.3699677946438122
0.3716930828441887
0.3734029064711524
0.3750974691903172
0.3767769717718967
0.37844161213073385
0.3800915853559389
0.38172708372877995
0.3833482967305973
0.38495541104912767
0.3865486105759007
0.3881280764064779
0.3896939868352053
0.39124651735616095
0.3927858406629672
0.3943121266532416
0.39582554243937274
0.39732625236095354
0.39881441800621686
0.4002901982345641
0.4017537492099418
0.4032052244339094
0.4046447747885157
0.4060725485808915
0.4074886915899743
0.4088933471217591
0.41028665606086917
0.4116687569302115
0.4130397859442552
0.414399877070184
0.4157491620862271
0.4170877706350268
0.41841583028319584
0.4197334665744951
0.4210408030825393
0.4223379614598606
0.42362506148861967
0.42490222112239356
0.42616955653112076
0.4274271821404175
0.42867521066949604
0.42991375316568375
0.43114291903721175
0.4323628160828513
0.4335735505228338
0.4347752270223112
0.435967948717545
0.43715181724246144
0.4383269327455414
0.43949339391618275
0.44065129800379255
0.4418007408377174
0.44294181684812883
0.4440746190859479
0.44519923924124394
0.44631576766460634
0.4474242933843687
0.4485249041297426
0.4496176863484992
0.45070272522836585
0.45178010471479735
0.4528499075376949
0.453912215224847
0.4549671081272971
0.4560146654389767
0.45705496521585387
0.4580880844006766
0.4591140988378967
0.4601330832996684
0.46114511150207216
0.46215025612543975
0.4631485888350608
0.46414018029862764
0.4651251002074324
0.46610341729039395
0.4670751993340118
0.4680405131995426
0.46899942483956775
0.46995199931334347
0.47089830080239625
0.47183839262624905
0.47277233725713297
0.47370019633313576
0.47462203067329195
0.47553790028926246
0.47644786440081904
0.4773519814458152
0.47825030909559924
0.479142904262632
0.4800298231168282
0.4809111210949577
0.4817868529116793
0.48265707257105234
0.4835218333782278
0.4843811879490235
0.4852351882219882
0.4860838854662867
0.48692733029437274
0.48776557267239923
0.48859866192709056
0.4894266467610391
0.4902495752555862
0.4910674948874161
0.4918804525328304
0.4926884944797287
0.4934916664365157
0.4942900135408125
0.4950835803685415
0.4958724109423525
0.49665654874084664
0.49743603670827635
0.49821091725922645
0.4989812322908757
0.4997470231882256
0.5005083308336431
0.5012651956138627
0.5020176574281675
0.5027657556936281
0.5035095293563192
0.5042490168944865
0.504984256328123
0.5057152852244182
0.5064421407056838
0.5071648594539355
0.5078834777206532
0.5085980313293533
0.5093085556841752
0.5100150857757522
0.510717656185786
0.511416301095939
0.5121110542894141
0.5128019491598109
0.5134890187176498
0.5141722955906929
0.514851812035301
0.5155275999381635
0.5161996908226314
0.5168681158546453
0.5175329058457981
0.5181940912598966
0.518851702218067
0.5195057685026319
0.5201563195625357
0.5208033845171794
0.5214469921619237
0.5220871709730024
0.5227239491104939
0.5233573544234312
0.5239874144548933
0.5246141564451161
0.5252376073356857
0.5258577937753691
0.5264747421216497
0.5270884784458121
0.5276990285381203
0.5283064179085094
0.5289106717940113
0.5295118151603837
0.5301098727049083
0.530704868862348
0.5312968278063456
0.5318857734550476
0.5324717294722187
0.533054719271775
0.5336347660209626
0.5342118926445293
0.5347861218251349
0.5353574760102249
0.5359259774114559
0.536491648011418
0.5370545095631981
0.5376145835954541
0.5381718914152153
0.5387264541092789
0.5392782925487019
0.5398274273911967
0.540373879082453
0.5409176678608789
0.5414588137593245
0.5419973366073692
0.5425332560342029
0.5430665914715167
0.5435973621551646
0.5441255871283209
0.5446512852442734
0.545174475166753
0.5456951753753497
0.5462134041655887
0.5467291796512811
0.5472425197682664
0.5477534422746414
0.5482619647549359
0.5487681046211687
0.5492718791138864
0.5497733053069078
0.5502724001069624
0.5507691802570057
0.5512636623376308
0.5517558627697463
0.5522457978149785
0.5527334835791329
0.5532189360140033
0.5537021709173953
0.5541832039378533
0.5546620505736477
0.5551387261766316
0.5556132459525058
0.5560856249631773
0.5565558781291392
0.5570240202297457
0.5574900659059556
0.557954029661424
0.5584159258642647
0.5588757687483317
0.5593335724158239
0.5597893508376647
0.56024311785519
0.5606948871826705
0.5611446724068279
0.5615924869907424
0.5620383442731046
0.5624822574710056
0.5629242396811207
0.5633643038805213
0.5638024629285388
0.5642387295674195
0.564673116425271
0.5651056360150009
0.5655363007381868
0.5659651228841607
0.5663921146325007
0.5668172880536606
0.5672406551106977
0.5676622276605578
0.5680820174538522
0.5685000361384324
0.5689162952583617
0.5693308062561265
0.5697435804737553
0.5701546291536314
0.5705639634396573
0.5709715943783941
0.5713775329201124
0.5717817899199648
0.5721843761385111
0.5725853022438849
0.5729845788113762
0.5733822163257403
0.5737782251806065
0.5741726156815189
0.5745653980453742
0.5749565824017154
0.5753461787933837
0.5757341971788665
0.5761206474310987
0.576505539340301
0.5768888826133284
0.5772706868754275
0.5776509616711216
0.5780297164648134
0.5784069606414772
0.5787827035075438
0.5791569542925007
0.5795297221489185
0.5799010161527004
0.5802708453055206
0.5806392185338822
0.5810061446916572
0.5813716325589019
0.5817356908445087
0.582098328185321
0.5824595531477366
0.5828193742288873
0.5831777998562526
0.5835348383885586
0.5838904981175875
0.584244787267826
0.5845977139969162
0.5849492863976963
0.5852995124970928
0.5856484002585642
0.585995957581015
0.5863421923008614
0.5866871121921
0.5870307249667098
0.58737303827542
0.5877140597087847
0.5880537967970332
0.588392257011042
0.5887294477635597
0.5890653764085209
0.5894000502418884
0.5897334765031497
0.5900656623758591
0.5903966149251787
0.5907263413026972
0.5910548485067217
0.5913821436897145
0.5917082334238858
0.5920331247108839
0.5923568243542482
0.5926793391044007
0.593000675660097
0.5933208406689511
0.5936398407284885
0.5939576823847063
0.5942743721349255
0.5945899164269852
0.5949043216596765
0.5952175941834867
0.5955297403014641
0.595840766268309
0.596150678293275
0.5964594825375664
0.5967671851170272
0.5970737921017274
0.5973793095167251
0.5976837433420363
0.597987099513276
0.5982893839222111
0.5985906024170998
0.5988907608029159
0.599189864841681
0.5994879202539453
0.5997849327173022
0.6000809078684383
0.600375851302186
0.6006697685733967
0.6009626651956607
0.6012545466433155
0.6015454183505003
0.6018352857121377
0.6021241540838848
0.6024120287832316
0.6026989150894101
0.6029848182432462
0.6032697434482315
0.603553695871193
0.6038366806409664
0.6041187028506085
0.6043997675565633
0.6046798797797984
0.6049590445048665
0.6052372666820384
0.6055145512258631
0.6057909030165982
0.6060663268998642
0.6063408276874549
0.6066144101578574
0.6068870790549629
0.6071588390902254
0.6074296949428786
0.6076996512582935
0.6079687126504258
0.608236883700581
0.6085041689594185
0.6087705729450145
0.6090361001446715
0.6093007550151679
0.609564541981923
0.6098274654404706
0.6100895297563381
0.6103507392650761
0.610611098272011
0.6108706110542458
0.6111292818590591
0.6113871149048282
0.6116441143817435
0.6119002844519437
0.6121556292483092
0.6124101528767569
0.6126638594156
0.6129167529150913
0.613168837398702
0.613420116863544
0.6136705952789064
0.6139202765883659
0.6141691647091598
0.6144172635320386
0.6146645769221638
0.6149111087193379
0.615156862737953
0.6154018427668537
0.6156460525696338
0.6158894958860188
0.6161321764305895
0.61637409789373
0.6166152639415499
0.6168556782159753
0.6170953443359323
0.6173342658958617
0.6175724464673827
0.6178098895989499
0.6180465988153683
0.618282577619704
0.6185178294913868
0.6187523578877394
0.6189861662442385
0.6192192579736975
0.6194516364670059
0.6196833050943211
0.6199142672027733
0.620144526119122
0.6203740851486397
0.6206029475755488
0.6208311166633593
0.6210585956544984
0.6212853877712434
0.6215114962153284
0.6217369241681203
0.6219616747910793
0.6221857512261536
0.6224091565950526
0.622631893999646
0.6228539665233328
0.6230753772293148
0.6232961291622338
0.6235162253474763
0.6237356687918368
0.6239544624830335
0.6241726093908077
0.6243901124657938
0.6246069746413856
0.6248231988315829
0.6250387879338625
0.6252537448266905
0.625468072371434
0.625681773412004
0.6258948507744614
0.6261073072679251
0.6263191456841193
0.6265303687980851
0.6267409793676408
0.6269509801343972
0.6271603738223686
0.6273691631398753
0.6275773507788346
0.6277849394144801
0.6279919317066077
0.6281983302982805
0.6284041378165629
0.628609356873919
0.6288139900661311
0.6290180399738369
0.6292215091618113
0.6294244001805858
0.6296267155639828
0.6298284578323483
0.6300296294899892
0.6302302330272285
0.6304302709186922
0.630629745625016
0.6308286595920404
0.6310270152518367
0.6312248150214927
0.631422061303842
0.6316187564883778
0.6318149029498008
0.632010503049871
0.6322055591352305
0.6324000735399785
0.6325940485846452
0.6327874865754421
0.6329803898061629
0.6331727605565728
0.6333646010935895
0.6335559136711982
0.6337467005301692
0.6339369638984629
0.6341267059912494
0.6343159290111089
0.6345046351474893
0.6346928265781302
0.6348805054679324
0.6350676739690592
0.6352543342221902
0.6354404883553268
0.6356261384847102
0.6358112867145034
0.6359959351364287
0.6361800858310007
0.6363637408675364
0.6365469023019457
0.6367295721805186
0.6369117525367918
0.6370934453935729
0.6372746527616903
0.637455376641713
0.6376356190219419
0.6378153818804039
0.6379946671838117
0.6381734768877496
0.6383518129374129
0.638529677266956
0.6387070718000143
0.6388839984491415
0.6390604591170387
0.6392364556952722
0.6394119900654281
0.6395870640986167
0.6397616796556153
0.6399358385871593
0.6401095427339416
0.640282793926345
0.6404555939849104
0.6406279447203539
0.640799847933455
0.6409713054151449
0.6411423189468918
0.6413128903001984
0.6414830212373507
0.6416527135109924
0.641821968864106
0.6419907890305457
0.6421591757348443
0.6423271306922983
0.6424946556087359
0.6426617521814563
0.6428284220978417
0.6429946670369208
0.6431604886688368
0.6433258886543802
0.6434908686457396
0.6436554302865813
0.6438195752114484
0.6439833050465561
0.6441466214093798
0.6443095259091319
0.6444720201458927
0.6446341057119789
0.6447957841912355
0.6449570571590162
0.6451179261825573
0.6452783928209148
0.6454384586245638
0.6455981251366523
0.6457573938918816
0.6459162664168842
0.6460747442305729
0.6462328288437582
0.6463905217598552
0.6465478244739288
0.64670473847367
0.6468612652392233
0.647017406242802
0.6471731629489607
0.6473285368152264
0.6474835292914494
0.6476381418196716
0.6477923758349382
0.6479462327648384
0.6480997140300341
0.6482528210431654
0.6484055552107626
0.6485579179308278
0.6487099105956758
0.6488615345896629
0.6490127912906372
0.6491636820688953
0.6493142082885759
0.649464371306382
0.6496141724721599
0.649763613129452
0.6499126946146648
0.6500614182577351
0.650209785381407
0.6503577973026304
0.6505054553311655
0.6506527607704962
0.6507997149177345
0.650946319063089
0.6510925744906684
0.6512384824782488
0.6513840442971954
0.6515292612126662
0.6516741344833041
0.6518186653619832
0.6519628550946934
0.652106704922224
0.6522502160782945
0.6523933897916766
0.6525362272839856
0.6526787297715525
0.6528208984645393
0.6529627345670371
0.6531042392777123
0.6532454137890839
0.6533862592876731
0.6535267769546635
0.6536669679654971
0.6538068334892093
0.6539463746901988
0.6540855927263765
0.6542244887506039
0.654363063910186
0.6545013193460505
0.6546392561950225
0.6547768755871312
0.6549141786479921
0.6550511664973385
0.655187840249522
0.6553242010138249
0.6554602498937486
0.6555959879882132
0.655731416390324
0.6558665361881589
0.6560013484650299
0.6561358542982321
0.6562700547610543
0.6564039509204813
0.6565375438394723
0.6566708345756868
0.656803824181361
0.6569365137044784
0.6570689041873027
0.6572009966680991
0.6573327921793918
0.6574642917493432
0.6575954964015327
0.6577264071537204
0.6578570250202695
0.6579873510099166
0.6581173861271395
0.6582471313712174
0.658376587737231
0.658505756215964
0.6586346377921348
0.6587632334480538
0.6588915441598124
0.6590195708996517
0.6591473146351667
0.6592747763294564
0.6594019569416447
0.659528857425642
0.6596554787320501
0.6597818218055018
0.6599078875880667
0.6600336770166313
0.6601591910236344
0.6602844305374288
0.6604093964824731
0.660534089778952
0.6606585113421702
0.6607826620839943
0.6609065429118982
0.6610301547293653
0.6611534984358148
0.6612765749264146
0.6613993850920156
0.6615219298201487
0.6616442099937987
0.6617662264923548
0.6618879801911447
0.6620094719613548
0.6621307026701462
0.6622516731815465
0.6623723843548931
0.662492837046274
0.662613032107313
0.6627329703866014
0.6628526527282483
0.6629720799732983
0.663091252958431
0.6632101725170115
0.6633288394786383
0.6634472546687477
0.6635654189102465
0.6636833330211546
0.6638009978167275
0.6639184141080371
0.6640355827032437
0.6641525044065703
0.6642691800185728
0.664385610336464
0.6645017961543735
0.6646177382619708
0.664733437446397
0.6648488944911773
0.6649641101757826
0.6650790852769646
0.6651938205680761
0.6653083168187615
0.6654225747954978
0.6655365952615893
0.6656503789767013
0.6657639266974635
0.6658772391772456
0.665990317165668
0.6661031614100044
0.6662157726538736
0.6663281516372078
0.6664402990977703
0.6665522157690503
0.6666639023821722
0.6667753596652658
0.6668865883425404
0.6669975891354569
0.6671083627628496
0.6672189099400142
0.6673292313793553
0.6674393277901067
0.6675491998786179
0.6676588483484149
0.667768273899571
0.6678774772296058
0.6679864590328515
0.6680952200009581
0.6682037608223825
0.668312082182921
0.6684201847651609
0.6685280692492476
0.6686357363122098
0.6687431866280082
0.6688504208683734
0.6689574397017314
0.6690642437938762
0.6691708338078566
0.6692772104036198
0.6693833742389648
0.6694893259685883
0.6695950662445639
0.6697005957160314
0.6698059150297854
0.6699110248295362
0.6700159257567816
0.6701206184499258
0.6702251035449194
0.6703293816753824
0.6704334534719412
0.670537319562503
0.6706409805728879
0.6707444371258371
0.6708476898421256
0.6709507393393604
0.6710535862327548
0.6711562311354388
0.6712586746573682
0.6713609174068242
0.671462959988669
0.6715648030061063
0.6716664470593687
0.6717678927465969
0.671869140663455
0.6719701914027806
0.6720710455551209
0.6721717037093062
0.6722721664509916
0.6723724343638179
0.6724725080290311
0.6725723880254746
0.6726720749296251
0.6727715693158908
0.6728708717562606
0.6729699828199616
0.6730689030745113
0.6731676330849956
0.6732661734143032
0.6733645246228291
0.6734626872692611
0.6735606619090644
0.6736584490962784
0.673756049382966
0.673853463318114
0.673950691449225
0.6740477343213143
0.6741445924773062
0.674241266457956
0.6743377568019746
0.6744340640460235
0.6745301887243464
0.6746261313690742
0.6747218925106795
0.6748174726772422
0.6749128723943405
0.6750080921863367
0.6751031325750461
0.6751979940803818
0.6752926772199271
0.6753871825096209
0.6754815104632388
0.6755756615925269
0.6756696364071393
0.6757634354151792
0.6758570591217067
0.6759505080313335
0.6760437826453622
0.6761368834643625
0.676229810985514
0.6763225657054163
0.6764151481178817
0.6765075587153383
0.6765997979881022
0.6766918664243411
0.6767837645109323
0.6768754927322558
0.676967051571316
0.6770584415087588
0.6771496630240922
0.6772407165940867
0.6773316026945031
0.6774223217988334
0.6775128743788871
0.6776032609046824
0.6776934818443244
0.6777835376644541
0.6778734288291915
0.6779631558018879
0.6780527190434665
0.6781421190132081
0.6782313561687894
0.6783204309661589
0.6784093438591698
0.6784980953005151
0.6785866857408785
0.6786751156291563
0.6787633854127689
0.6788514955371043
0.6789394464464622
0.6790272385827731
0.6791148723869311
0.6792023482977187
0.679289666752572
0.6793768281870975
0.679463833035194
0.6795506817295716
0.6796373747007818
0.6797239123781108
0.6798102951891295
0.6798965235599117
0.6799825979147476
0.6800685186765445
0.6801542862665761
0.680239901104488
0.6803253636084133
0.6804106741949711
0.6804958332792297
0.6805808412747801
0.6806656985933883
0.6807504056457828
0.6808349628405385
0.6809193705856115
0.6810036292864339
0.6810877393477045
0.6811717011724723
0.6812555151621371
0.6813391817166712
0.681422701234732
0.6815060741131946
0.6815893007479479