error as a function of alpha_bar(10^(-4)), w(0,1,0.001), sigma(-4), eta=10^(-5)
0.780542393662
0.023736086352130665
0.023736086342108026
0.023736086325438572
0.023736086302100695
0.02373608627208036
0.02373608623540027
0.02373608619204904
0.023736086142024937
0.023736086085329674
0.023736086021970186
0.023736085951935097
0.023736085875232224
0.023736085791858427
0.023736085701812074
0.023736085605098454
0.02373608550171156
0.02373608539165249
0.023736085274923956
0.02373608515152276
0.023736085021450557
0.02373608488470524
0.023736084741287806
0.0237360845911974
0.02373608443443448
0.023736084270999495
0.02373608410088867
0.023736083924105672
0.023736083740647906
0.023736083550515503
0.023736083353707263
0.023736083150225313
0.023736082940066686
0.023736082723232417
0.023736082499720944
0.023736082269533016
0.023736082032667728
0.023736081789124695
0.023736081538903026
0.023736081282002906
0.023736081018423512
0.023736080748164565
0.023736080471224556
0.023736080187604678
0.023736079897302833
0.023736079600319596
0.023736079296653077
0.02373607898630426
0.023736078669271708
0.023736078345554645
0.023736078015152984
0.02373607767806568
0.023736077334292154
0.023736076983832236
0.023736076626684387
0.023736076262848602
0.023736075892324168
0.02373607551511022
0.023736075131206062
0.023736074740610735
0.023736074343323494
0.023736073939344123
0.023736073528671263
0.023736073111304348
0.02373607268724304
0.023736072256485555
0.023736071819032225
0.02373607137488113
0.023736070924032272
0.023736070466483915
0.02373607000223623
0.023736069531287457
0.02373606905363717
0.023736068569284313
0.023736068078228
0.023736067580467212
0.023736067076000966
0.023736066564828722
0.023736066046948934
0.02373606552236093
0.02373606499106376
0.023736064453055986
0.02373606390833717
0.023736063356905965
0.02373606279876114
0.023736062233902087
0.02373606166232743
0.023736061084036128
0.02373606049902719
0.023736059907299243
0.02373605930885137
0.02373605870368226
0.023736058091791256
0.02373605747317636
0.023736056847837066
0.023736056215771704
0.02373605557697977
0.02373605493145939
0.02373605427920967
0.02373605362022868
0.023736052954516307
0.023736052282070617
0.023736051602890437
0.023736050916974283
0.0237360502243209
0.023736049524929137
0.023736048818797772
0.02373604810592535
0.02373604738631027
0.023736046659951607
0.023736045926847513
0.023736045186996717
0.0237360444403979
0.023736043687049638
0.023736042926950657
0.023736042160099252
0.023736041386493927
0.02373604060613331
0.023736039819016053
0.02373603902514032
0.02373603822450503
0.023736037417108242
0.02373603660294875
0.023736035782024836
0.023736034954334816
0.0237360341198773
0.0237360332786508
0.023736032430653208
0.02373603157588358
0.023736030714340006
0.02373602984602038
0.023736028970923917
0.023736028089048233
0.023736027200391915
0.023736026304953296
0.02373602540273064
0.023736024493722342
0.023736023577926434
0.023736022655341266
0.023736021725965
0.023736020789796208
0.02373601984683267
0.02373601889707282
0.02373601794051463
0.02373601697715668
0.023736016006996787
0.023736015030033277
0.023736014046264176
0.023736013055687653
0.023736012058301635
0.023736011054104583
0.02373601004309425
0.023736009025269133
0.023736008000626717
0.023736006969165446
0.02373600593088325
0.023736004885778095
0.023736003833848114
0.023736002775091077
0.023736001709505142
0.023736000637088275
0.023735999557838443
0.0237359984717533
0.02373599737883141
0.023735996279070054
0.023735995172467304
0.02373599405902113
0.023735992938729324
0.023735991811589977
0.023735990677600675
0.02373598953675935
0.023735988389063895
0.023735987234511955
0.02373598607310136
0.023735984904829963
0.02373598372969569
0.023735982547695895
0.02373598135882889
0.023735980163091596
0.02373597896048248
0.023735977750998845
0.023735976534638582
0.023735975311399312
0.02373597408127861
0.02373597284427425
0.023735971600383668
0.023735970349604837
0.023735969091935046
0.023735967827372008
0.023735966555913278
0.023735965277556424
0.023735963992299117
0.02373596270013892
0.023735961401073192
0.023735960095099432
0.023735958782215235
0.02373595746241816
0.023735956135705637
0.023735954802075073
0.02373595346152394
0.023735952114049795
0.023735950759649915
0.023735949398321715
0.02373594803006277
0.02373594665487011
0.023735945272741442
0.023735943883674296
0.023735942487665456
0.023735941084712515
0.023735939674812738
0.023735938257963687
0.02373593683416232
0.02373593540340623
0.023735933965692468
0.023735932521018414
0.023735931069380975
0.023735929610777896
0.02373592814520598
0.023735926672662687
0.023735925193144894
0.023735923706649963
0.023735922213175106
0.02373592071271761
0.023735919205274188
0.023735917690842222
0.02373591616941874
0.0237359146410008
0.02373591310558563
0.023735911563170203
0.02373591001375151
0.023735908457326805
0.023735906893892753
0.02373590532344662
0.023735903745985273
0.02373590216150594
0.02373590057000529
0.02373589897148054
0.023735897365928287
0.023735895753345743
0.023735894133729795
0.02373589250707725
0.02373589087338493
0.023735889232650104
0.023735887584869116
0.023735885930038978
0.023735884268156617
0.02373588259921898
0.02373588092322269
0.02373587924016443
0.02373587755004111
0.023735875852849576
0.02373587414858649
0.023735872437248562
0.023735870718832448
0.023735868993335126
0.0237358672607532
0.023735865521083234
0.023735863774321644
0.023735862020465827
0.023735860259511597
0.023735858491456173
0.023735856716295845
0.023735854934027467
0.023735853144647448
0.023735851348152336
0.023735849544538636
0.023735847733803186
0.023735845915942237
0.023735844090952578
0.023735842258830294
0.023735840419572322
0.023735838573175027
0.023735836719634536
0.023735834858947542
0.02373583299111059
0.023735831116120133
0.02373582923397218
0.023735827344663517
0.02373582544819029
0.023735823544549128
0.023735821633736005
0.023735819715747626
0.023735817790580167
0.023735815858229904
0.023735813918693196
0.023735811971966107
0.023735810018045176
0.0237358080569267
0.023735806088606443
0.023735804113081328
0.02373580213034696
0.02373580014039988
0.0237357981432362
0.023735796138851965
0.02373579412724353
0.023735792108406855
0.02373579008233812
0.023735788049033545
0.023735786008489294
0.023735783960701147
0.023735781905665342
0.02373577984337785
0.023735777773834923
0.023735775697032398
0.02373577361296648
0.023735771521632778
0.02373576942302776
0.02373576731714717
0.02373576520398678
0.023735763083542794
0.023735760955811244
0.023735758820787774
0.023735756678468486
0.023735754528848966
0.02373575237192539
0.02373575020769346
0.02373574803614921
0.02373574585728824
0.023735743671106525
0.023735741477599763
0.02373573927676389
0.02373573706859434
0.02373573485308725
0.023735732630238326
0.023735730400043044
0.023735728162497215
0.02373572591759669
0.023735723665337032
0.02373572140571402
0.023735719138723126
0.023735716864360053
0.023735714582620564
0.023735712293500112
0.023735709996994547
0.023735707693098993
0.02373570538180955
0.023735703063121408
0.023735700737030314
0.023735698403531683
0.02373569606262104
0.02373569371429383
0.02373569135854573
0.023735688995372074
0.023735686624768302
0.023735684246729977
0.023735681861252314
0.023735679468330894
0.023735677067961206
0.023735674660138345
0.023735672244857755
0.023735669822115103
0.023735667391905427
0.02373566495422403
0.02373566250906626
0.023735660056427566
0.02373565759630309
0.023735655128688173
0.023735652653577934
0.02373565017096773
0.02373564768085287
0.02373564518322832
0.023735642678089315
0.02373564016543114
0.023735637645249122
0.02373563511753815
0.023735632582293387
0.02373563003950987
0.023735627489182898
0.023735624931307524
0.023735622365878815
0.023735619792891627
0.023735617212341388
0.023735614624222887
0.02373561202853102
0.02373560942526085
0.02373560681440768
0.023735604195966282
0.023735601569931365
0.023735598936298234
0.02373559629506149
0.023735593646216347
0.023735590989757558
0.023735588325679857
0.023735585653978465
0.023735582974647795
0.02373558028768306
0.023735577593078868
0.02373557489083008
0.023735572180931648
0.023735569463378077
0.023735566738164283
0.02373556400528491
0.02373556126473476
0.023735558516508656
0.023735555760600893
0.023735552997006748
0.02373555022572052
0.02373554744673669
0.02373554466005037
0.02373554186565582
0.023735539063547962
0.023735536253721014
0.02373553343616977
0.02373553061088884
0.023735527777872665
0.023735524937115723
0.023735522088612585
0.02373551923235808
0.02373551636834607
0.0237355134965715
0.023735510617028645
0.02373550772971194
0.02373550483461597
0.0237355019317348
0.023735499021063117
0.023735496102595302
0.023735493176325766
0.023735490242248594
0.023735487300358075
0.023735484350649136
0.023735481393115168
0.0237354784277513
0.02373547545455121
0.023735472473509527
0.023735469484620342
0.023735466487877842
0.023735463483276317
0.023735460470809832
0.02373545745047276
0.02373545442225919
0.023735451386162988
0.02373544834217879
0.02373544529030036
0.023735442230521833
0.023735439162837418
0.023735436087241043
0.023735433003726998
0.02373542991228897
0.02373542681292102
0.023735423705617657
0.02373542059037234
0.023735417467179214
0.02373541433603207
0.023735411196925366
0.023735408049852257
0.02373540489480738
0.023735401731784116
0.02373539856077671
0.02373539538177877
0.02373539219478424
0.02373538899978676
0.02373538579678052
0.023735382585759114
0.023735379366716332
0.023735376139645884
0.023735372904541738
0.02373536966139727
0.02373536641020656
0.023735363150962977
0.023735359883660583
0.02373535660829277
0.023735353324853388
0.02373535003333557
0.023735346733733616
0.02373534342604094
0.023735340110250924
0.02373533678635716
0.023735333454353427
0.02373533011423323
0.023735326765989797
0.023735323409616906
0.02373532004510807
0.023735316672456767
0.023735313291656287
0.02373530990270013
0.023735306505581772
0.023735303100294602
0.023735299686832228
0.023735296265187587
0.023735292835354492
0.023735289397325963
0.023735285951095458
0.023735282496656393
0.023735279034001907
0.023735275563125453
0.02373527208401997
0.023735268596679005
0.023735265101095703
0.023735261597263375
0.02373525808517512
0.02373525456482412
0.023735251036203515
0.023735247499306562
0.023735243954126184
0.023735240400655777
0.023735236838888295
0.023735233268816828
0.02373522969043435
0.023735226103734144
0.02373522250870901
0.023735218905352354
0.023735215293656603
0.023735211673615156
0.023735208045220835
0.023735204408466687
0.023735200763345475
0.023735197109850205
0.02373519344797391
0.023735189777709397
0.023735186099049267
0.023735182411986848
0.02373517871651471
0.02373517501262548
0.023735171300312358
0.023735167579567815
0.02373516385038491
0.0237351601127562
0.023735156366674268
0.023735152612132233
0.023735148849122503
0.023735145077637767
0.023735141297670823
0.023735137509214164
0.023735133712260624
0.023735129906802706
0.023735126092832886
0.023735122270343988
0.023735118439328514
0.023735114599445738
0.023735110751343148
0.023735106894691486
0.0237351030294826
0.023735099155709316
0.023735095273364336
0.023735091382439524
0.02373508748292766
0.023735083574821125
0.02373507965811213
0.023735075732793324
0.02373507179885675
0.023735067856294954
0.023735063905100225
0.023735059945264772
0.02373505597678069
0.02373505199964062
0.02373504801383681
0.02373504401936103
0.023735040016205876
0.023735036004363483
0.02373503198382609
0.023735027954585673
0.02373502391663422
0.023735019869964256
0.023735015814567665
0.023735011750436564
0.02373500767756319
0.02373500359593908
0.02373499950555687
0.02373499540640823
0.023734991298485185
0.023734987181779865
0.02373498305628403
0.023734978921989818
0.02373497477888905
0.02373497062697359
0.02373496646623526
0.02373496229666626
0.02373495811825811
0.023734953931002795
0.02373494973489218
0.023734945529917957
0.023734941316071866
0.023734937093345745
0.023734932861731384
0.023734928621220598
0.023734924371804637
0.023734920113475774
0.023734915846225193
0.023734911570044894
0.023734907284926585
0.02373490299086145
0.0237348986878414
0.023734894375858028
0.02373489005490258
0.023734885724967094
0.023734881386042753
0.023734877038121056
0.02373487268119365
0.023734868315251897
0.023734863940287374
0.0237348595562914
0.023734855163255447
0.02373485076117095
0.02373484635002914
0.023734841929821456
0.023734837500539365
0.023734833062174013
0.02373482861471676
0.02373482415815893
0.02373481969249166
0.02373481521770645
0.023734810733794274
0.02373480624074646
0.02373480173855433
0.023734797227208743
0.023734792706701015
0.023734788177022556
0.023734783638163958
0.023734779090116776
0.023734774532871736
0.023734769966420096
0.023734765390752987
0.02373476080586124
0.02373475621173593
0.02373475160836817
0.02373474699574856
0.02373474237386852
0.023734737742718656
0.023734733102290007
0.023734728452573396
0.02373472379355981
0.023734719125239872
0.023734714447604756
0.023734709760644828
0.023734705064351453
0.023734700358714934
0.023734695643726142
0.023734690919375894
0.023734686185654778
0.02373468144255388
0.023734676690063267
0.023734671928173984
0.023734667156876874
0.023734662376161984
0.023734657586020353
0.023734652786442424
0.023734647977418845
0.023734643158939944
0.023734638330996507
0.023734633493578974
0.02373462864667775
0.02373462379028314
0.023734618924385872
0.023734614048976466
0.023734609164044993
0.02373460426958196
0.023734599365577886
0.023734594452022792
0.023734589528907522
0.0237345845962218
0.02373457965395629
0.023734574702101288
0.023734569740646746
0.02373456476958308
0.023734559788900593
0.023734554798589286
0.02373454979863952
0.02373454478904118
0.02373453976978458
0.023734534740859906
0.023734529702257024
0.023734524653966155
0.023734519595977405
0.023734514528280688
0.02373450945086599
0.023734504363723413
0.023734499266842804
0.02373449416021424
0.02373448904382753
0.023734483917672737
0.023734478781739413
0.023734473636017897
0.023734468480497792
0.02373446331516884
0.023734458140020953
0.023734452955044054
0.02373444776022751
0.023734442555561477
0.023734437341035634
0.023734432116639347
0.023734426882362745
0.023734421638195117
0.023734416384126378
0.023734411120146095
0.02373440584624372
0.023734400562408817
0.023734395268631334
0.023734389964900425
0.02373438465120568
0.023734379327536723
0.02373437399388284
0.023734368650233793
0.02373436329657863
0.02373435793290715
0.023734352559208468
0.023734347175471907
0.02373434178168729
0.023734336377843484
0.023734330963929875
0.0237343255399359
0.02373432010585078
0.023734314661663654
0.023734309207363885
0.023734303742940634
0.02373429826838301
0.023734292783680222
0.023734287288821584
0.023734281783795993
0.023734276268592626
0.023734270743200482
0.02373426520760883
0.02373425966180652
0.02373425410578272
0.02373424853952615
0.023734242963026037
0.02373423737627144
0.023734231779250815
0.023734226171953515
0.023734220554368256
0.02373421492648389
0.02373420928828937
0.023734203639773407
0.023734197980924743
0.02373419231173231
0.023734186632184736
0.023734180942271026
0.023734175241979516
0.023734169531299153
0.023734163810218468
0.023734158078726086
0.023734152336810924
0.02373414658446138
0.023734140821665854
0.023734135048413246
0.023734129264691917
0.02373412347049028
0.023734117665797104
0.023734111850600762
0.023734106024889522
0.023734100188651998
0.023734094341876472
0.02373408848455162
0.02373408261666538
0.02373407673820638
0.023734070849162948
0.023734064949523234
0.023734059039275654
0.023734053118408302
0.023734047186909468
0.023734041244767464
0.02373403529197033
0.02373402932850632
0.02373402335436363
0.02373401736953003
0.023734011373994248
0.023734005367743703
0.023733999350766713
0.023733993323051483
0.02373398728458573
0.023733981235357672
0.023733975175355165
0.023733969104565947
0.023733963022978262
0.023733956930579905
0.02373395082735862
0.023733944713302348
0.023733938588398947
0.023733932452636133
0.023733926306001896
0.023733920148483526
0.02373391398006917
0.02373390780074644
0.023733901610503018
0.023733895409326466
0.02373388919720459
0.02373388297412474
0.02373387674007495
0.023733870495042275
0.023733864239014645
0.023733857971979445
0.023733851693924165
0.023733845404836345
0.023733839104703405
0.023733832793512596
0.023733826471251617
0.02373382013790786
0.02373381379346841
0.023733807437920747
0.023733801071252187
0.023733794693449946
0.023733788304501506
0.02373378190439383
0.02373377549311452
0.023733769070650206
0.023733762636988565
0.023733756192116675
0.02373374973602132
0.02373374326868991
0.023733736790109324
0.02373373030026712
0.02373372379914956
0.02373371728674425
0.02373371076303778
0.023733704228017374
0.023733697681669854
0.023733691123982232
0.023733684554941233
0.02373367797453383
0.023733671382746933
0.02373366477956714
0.023733658164981276
0.02373365153897633
0.02373364490153896
0.023733638252193417
0.023733631591838562
0.023733624920011097
0.023733618236697434
0.023733611541884508
0.023733604835558565
0.023733598117706183
0.023733591388314126
0.0237335846473689
0.023733577894856916
0.02373357113076451
0.023733564355078236
0.02373355756778465
0.023733550768869686
0.0237335439583203
0.023733537136122508
0.02373353030226249
0.023733523456726937
0.023733516599501778
0.023733509730573435
0.023733502849928003
0.02373349595755188
0.023733489053430836
0.023733482137551505
0.023733475209899706
0.023733468270461515
0.023733461319223027
0.023733454356170452
0.02373344738128969
0.023733440394566478
0.023733433395987255
0.02373342638553769
0.023733419363203553
0.023733412328971082
0.023733405282825932
0.023733398224753927
0.023733391154740924
0.023733384072772836
0.023733376978835225
0.023733369872913808
0.023733362754994516
0.02373335562506277
0.023733348483104315
0.02373334132910499
0.023733334163050106
0.023733326984925338
0.02373331979471639
0.023733312592408587
0.023733305377987523
0.023733298151438625
0.023733290912747427
0.023733283661899158
0.023733276398879573
0.02373326912367364
0.02373326183626702
0.02373325453664493
0.023733247224792513
0.023733239900695195
0.023733232564338187
0.023733225215706737
0.023733217854785875
0.02373321048156096
0.02373320309601694
0.023733195698139233
0.023733188287912526
0.023733180865322067
0.02373317343035288
0.023733165982989912
0.023733158523218376
0.02373315105102279
0.023733143566388264
0.023733136069299814
0.02373312855974237
0.02373312103770054
0.02373311350315904
0.02373310595610303
0.02373309839651699
0.023733090824385777
0.02373308323969409
0.02373307564242648
0.023733068032567663
0.023733060410102327
0.023733052775015005
0.023733045127290263
0.02373303746691271
0.023733029793866774
0.023733022108137002
0.02373301440970776
0.023733006698563697
0.023732998974688863
0.023732991238067935
0.023732983488685133
0.02373297572652501
0.02373296795157124
0.023732960163808742
0.023732952363221482
0.02373294454979376
0.02373293672350952
0.02373292888435328
0.023732921032308934
0.02373291316736063
0.02373290528949242
0.023732897398688398
0.02373288949493224
0.02373288157820865
0.023732873648500945
0.02373286570579316
0.023732857750069503
0.023732849781313518
0.023732841799509297
0.02373283380464038
0.02373282579669078
0.023732817775644274
0.02373280974148421
0.023732801694194835
0.023732793633759568
0.023732785560162093
0.02373277747338602
0.023732769373414658
0.023732761260232053
0.02373275313382144
0.02373274499416624
0.02373273684125016
0.02373272867505654
0.02373272049556885
0.023732712302770385
0.023732704096644533
0.023732695877174522
0.023732687644343775
0.023732679398135625
0.023732671138533293
0.023732662865519717
0.023732654579078402
0.02373264627919252
0.023732637965844877
0.023732629639018805
0.023732621298697194
0.023732612944863278
0.023732604577499938
0.02373259619659025
0.023732587802116987
0.02373257939406329
0.023732570972411896
0.02373256253714578
0.023732554088247457
0.023732545625700003
0.02373253714948617
0.023732528659588817
0.023732520155990245
0.0237325116386734
0.023732503107620952
0.023732494562815423
0.023732486004239616
0.023732477431875804
0.02373246884570643
0.023732460245714352
0.023732451631881944
0.02373244300419158
0.023732434362625468
0.02373242570716631
0.023732417037796168
0.023732408354497567
0.02373239965725277
0.023732390946043954
0.023732382220853197
0.023732373481663016
0.023732364728455406
0.02373235596121233
0.02373234717991618
0.02373233838454901
0.02373232957509245
0.0237323207515291
0.02373231191384049
0.023732303062008638
0.023732294196015698
0.023732285315843423
0.02373227642147337
0.023732267512887702
0.023732258590068153
0.023732249652996362
0.023732240701654302
0.023732231736023405
0.023732222756085306
0.023732213761822017
0.023732204753214647
0.023732195730245112
0.02373218669289468
0.02373217764114515