error as a function of alpha_bar(6*10^(-5)), w(0,1,0.001), sigma(-4), eta=10^(-5)
0.780542393662
0.023733621442270227
0.02373362140857098
0.023733621352390037
0.023733621273755445
0.023733621172646227
0.02373362104906483
0.023733620903015496
0.023733620734494604
0.023733620543503368
0.02373362033003716
0.023733620094095766
0.023733619835681674
0.02373361955478896
0.02373361925141948
0.023733618925569584
0.02373361857723922
0.023733618206425663
0.023733617813126693
0.023733617397342553
0.023733616959068067
0.023733616498302978
0.023733616015045218
0.023733615509289898
0.023733614981037238
0.023733614430282712
0.02373361385702465
0.02373361326125978
0.023733612642984837
0.023733612002196886
0.023733611338893373
0.023733610653069764
0.023733609944723094
0.023733609213849514
0.023733608460446125
0.023733607684508475
0.02373360688603264
0.023733606065015303
0.023733605221451456
0.02373360435533633
0.02373360346666668
0.02373360255543801
0.02373360162164542
0.023733600665283336
0.02373359968634816
0.023733598684834604
0.023733597660736783
0.02373359661405077
0.02373359554477033
0.023733594452890926
0.02373359333840599
0.023733592201310317
0.023733591041598435
0.02373358985926435
0.02373358865430143
0.023733587426704665
0.023733586176467345
0.02373358490358268
0.023733583608044957
0.02373358228984716
0.023733580948982605
0.023733579585444656
0.02373357819922678
0.023733576790321086
0.02373357535872158
0.02373357390441976
0.023733572427409345
0.023733570927681684
0.023733569405230817
0.023733567860047402
0.02373356629212448
0.02373356470145392
0.02373356308802778
0.02373356145183772
0.02373355979287532
0.023733558111132588
0.023733556406600603
0.02373355467927111
0.02373355292913524
0.023733551156183835
0.02373354936040811
0.02373354754179913
0.023733545700347403
0.02373354383604396
0.023733541948878986
0.02373354003884305
0.02373353810592653
0.023733536150119455
0.023733534171412097
0.023733532169794323
0.02373353014525597
0.023733528097786817
0.023733526027376595
0.02373352393401473
0.023733521817690523
0.023733519678393357
0.023733517516112183
0.023733515330836515
0.023733513122554735
0.023733510891255808
0.02373350863692863
0.023733506359561514
0.02373350405914304
0.023733501735661553
0.023733499389105184
0.023733497019461907
0.023733494626720364
0.023733492210867325
0.023733489771891544
0.023733487309780046
0.023733484824520458
0.02373348231610036
0.02373347978450691
0.023733477229727244
0.023733474651748434
0.023733472050557355
0.023733469426140918
0.023733466778485462
0.023733464107577987
0.023733461413404683
0.023733458695952003
0.023733455955205932
0.02373345319115277
0.023733450403778496
0.02373344759306877
0.023733444759009393
0.02373344190158614
0.023733439020784262
0.02373343611658946
0.02373343318898657
0.023733430237960887
0.023733427263497437
0.023733424265581112
0.02373342124419684
0.023733418199329084
0.023733415130962283
0.0237334120390811
0.023733408923669576
0.023733405784712173
0.02373340262219265
0.023733399436095013
0.023733396226403265
0.023733392993100802
0.02373338973617127
0.023733386455598197
0.023733383151365
0.023733379823454488
0.02373337647185009
0.02373337309653468
0.02373336969749104
0.023733366274701993
0.02373336282814992
0.023733359357817563
0.023733355863687088
0.02373335234574073
0.023733348803960712
0.023733345238328887
0.023733341648827073
0.023733338035437056
0.023733334398140488
0.023733330736918783
0.02373332705175355
0.02373332334262576
0.023733319609516548
0.023733315852406983
0.02373331207127785
0.023733308266110077
0.023733304436884015
0.02373330058358039
0.023733296706179435
0.02373329280466163
0.023733288879006866
0.02373328492919535
0.02373328095520659
0.02373327695702067
0.02373327293461722
0.02373326888797536
0.02373326481707521
0.023733260721895175
0.02373325660241486
0.023733252458613352
0.023733248290469154
0.02373324409796115
0.023733239881068117
0.023733235639768355
0.02373323137404046
0.023733227083862597
0.023733222769212643
0.02373321843006878
0.02373321406640892
0.023733209678210763
0.02373320526545191
0.02373320082810977
0.023733196366161738
0.023733191879585062
0.023733187368356994
0.023733182832454222
0.023733178271853648
0.023733173686532046
0.023733169076466304
0.0237331644416322
0.023733159782006512
0.023733155097565437
0.023733150388285024
0.023733145654141048
0.023733140895109427
0.02373313611116609
0.02373313130228628
0.02373312646844544
0.023733121609618876
0.023733116725781683
0.02373311181690922
0.0237331068829763
0.023733101923957164
0.023733096939827152
0.023733091930560522
0.023733086896131537
0.023733081836514573
0.023733076751683624
0.02373307164161269
0.023733066506275765
0.023733061345646445
0.02373305615969836
0.02373305094840505
0.023733045711739814
0.023733040449675512
0.02373303516218569
0.023733029849243005
0.023733024510820287
0.02373301914689021
0.02373301375742552
0.02373300834239822
0.02373300290178061
0.023732997435545165
0.02373299194366358
0.023732986426107588
0.023732980882849416
0.023732975313860337
0.023732969719111752
0.023732964098574852
0.023732958452221162
0.023732952780021396
0.023732947081947047
0.023732941357968152
0.02373293560805556
0.023732929832180085
0.023732924030311874
0.023732918202421266
0.023732912348477957
0.023732906468452435
0.023732900562314134
0.023732894630033117
0.023732888671578533
0.023732882686919848
0.023732876676026728
0.02373287063886779
0.02373286457541232
0.0237328584856289
0.023732852369486548
0.023732846226953836
0.023732840057999062
0.02373283386259037
0.023732827640696067
0.023732821392284296
0.023732815117322906
0.02373280881577919
0.02373280248762141
0.023732796132816515
0.02373278975133228
0.02373278334313541
0.023732776908193223
0.023732770446472512
0.023732763957939867
0.023732757442562372
0.02373275090030595
0.023732744331137222
0.02373273773502211
0.023732731111927113
0.023732724461817678
0.023732717784659855
0.023732711080419168
0.02373270434906083
0.02373269759055037
0.023732690804853233
0.023732683991933828
0.02373267715175755
0.023732670284289086
0.023732663389492956
0.023732656467333343
0.02373264951777485
0.02373264254078186
0.023732635536317957
0.023732628504347243
0.02373262144483317
0.02373261435773978
0.023732607243030234
0.0237326001006679
0.02373259293061561
0.02373258573283672
0.02373257850729401
0.023732571253950115
0.023732563972767507
0.02373255666370895
0.023732549326736223
0.023732541961811703
0.023732534568897182
0.023732527147954645
0.023732519698945784
0.02373251222183202
0.023732504716574614
0.023732497183134752
0.023732489621473795
0.02373248203155253
0.023732474413331518
0.023732466766771425
0.02373245909183299
0.023732451388476326
0.023732443656324667
0.023732435895992783
0.023732428107121544
0.023732420289670878
0.02373241244359998
0.02373240456886871
0.023732396665435702
0.02373238873326019
0.023732380772301265
0.023732372782517407
0.023732364763867416
0.023732356716309473
0.023732348639801944
0.02373234053430301
0.02373233239977063
0.023732324236162426
0.023732316043436157
0.023732307821549337
0.023732299570459116
0.023732291290122873
0.023732282980497562
0.02373227464154002
0.02373226627320678
0.0237322578754546
0.02373224944823974
0.02373224099151837
0.02373223250524663
0.023732223989380602
0.023732215443875465
0.0237322068686872
0.023732198263771306
0.0237321896290828
0.023732180964576684
0.023732172270208154
0.02373216354593191
0.0237321547917024
0.02373214600747431
0.023732137193201483
0.023732128348838404
0.02373211947433916
0.023732110569656996
0.023732101634745987
0.023732092669559394
0.023732083674050792
0.0237320746481726
0.023732065591878338
0.02373205650512088
0.023732047387852673
0.023732038240026097
0.023732029061593423
0.023732019852507058
0.023732010612718752
0.023732001342180245
0.023731992040843176
0.023731982708658998
0.023731973345579287
0.023731963951554785
0.02373195452653673
0.023731945070475685
0.023731935583322372
0.02373192606502681
0.023731916515539877
0.02373190693481156
0.023731897322791642
0.023731887679429825
0.02373187800467574
0.02373186829847877
0.023731858560788056
0.023731848791553007
0.02373183899072214
0.02373182915824435
0.023731819294068233
0.023731809398142047
0.023731799470413976
0.023731789510832102
0.0237317795193442
0.023731769495897937
0.023731759440440998
0.02373174935292034
0.02373173923328329
0.023731729081476822
0.023731718897447986
0.023731708681142844
0.023731698432508202
0.023731688151490092
0.02373167783803473
0.023731667492088077
0.023731657113595626
0.023731646702502888
0.023731636258755552
0.02373162578229834
0.023731615273076608
0.023731604731034982
0.023731594156118068
0.023731583548270326
0.023731572907436396
0.023731562233559704
0.02373155152658446
0.02373154078645446
0.023731530013113126
0.023731519206503782
0.023731508366569634
0.023731497493253564
0.023731486586498318
0.023731475646246995
0.02373146467244135
0.023731453665023945
0.023731442623936734
0.023731431549121672
0.02373142044052031
0.023731409298074265
0.023731398121724416
0.023731386911412418
0.023731375667078915
0.023731364388664515
0.023731353076110052
0.023731341729355582
0.02373133034834143
0.02373131893300756
0.02373130748329358
0.02373129599913914
0.023731284480483776
0.023731272927266324
0.02373126133942617
0.023731249716901996
0.023731238059632228
0.02373122636755556
0.02373121464060984
0.023731202878733416
0.023731191081864094
0.02373117924993937
0.023731167382896753
0.02373115548067347
0.02373114354320663
0.02373113157043302
0.02373111956228901
0.02373110751871152
0.023731095439636654
0.023731083325000225
0.02373107117473846
0.023731058988786715
0.023731046767080505
0.0237310345095552
0.023731022216145606
0.02373100988678688
0.02373099752141339
0.023730985119959584
0.02373097268235993
0.023730960208548448
0.023730947698458627
0.023730935152024468
0.0237309225691792
0.023730909949856098
0.023730897293988147
0.02373088460150807
0.0237308718723486
0.023730859106442154
0.023730846303720826
0.023730833464116585
0.02373082058756123
0.02373080767398625
0.023730794723323134
0.023730781735502953
0.023730768710456623
0.023730755648114724
0.02373074254840808
0.023730729411266704
0.023730716236620906
0.023730703024400397
0.023730689774534984
0.023730676486954046
0.02373066316112035
0.023730649797874738
0.023730636396699565
0.02373062295752374
0.02373060948027543
0.023730595964882577
0.023730582411273446
0.02373056881937549
0.02373055518911629
0.023730541520422938
0.023730527813222598
0.023730514067442112
0.02373050028300815
0.02373048645984671
0.02373047259788446
0.02373045869704699
0.02373044475725989
0.02373043077844917
0.023730416760539424
0.023730402703456256
0.02373038860712401
0.02373037447146749
0.023730360296411308
0.023730346081879326
0.02373033182779536
0.02373031753408319
0.023730303200666273
0.023730288827468127
0.023730274414411234
0.023730259961418695
0.02373024546841321
0.023730230935316492
0.02373021636205111
0.023730201748538883
0.023730187094701257
0.023730172400459694
0.0237301576657353
0.02373014289044923
0.023730128074521878
0.023730113217873917
0.02373009832042533
0.023730083382096184
0.023730068402806326
0.023730053382475254
0.02373003832102231
0.02373002321836613
0.023730008074426184
0.02372999288912045
0.02372997766236745
0.023729962394085348
0.023729947084192
0.0237299317326047
0.023729916339240875
0.02372990090401811
0.023729885426853038
0.023729869907662047
0.023729854346361722
0.02372983874286807
0.023729823097097258
0.023729807408964698
0.023729791678386066
0.023729775905276355
0.023729760089550064
0.023729744231122823
0.023729728329908377
0.02372971238582088
0.023729696398774362
0.023729680368682962
0.023729664295459196
0.023729648179016974
0.02372963201926918
0.023729615816127984
0.023729599569505995
0.02372958327931582
0.023729566945468978
0.023729550567876782
0.02372953414645147
0.023729517681103617
0.023729501171744227
0.023729484618283832
0.023729468020633193
0.023729451378701936
0.023729434692400193
0.02372941796163754
0.023729401186323433
0.023729384366366485
0.02372936750167598
0.023729350592160345
0.023729333637727675
0.023729316638286355
0.02372929959374401
0.02372928250400799
0.023729265368985744
0.02372924818858412
0.023729230962709628
0.023729213691269162
0.023729196374168735
0.023729179011314043
0.023729161602610748
0.02372914414796455
0.023729126647280434
0.02372910910046278
0.023729091507416686
0.023729073868046163
0.023729056182255293
0.0237290384499478
0.023729020671027203
0.02372900284539653
0.023728984972958892
0.02372896705361684
0.023728949087272636
0.023728931073828723
0.023728913013186567
0.023728894905247655
0.023728876749913537
0.023728858547084848
0.023728840296662487
0.023728821998546895
0.02372880365263818
0.02372878525883594
0.02372876681703999
0.023728748327149635
0.02372872978906381
0.023728711202681024
0.02372869256790003
0.02372867388461896
0.02372865515273523
0.023728636372146603
0.02372861754275089
0.02372859866444421
0.02372857973712389
0.023728560760685934
0.023728541735026885
0.02372852266004212
0.023728503535627454
0.02372848436167805
0.023728465138088604
0.023728445864754148
0.02372842654156892
0.023728407168426908
0.02372838774522174
0.02372836827184718
0.023728348748195943
0.023728329174161417
0.023728309549636003
0.023728289874511737
0.02372827014868058
0.023728250372034496
0.023728230544464605
0.023728210665862146
0.02372819073611755
0.02372817075512168
0.023728150722764182
0.023728130638935165
0.023728110503524406
0.023728090316420675
0.023728070077513146
0.023728049786690214
0.023728029443840216
0.023728009048851275
0.02372798860161101
0.023727968102006565
0.023727947549925386
0.02372792694525371
0.0237279062878785
0.02372788557768519
0.023727864814560046
0.023727843998388475
0.023727823129055328
0.023727802206445797
0.023727781230444202
0.023727760200934787
0.02372773911780126
0.023727717980927383
0.023727696790196366
0.02372767554549089
0.023727654246693677
0.023727632893686915
0.0237276114863527
0.023727590024572233
0.02372756850822745
0.02372754693719844
0.023727525311366578
0.02372750363061179
0.023727481894813864
0.02372746010385269
0.02372743825760777
0.023727416355957466
0.023727394398780903
0.023727372385956288
0.02372735031736106
0.023727328192873723
0.023727306012370882
0.023727283775729816
0.023727261482826903
0.023727239133538566
0.023727216727740655
0.023727194265308584
0.02372717174551191
0.023727149169413386
0.023727126536304502
0.023727103846059812
0.023727081098552847
0.023727058293657257
0.023727035431246064
0.023727012511192257
0.023726989533368
0.02372696649764566
0.023726943403896757
0.0237269202519926
0.02372689704180457
0.023726873773203327
0.023726850446058777
0.02372682706024111
0.023726803615620278
0.023726780112065027
0.023726756549444564
0.02372673292762722
0.0237267092464813
0.023726685505874544
0.023726661705674605
0.023726637845748338
0.02372661392596272
0.023726589946183818
0.023726565906278026
0.02372654180611033
0.023726517645546757
0.023726493424451642
0.02372646914268965
0.023726444800125302
0.0237264203966217
0.02372639593204282
0.0237263714062516
0.02372634681911039
0.023726322170481835
0.023726297460227756
0.02372627268820958
0.023726247854288417
0.02372622295832541
0.023726198000180766
0.023726172979714095
0.0237261478967857
0.02372612275125468
0.023726097542979455
0.02372607227181918
0.023726046937631345
0.023726021540273826
0.023725996079604236
0.02372597055547934
0.023725944967755895
0.023725919316289458
0.023725893600936382
0.023725867821551876
0.023725841977990818
0.02372581607010782
0.0237257900977574
0.02372576406079283
0.023725737959067763
0.023725711792435603
0.023725685560748055
0.023725659263858005
0.02372563290161732
0.02372560647387676
0.023725579980487715
0.023725553421301268
0.023725526796166598
0.023725500104934093
0.02372547334745316
0.02372544652357257
0.023725419633140905
0.023725392676006304
0.023725365652016484
0.023725338561018917
0.023725311402860286
0.02372528417738715
0.023725256884445538
0.023725229523881418
0.023725202095539674
0.02372517459926525
0.02372514703490246
0.02372511940229535
0.02372509170128743
0.023725063931721843
0.023725036093441353
0.02372500818628827
0.023724980210104187
0.023724952164730702
0.023724924050009213
0.02372489586577968
0.023724867611882243
0.02372483928815729
0.023724810894443008
0.023724782430579155
0.023724753896403977
0.02372472529175521
0.02372469661646997
0.023724667870386327
0.023724639053340376
0.023724610165168046
0.023724581205705857
0.023724552174788423
0.02372452307225064
0.023724493897927385
0.023724464651652677
0.023724435333259224
0.023724405942581232
0.023724376479450502
0.023724346943699605
0.023724317335160092
0.02372428765366334
0.02372425789904027
0.023724228071120877
0.023724198169735346
0.023724168194713235
0.02372413814588318
0.02372410802307401
0.023724077826113667
0.023724047554829993
0.023724017209049632
0.02372398678859975
0.02372395629330611
0.02372392572299469
0.0237238950774909
0.023723864356619398
0.023723833560204504
0.02372380268807001
0.02372377174003932
0.02372374071593508
0.023723709615580423
0.02372367843879661
0.023723647185405625
0.02372361585522827
0.023723584448084548
0.023723552963795184
0.02372352140217966
0.023723489763056726
0.023723458046244778
0.023723426251562613
0.023723394378827294
0.02372336242785562
0.023723330398465182
0.023723298290471297
0.023723266103689907
0.023723233837935877
0.02372320149302406
0.02372316906876879
0.02372313656498299
0.023723103981480705
0.02372307131807389
0.023723038574574872
0.023723005750795514
0.02372297284654672
0.023722939861639154
0.02372290679588271
0.023722873649087185
0.023722840421061785
0.0237228071116149
0.023722773720554667
0.023722740247688404
0.02372270669282327
0.023722673055766086
0.023722639336322418
0.02372260553429803
0.023722571649497624
0.023722537681725834
0.023722503630786245
0.023722469496482868
0.02372243527861787
0.023722400976993685
0.02372236659141259
0.02372233212167526
0.023722297567582838
0.023722262928935357
0.023722228205532266
0.023722193397173127
0.023722158503656086
0.023722123524779426
0.02372208846034054
0.023722053310136645
0.023722018073963607
0.023721982751618145
0.023721947342894636
0.023721911847588373
0.023721876265493963
0.023721840596404014
0.023721804840112513
0.02372176899641205
0.023721733065093845
0.02372169704595019
0.02372166093877164
0.023721624743348654
0.023721588459470887
0.023721552086927618
0.023721515625507672
0.023721479074998476
0.02372144243518835
0.023721405705863983
0.023721368886811353
0.02372133197781717
0.0237212949786655
0.02372125788914206
0.02372122070903038
0.02372118343811428
0.02372114607617634
0.023721108622999188
0.02372107107836447
0.023721033442053327
0.02372099571384659
0.023720957893524
0.023720919980865472
0.023720881975649106
0.02372084387690759
0.023720805685883237
0.023720767401633137
0.023720729023933806
0.023720690552561662
0.023720651987291314
0.023720613327898214
0.023720574574155516
0.023720535725836912
0.02372049678271546
0.023720457744563515
0.023720418611152268
0.023720379382252386
0.023720340057635386
0.02372030063707029
0.023720261120325985
0.023720221507171405
0.023720181797374854
0.02372014199070329
0.02372010208692306
0.023720062085800783
0.023720021987101093
0.023719981790589827
0.023719941496030857
0.023719901103186912
0.02371986061182205
0.023719820021697906
0.023719779332575953
0.023719738544217918
0.023719697656383876
0.023719656668833022
0.023719615581325414
0.02371957439361868
0.023719533105470602
0.023719491716639417
0.023719450226880184
0.023719408635949586
0.023719366943603163
0.02371932514959449
0.023719283253678045
0.023719241255607166
0.023719199155134176
0.023719156952010934
0.023719114645989303
0.023719072236818954
0.02371902972425044
0.02371898710803307
0.023718944387914852
0.023718901563644357
0.02371885863496837
0.023718815601633705
0.02371877246338617
0.02371872921997126
0.02371868587113288
0.02371864241661548
0.023718598856161927
0.023718555189514774
0.023718511416415865
0.02371846753660646
0.02371842354982681
0.023718379455816365
0.023718335254314656
0.023718290945059974
0.02371824652778939
0.023718202002240386
0.023718157368149022
0.023718112625250507
0.023718067773280612
0.023718022811972453
0.023717977741059933
0.023717932560275753
0.023717887269351583
0.023717841868019302
0.023717796356008635
0.02371775073305005
0.02371770499887234
0.023717659153203886
0.023717613195772348
0.02371756712630515
0.023717520944528
0.023717474650166385
0.023717428242945256
0.02371738172258851
0.02371733508881951
0.023717288341360915
0.023717241479934117
0.02371719450426026
0.02371714741406
0.023717100209052638
0.02371705288895708
0.02371700545349153
0.02371695790237272
0.023716910235318137
0.023716862452042645
0.023716814552261694
0.02371676653568992
0.023716718402040433
0.02371667015102578
0.023716621782358765
0.023716573295749704
0.02371652469090927
0.023716475967547918