error as a function of alpha_bar(6*10^(-5)), w(0,1,0.001), sigma(-3), eta=10^(-5)
0.780542393662
0.023678197469066603
0.023678180816454487
0.023678153054344064
0.023678114171125777
0.023678064150520227
0.02367800297159392
0.023677930608715946
0.02367784703158218
0.02367775220516857
0.02367764608972636
0.02367752864075586
0.02367739980897828
0.02367725954031846
0.02367710777586127
0.023676944451825745
0.023676769499531212
0.023676582845355558
0.023676384410691434
0.023676174111907214
0.023675951860297008
0.023675717562033436
0.023675471118110383
0.02367521242429222
0.023674941371053245
0.023674657843514583
0.023674361721380925
0.023674052878875893
0.023673731184665165
0.02367339650179308
0.023673048687594168
0.023672687593629716
0.02367231306519819
0.02367192494256082
0.02367152305915403
0.02367110724249119
0.0236706773138498
0.023670233088158663
0.023669774373904037
0.023669300973010593
0.023668812680736593
0.023668309285551605
0.02366779056902074
0.02366725630567745
0.023666706262897443
0.02366614020076148
0.02366555787192647
0.02366495902147848
0.023664343386791825
0.02366371069687053
0.023663060673953434
0.023662393030995554
0.023661707472937197
0.02366100369619389
0.023660281388488903
0.02365954022867703
0.023658779886551233
0.023658000022654755
0.02365720028809066
0.023656380324308317
0.023655539762908268
0.023654678225418883
0.023653795323084145
0.023652890656631526
0.023651963816046433
0.02365101438032997
0.02365004191725674
0.02364904598311816
0.023648026122473197
0.02364698186717501
0.02364591273858627
0.02364481824392374
0.02364369787802695
0.02364255112259418
0.023641377445869992
0.023640176302338212
0.023638947132392348
0.023637689362020466
0.02363640240245435
0.023635085649824944
0.023633738484814995
0.023632360272278195
0.023630950360877614
0.02362950808269042
0.023628032752820497
0.0236265236689837
0.02362498011110263
0.023623401340869217
0.023621786601313175
0.023620135116353615
0.023618446089565804
0.023616718706448544
0.0236149521302074
0.023613145503530594
0.023611297947569745
0.02360940856139767
0.02360747642147451
0.023605500581096516
0.023603480069836043
0.023601413892947263
0.023599301030779958
0.023597140438171488
0.02359493104381293
0.02359267174960968
0.02359036143002549
0.02358799893140329
0.02358558307127755
0.02358311263766415
0.023580586388322895
0.023578003050030643
0.023575361317804515
0.023572659854118275
0.02356989728721623
0.02356707221348136
0.023564183192212516
0.023561228747451313
0.02355820736647551
0.02355511749888668
0.023551957555670865
0.023548725908262295
0.023545420887547474
0.023542040782867993
0.023538583841005156
0.023535048265116775
0.023531432213655824
0.02352773379928657
0.02352395108773074
0.02352008209662234
0.023516124794327478
0.023512077098719605
0.02350793687593582
0.023503701939110472
0.02349937004707122
0.023494938900339046
0.023490406153068754
0.023485769385040163
0.023481026126846518
0.023476173845101186
0.023471209943627946
0.023466131761912024
0.023460936573522707
0.023455621584532762
0.02345018393185203
0.023444620681556342
0.02343892882717724
0.023433105287938186
0.02342714690695101
0.02342105044939457
0.023414812600632124
0.023408429964290833
0.023401899060295495
0.02339521632287961
0.023388378098532933
0.023381380643905835
0.023374220123671602
0.023366892608372016
0.023359394072151995
0.023351720390523165
0.02334386733802103
0.023335830585844944
0.023327605699456026
0.023319188136107265
0.023310573242315363
0.023301756251329974
0.023292732280518938
0.023283496328668794
0.023274043273341212
0.023264367868069236
0.02325446473955339
0.0232443283848111
0.023233953168258326
0.023223333318738448
0.023212462926563555
0.023201335940364685
0.02318994616405442
0.023178287253615884
0.023166352713937296
0.023154135895492242
0.02314162999110874
0.023128828032530226
0.02311572288705993
0.023102307254134438
0.02308857366175802
0.023074514463051175
0.0230601218325999
0.023045387762895577
0.023030304060645237
0.02301486234307024
0.022999054034230595
0.022982870361207254
0.02296630235034641
0.022949340823441806
0.02293197639389409
0.022914199462846067
0.022896000215315977
0.022877368616284886
0.022858294406886484
0.02283876710037353
0.022818775978321704
0.02279831008669472
0.02277735823199331
0.022755908977324404
0.022733950638654063
0.022711471280902496
0.022688458714248533
0.022664900490360233
0.02264078389872581
0.022616095963061807
0.022590823437756796
0.022564952804372543
0.022538470268361508
0.022511361755767227
0.022483612910031446
0.022455209088971025
0.02242613536196375
0.022396376507116986
0.022365917008747897
0.022334741055008586
0.022302832535640044
0.022270175040017322
0.02223675185538793
0.02220254596535748
0.02216754004870607
0.022131716478365968
0.022095057320780962
0.022057544335651793
0.022019158975885664
0.021979882388088706
0.021939695413282945
0.021898578587703364
0.02185651214627874
0.021813476022218625
0.021769449851269714
0.0217244129744453
0.02167834444196663
0.021631223017415088
0.02158302718276012
0.021533735144025158
0.02148332483756725
0.021431773937021684
0.021379059861372392
0.021325159783170768
0.021270050638270886
0.021213709136003404
0.021156111770294472
0.021097234832130534
0.021037054422228803
0.020975546465582737
0.020912686726530266
0.020848450825143666
0.0207828142536956
0.02071575240001942
0.020647240559278093
0.020577253958896955
0.02050576778691513
0.020432757206313858
0.020358197385521005
0.020282063523733896
0.02020433087892894
0.02012497479752645
0.020043970745289755
0.019961294339952328
0.019876921385179398
0.019790827906375832
0.019702990188054985
0.019613384812655045
0.019521988701257115
0.019428779155609404
0.019333733902272124
0.019236831137826847
0.019138049576546058
0.019037368498789693
0.018934767801702848
0.01883022805108344
0.018723730535483308
0.01861525732079234
0.018504791307501142
0.018392316288457475
0.0182778170085074
0.018161279225484373
0.01804268977222266
0.017922036619737312
0.017799308941783904
0.017674497179911586
0.017547593110431362
0.01741858990838015
0.017287482220687846
0.01715426622834563
0.017018939717898054
0.01688150214859009
0.01674195472123722
0.01660030044624173
0.016456544211035134
0.016310692847495294
0.01616275519795895
0.016012742180570312
0.015860666852765905
0.015706544474259454
0.015550392566928202
0.015392230974041179
0.015232081916003557
0.015069970044135298
0.014905922492171552
0.014739968923211515
0.014572141574757173
0.014402475299424036
0.014231007602036515
0.014057778672345972
0.013882831413334837
0.013706211465324785
0.013527967224515101
0.013348149856928738
0.013166813306548808
0.012984014298321953
0.012799812334951106
0.012614269687919557
0.01242745138253142
0.012239425176483635
0.012050261532019324
0.011860033581696953
0.01166881708759185
0.011476690393650754
0.011283734371891662
0.01109003236089689
0.010895670099294335
0.010700735650945275
0.010505319324816707
0.01030951357291763
0.01011341297312031
0.00991711397767905
0.009720714960622965
0.009524316030829042
0.009328018931458558
0.009131926918632694
0.008936144635639893
0.008740777983023956
0.008545933983536015
0.008351720645223002
0.00815824681930079
0.00796562205664814
0.007773956461257632
0.0075833605415851985
0.0073939450613043165
0.007205820888055992
0.007019098841967991
0.006833889544668674
0.006650303267971793
0.006468449784156579
0.006288438216824704
0.006110376894494625
0.00593437320587641
0.005760533458481877
0.005588962739394137
0.0054197647808720256
0.00525304182891363
0.005088894516883115
0.004927421743228647
0.004768720554600067
0.004612886034122664
0.004460011195165437
0.004310186881039893
0.004163501670398766
0.004020041789317349
0.0038798910292912347
0.0037431306715704784
0.0036098394184737185
0.0034800933308474272
0.0033539657724698897
0.0032315273607205256
0.0031128459240754094
0.002997986466106538
0.00288701113577832
0.0027799792042414034
0.002676947047697608
0.002577968136453093
0.0024830930298379893
0.0023923693767208274
0.0023058419217301734
0.0022235525165948803
0.0021455401366493347
0.00207184090212329
0.0020024881040065527
0.0019375122342439831
0.001876941019996507
0.0018207994616842292
0.0017691098745022337
0.001721891933367925
0.001679162720582737
0.0016409367765412748
0.00160722615269099
0.0015780404666695643
0.0015533869598409872
0.0015332705559733973
0.0015176939218599073
0.0015066575292286377
0.0015001597172636036
0.0014981967569445125
0.001500762915031366
0.0015078505195204191
0.001519450024820934
0.0015355500775528744
0.001556137582292641
0.001581197767292471
0.0016107142501640959
0.0016446691031484506
0.0016830429180194765
0.0017258148707176482
0.0017729627854443971
0.0018244631977922287
0.0018802914174110173
0.0019404215905608133
0.0020048267601697153
0.0020734789271439754
0.002146349108858338
0.002223407397942148
0.0023046230191968164
0.0023899643858092943
0.0024793991548229715
0.0025728942799526236
0.002670416065214569
0.0027719302152785087
0.002877401886057781
0.002986795733198773
0.0031000759586581783
0.003217206357099305
0.0033381503601173663
0.003462871078432075
0.003591331343576991
0.003723493747895908
0.003859320681644796
0.003998774370863094
0.004141816911244568
0.004288410302086468
0.004438516478351942
0.004592097340118323
0.004749114782078491
0.00490953072002541
0.005073307116991361
0.005240406006934084
0.005410789517420765
0.005584419891053381
0.005761259504730638
0.00594127088835561
0.006124416741922315
0.00631065995079857
0.006499963600763317
0.006692290990656092
0.006887605645412623
0.0070858713259778685
0.007287052040115099
0.007491112051170271
0.00769801588559221
0.007907728341166018
0.008120214492172383
0.008335439695356571
0.008553369594898913
0.008773970126147406
0.008997207519142259
0.00922304830144944
0.00945145930036631
0.009682407644821428
0.009915860779280628
0.010151786364859233
0.01039015258746761
0.010630927669878939
0.010874080295781243
0.01111957941704148
0.01136739428756063
0.011617494463323752
0.011869849801102094
0.012124430456624686
0.01238120688374801
0.012640149832026437
0.012901230345512533
0.013164419760488464
0.013429689704136015
0.013697012091795859
0.013966359125029585
0.014237703289762415
0.014511017354015712
0.014786274365666843
0.015063447650421436
0.015342510809467164
0.01562343771713319
0.01590620251874925
0.0161907796286692
0.016477143728019804
0.0167652697626408
0.017055132940392476
0.017346708729441756
0.017639972856174795
0.0179349013034425
0.018231470307445156
0.018529656356831226
0.018829436190329653
0.019130786794597846
0.019433685402255273
0.019738109490100495
0.02004403677734226
0.020351445223074544
0.020660313025510964
0.0209706186193953
0.021282340673965287
0.02159545809190918
0.021909950007000373
0.022225795782752498
0.02254297501056676
0.022861467507252913
0.02318125331486086
0.02350231269761195
0.023824626140867763
0.024148174349324043
0.024472938245056235
0.024798898967093867
0.025126037867214096
0.02545433651170278
0.02578377667678959
0.026114340348495507
0.026446009721063164
0.026778767194960546
0.027112595374635885
0.027447477068833753
0.027783395287187467
0.02812033323864125
0.028458274332260378
0.02879720217174586
0.02913710055754249
0.029477953483148536
0.029819745134598917
0.030162459887839527
0.030506082308496538
0.030850597148766333
0.031195989347061345
0.03154224402648981
0.031889346492843425
0.03223728223244485
0.03258603691234966
0.032935596376805945
0.03328594664750108
0.03363707392043478
0.03398896456632838
0.03434160512680417
0.03469498231448535
0.035049083011063666
0.035403894265807465
0.0357594032939873
0.036115597475428404
0.036472464353141866
0.036829991631436625
0.03718816717458097
0.037546979005982486
0.03790641530625666
0.03826646441064237
0.03862711481014017
0.038988355147209316
0.03935017421618436
0.039712560961859114
0.040075504476681116
0.04043899400056198
0.040803018919094346
0.04116756876188547
0.041532633201629275
0.04189820205225676
0.04226426526759712
0.0426308129415277
0.042997835303495525
0.04336532271996073
0.04373326569196642
0.04410165485307164
0.044470480969733564
0.04483973493865334
0.045209407786223406
0.045579490666411836
0.045949974859463255
0.04632085177267482
0.046692112935556834
0.04706375000180721
0.04743575474609527
0.047808119064156655
0.04818083496994519
0.04855389459616069
0.048927290190953376
0.04930101411965119
0.04967505886002231
0.05004941700389562
0.05042408125520502
0.05079904442650294
0.0511742994428709
0.05154983933471966
0.051925657241877345
0.05230174640822641
0.05267810018365696
0.053054712022107084
0.05343157547782595
0.053808684209812524
0.05418603197419015
0.054563612628153485
0.05494142012602885
0.05531944851933888
0.05569769195613585
0.056076144679715834
0.05645480102424164
0.056833655418991616
0.05721270238488677
0.05759193653204722
0.05797135256154309
0.05835094526187012
0.058730709508467684
0.05911064026446112
0.059490732577731464
0.0598709815799533
0.06025138248653519
0.060631930595037985
0.061012621284589376
0.061393450014431646
0.06177441232257249
0.0621555038247256
0.06253672021570089
0.0629180572658135
0.06329951082022785
0.06368107679809203
0.06406275119269739
0.06444453006834401
0.06482640956325769
0.06520838588285409
0.06559045530492795
0.06597261417363694
0.0663548589011374
0.06673718596693336
0.06711959191497373
0.06750207335492163
0.06788462695934507
0.06826724946350445
0.0686499376652323
0.06903268842213214
0.06941549865310888
0.0697983653344531
0.07018128550139482
0.07056425624573741
0.07094727471634575
0.07133033811595964
0.07171344370339562
0.07209658878828039
0.07247977073487062
0.07286298695783389
0.07324623492347972
0.07362951214542271
0.07401281618896424
0.07439614466488226
0.0747794952312233
0.07516286559353808
0.07554625349973346
0.07592965674464526
0.07631307316438289
0.07669650063749812
0.07707993708432227
0.07746338046621579
0.0778468287823892
0.0782302800726483
0.07861373241241414
0.07899718391617325
0.07938063273174914
0.07976407704490755
0.08014751507281619
0.08053094506743506
0.08091436531267249
0.08129777412322446
0.08168116984549538
0.08206455085491304
0.082447915555441
0.08283126237896994
0.08321458978499639
0.08359789625833108
0.08398118031008364
0.08436444047442439
0.08474767531151954
0.08513088340055061
0.08551406334595958
0.08589721377122156
0.08628033332059447
0.08666342065809529
0.08704647446616988
0.08742949344405317
0.08781247630940335
0.08819542179387686
0.0885783286471582
0.08896119563051288
0.08934402152140311
0.08972680510820984
0.09010954519402477
0.09049224059051103
0.09087489012159303
0.0912574926210861
0.09164004693122668
0.0920225519035126
0.09240500639717975
0.09278740927820794
0.09316975941822561
0.09355205569636384
0.09393429699533189
0.09431648220237274
0.09469861020878018
0.09508067990871111
0.0954626901989438
0.0958446399776392
0.09622652814513985
0.09660835360140782
0.09699011524712078
0.09737181198155503
0.09775344270481078
0.09813500631278935
0.09851650170225788
0.09889792776477727
0.09927928339028227
0.09966056746506845
0.1000417788711351
0.1004229164861334
0.10080397918180305
0.10118496582691239
0.10156587528196348
0.10194670640312636
0.10232745803941522
0.10270812903287185
0.10308871821864556
0.10346922442412829
0.10384964646945398
0.10422998316667872
0.1046102333182944
0.10499039571974633
0.10537046915658557
0.10575045240581936
0.10613034423415603
0.10651014340098454
0.10688984865387324
0.10726945873085754
0.10764897236085964
0.10802838826228245
0.10840770514351113
0.10878692170153738
0.10916603662454094
0.10954504858857791
0.10992395626066093
0.11030275829548455
0.11068145333867131
0.11106004002494871
0.11143851697749689
0.11181688280850714
0.112195136122974
0.11257327551183426
0.11295129955544582
0.11332920682600058
0.11370699588412446
0.11408466527897901
0.11446221355304755
0.11483963923534604
0.11521694084625604
0.11559411689747337
0.11597116588945655
0.11634808631333467
0.11672487665223205
0.11710153537895651
0.11747806095861171
0.1178544518467778
0.11823070649175757
0.11860682333092432
0.11898280079706906
0.11935863731355234
0.11973433129539479
0.12010988115212677
0.1204852852848616
0.12086054209020018
0.12123564995549123
0.12161060726337111
0.12198541239094277
0.12236006370947958
0.12273455958438503
0.12310889837744365
0.1234830784442234
0.12385709813684162
0.12423095580404242
0.12460464978949853
0.12497817843467061
0.12535154007676136
0.12572473305238085
0.12609775569387893
0.1264706063322182
0.12684328329686742
0.1272157849152366
0.12758810951532182
0.1279602554223595
0.12833222096321206
0.1287040044632754
0.12907560425016829
0.12944701864929778
0.12981824598972613
0.1301892846009543
0.1305601328134487
0.13093078896246702
0.13130125138217189
0.1316715184114838
0.13204158839168215
0.13241145966835444
0.1327811305901902
0.1331505995098122
0.13351986478391362
0.13388892477525302
0.1342577778491488
0.13462642237982378
0.13499485674419123
0.13536307932519753
0.13573108851419696
0.13609888270743464
0.13646646030771087
0.13683381972557437
0.13720095938055993
0.13756787769607817
0.1379345731072226
0.1383010440563915
0.13866728899211303
0.1390333063746814
0.1393990946728221
0.13976465236246452
0.1401299779321255
0.14049506987744634
0.14085992670586406
0.1412245469345957
0.14158892909045165
0.14195307171197427
0.1423169733481497
0.142680632558801
0.14304404791600692
0.14340721800150752
0.14377014141138525
0.1441328167512012
0.14449524263989574
0.14485741770772095
0.1452193405990618
0.14558100996773196
0.14594242448326394
0.14630358282673295
0.1466644836924623
0.14702512578806148
0.14738550783428153
0.14774562856428688
0.14810548672624585
0.14846508108188292
0.14882441040546365
0.14918347348611927
0.14954226912704435
0.14990079614379886
0.15025905336822976
0.15061703964594816
0.150974753835679
0.15133219481082488
0.15168936146035264
0.15204625268635596
0.1524028674065241
0.15275920455270448
0.15311526307145953
0.15347104192353633
0.15382654008607669
0.15418175654700186
0.1545366903138878
0.15489134040665445
0.15524570585948694
0.15559978572258346
0.1559535790602536
0.1563070849533713
0.15666030249459634
0.15701323079355328
0.1573658689747201
0.15771821617605122
0.15807027155123562
0.1584220342698943
0.15877350351324745
0.159124678480127
0.15947555838285338
0.1598261424494142
0.16017642991951636
0.1605264200516237
0.16087611211654035
0.16122550539831396
0.16157459919796777
0.16192339282896492
0.16227188561996547
0.16262007691497712
0.16296796607054842
0.16331555245686546
0.16366283546033294
0.16400981447981341
0.16435648892907181
0.16470285823468273
0.1650489218384339
0.16539467919410739
0.1657401297712984
0.16608527305060072
0.16643010852835066
0.16677463571295364
0.1671188541268443
0.16746276330479656
0.16780636279662928
0.16814965216275513
0.16849263097773082
0.16883529882910833
0.16917765531764076
0.16951970005558978
0.16986143266863843
0.1702028527938081
0.17054396008340605
0.17088475419812896
0.1712252348134736
0.17156540161617595
0.17190525430483863
0.17224479259084943
0.1725840161964039
0.17292292485511512
0.17326151831437916
0.17359979632959488
0.17393775867023126
0.17427540511574366
0.17461273545701184
0.17494974949703224
0.1752864470474377
0.17562282793309425
0.175958891986872
0.17629463905653972
0.17663006899520656
0.17696518167012673
0.17729997695690644
0.17763445474295117
0.1779686149244759
0.17830245740778614
0.1786359821085489
0.1789691889543811
0.17930207787967195
0.17963464883074964
0.17996690176181718
0.1802988366376468
0.18063045342978024
0.1809617521228472
0.1812927327067505
0.18162339518116752
0.1819537395560465
0.18228376584985903
0.1826134740877564
0.18294286430542192
0.18327193654445761
0.18360069085717431
0.1839291273039694
0.1842572459502007
0.18458504687360394
0.18491253015622622
0.18523969588968597
0.18556654417286206
0.1858930751111931
0.18621928881893898
0.18654518541731843
0.18687076503436734
0.18719602780538921
0.1875209738731114
0.18784560338643053
0.18816991650200007
0.18849391338252208
0.1888175941972131
0.18914095912179485
0.1894640083409855
0.1897867420408587
0.19010916041809423
0.19043126367301827
0.19075305201384524
0.19107452565355354
0.1913956848107188
0.19171652971057443
0.1920370605844174
0.19235727766695307
0.1926771812007293
0.19299677143323357
0.19331604861502727
0.19363501300587338
0.19395366486672
0.19427200446636617
0.19459003207701792
0.1949077479756644
0.19522515244614141
0.19554224577315166
0.19585902824998744
0.19617550017265306
0.19649166184031283
0.19680751355889106
0.1971230556372648
0.19743828838813346
0.19775321212934396
0.19806782718172533
0.1983821338714088
0.19869613252638973
0.19900982347931231
0.19932320706667772
0.19963628362915042
0.19994905350970207
0.20026151705462625
0.20057367461524764