error as a function of alpha_bar(2*10^(-5)), w(0,1,0.001), sigma(-3), eta=10^(-5)
0.780542393662
0.02355523457803783
0.023554820056893456
0.023554127520167223
0.023553154457153506
0.02355189733607655
0.023550351587085214
0.023548511580319502
0.02354637059885229
0.02354392080640764
0.023541153209667404
0.023538057614477387
0.023534622577740097
0.023530835350969673
0.02352668181925208
0.023522146432753712
0.023517212131403217
0.0235118602610565
0.023506070485306164
0.023499820683617886
0.023493086845069743
0.02348584295084897
0.023478060847237803
0.023469710107368088
0.023460757884011037
0.02345116874701897
0.023440904510959714
0.02342992404802161
0.023418183086947486
0.023405633996680202
0.023392225553267566
0.023377902692078838
0.023362606237985778
0.023346272619656137
0.023328833562112242
0.02331021575819739
0.023290340517493836
0.023269123391675663
0.023246473773392763
0.023222294475135692
0.02319648127180054
0.023168922423133682
0.023139498163967487
0.023108080165522432
0.02307453096649838
0.02303870337373142
0.023000439832417983
0.02295957176603747
0.022915918886976038
0.022869288479128422
0.02281947465430643
0.02276625758553844
0.02270940272059287
0.02264865998091885
0.02258376295184797
0.022514428071776886
0.022440353829716188
0.022361219982411966
0.022276686804907207
0.02218639439060295
0.022089962020054057
0.021986987620879164
0.02187704734503059
0.021759695293180194
0.021634463420795575
0.021500861664993966
0.021358378335629764
0.021206480820278952
0.02104461665671604
0.02087221503234256
0.020688688774634822
0.02049343690100051
0.020285847799334587
0.020065303113946845
0.01983118241076239
0.01958286869468082
0.01931975484803121
0.019041251049853596
0.01874679322759149
0.01843585256778359
0.018107946102949215
0.017762648353655548
0.01739960397618743
0.017018541324838904
0.016619286793678186
0.016201779748214473
0.015766087806039636
0.015312422167168318
0.014841152633009336
0.014352821906334412
0.013848158711803104
0.013328089240581731
0.012793746402510462
0.012246476366511987
0.011687841889006246
0.01111962197758746
0.010543807513309534
0.009962592551963134
0.009378361158981116
0.008793669768142068
0.008211225250081907
0.007633858991471558
0.007064497520612329
0.006506130318641479
0.005961775612662774
0.005434445037702169
0.004927108114537226
0.004442657503922101
0.003983875965029937
0.0035534058692652673
0.0031537220060523117
0.0027871082707778593
0.0024556386584569283
0.0021611628105938723
0.0019052961861089099
0.0016894147617479464
0.0015146540201547705
0.0013819118611288774
0.0012918549776059767
0.001244928176651458
0.0012413660943273498
0.0012812067565227713
0.0013643064627240865
0.001490355524381163
0.001658894448636841
0.0018693302350605914
0.002120952503843868
0.0024129492814814893
0.0027444222203794584
0.0031144011817026336
0.003521858032428936
0.003965719571908194
0.0044448795000228344
0.0049582093477754455
0.005504568312649574
0.006082811958864136
0.006691799765706471
0.007330401539724174
0.007997502729232208
0.00869200870597736
0.009412848103388126
0.010158975306400482
0.010929372209947094
0.011723049350335735
0.012539046525817
0.01337643300442729
0.014234307414164551
0.015111797395451102
0.016008059083312428
0.01692227647832052
0.017853660747927085
0.018801449493381875
0.01976490600620221
0.020743318534740617
0.021735999566376382
0.02274228513845204
0.023761534177490214
0.024793127865353225
0.025836469037908157
0.026890981605739966
0.02795611000002577
0.02903131863754425
0.030116091404776082
0.031209931154889705
0.03231235921699547
0.03342291491730584
0.034541155107310956
0.03566665369885115
0.03679900120966608
0.037937804309197666
0.0390826853729948
0.04023328204317199
0.04138924679102535
0.042550246488895944
0.04371596198238946
0.04488608767482593
0.04606033110897814
0.047238412564399784
0.04842006465113398
0.049605031918696973
0.050793070465344
0.051983947555584054
0.053177441245459124
0.054373340014566875
0.05557144240122494
0.056771556647546205
0.05797350034897454
0.05917710011389569
0.06038219122153095
0.06158861729313758
0.062796229964217
0.06400488856590528
0.06521445980621898
0.06642481746276267
0.06763584207268702
0.06884742063502658
0.0700594463104843
0.07127181812947748
0.07248444070442589
0.07369722394116014
0.0749100827603039
0.07612293681997709
0.07733571023989631
0.07854833133334524
0.07976073234146276
0.0809728491717484
0.08218462113906219
0.08339599071793016
0.08460690328832284
0.08581730689944178
0.08702715202964036
0.08823639135641519
0.08944497953599657
0.09065287297890648
0.09186002964620713
0.09306640884671416
0.0942719710409131
0.09547667765909174
0.09668049092353248
0.09788337368632904
0.09908528926909049
0.10028620132172071
0.10148607368890408
0.1026848702823708
0.10388255497568832
0.1050790914985231
0.10627444335178399
0.1074685737304125
0.10866144545630368
0.10985302092726329
0.11104326207287499
0.11223213032470797
0.11341958659440775
0.11460559126242921
0.11579010418179812
0.11697308468056572
0.11815449158815071
0.11933428325236241
0.12051241757827451
0.12168885206582798
0.12286354385929103
0.12403644979696557
0.12520752646623023
0.12637673027039137
0.12754401748484118
0.12870934433293693
0.12987266704613845
0.13103394194358758
0.13219312549477794
0.1333501743984714
0.13450504565204935
0.13565769661927812
0.1368080851045311
0.13795616941763025
0.13910190844345072
0.14024526170116428
0.14138618940870207
0.1425246525421003
0.14366061288487136
0.1447940330874469
0.14592487670899698
0.1470531082670613
0.1481786932757424
0.14930159828358996
0.15042179090833666
0.1515392398610502
0.1526539149811456
0.15376578724976395
0.15487482881434383
0.15598101299778744
0.15708431431408665
0.15818470847437352
0.15928217239142958
0.1603766841802814
0.16146822315746237
0.16255676983902922
0.16364230592873516
0.16472481431240377
0.16580427904526684
0.16688068533749523
0.1679540195399332
0.1690242691230757
0.17009142266535388
0.17115546982415789
0.17221640131966717
0.17327420890825682
0.1743288853645379
0.1753804244496509
0.1764288208907319
0.17747407035245646
0.17851616941176957
0.17955511553144546
0.18059090703117728
0.1816235430635171
0.1826530235823389
0.183679349317787
0.1847025217489011
0.18572254307628472
0.18673941619340284
0.1877531446618576
0.18876373268203497
0.18977118506803037
0.1907755072221331
0.19177670510634234
0.19277478521772368
0.1937697545656527
0.19476162064297636
0.1957503914044969
0.19673607523998862
0.1977186809529231
0.19869821773639806
0.19967469514909605
0.200648123094151
0.20161851179615223
0.20258587178081333
0.20355021385326372
0.20451154907464222
0.20546988874612984
0.20642524438719506
0.20737762771445228
0.20832705062467466
0.20927352517734893
0.21021706357380474
0.21115767814228567
0.21209538131756486
0.21303018562896503
0.2139621036803665
0.21489114813575025
0.2158173317037821
0.21674066712692988
0.2176611671599725
0.21857884456305665
0.21949371208454607
0.22040578245136622
0.22131506835588938
0.2222215824427956
0.22312533730063672
0.22402634545023065
0.22492461933458646
0.2258201713099323
0.2267130136395723
0.22760315848006565
0.22849061787927488
0.2293754037664959
0.2302575279459899
0.2311370020920585
0.2320138377439294
0.23288804629939305
0.23375963901361937
0.23462862699116346
0.2354950211876994
0.23635883240298783
0.2372200712816563
0.23807874831126455
0.23893487382095566
0.23978845798019074
0.24063951079911194
0.2414880421299022
0.242334061666564
0.24317757894523812
0.24401860334933057
0.24485714410654008
0.2456932102948508
0.24652681084511113
0.2473579545431082
0.2481866500309487
0.2490129058162866
0.24983673026923275
0.25065813163169864
0.25147711802154177
0.25229369743154945
0.2531078777415298
0.2539196667195578
0.25472907202485995
0.2555361012189261
0.2563407617632439
0.2571430610313998
0.25794300630876266
0.25874060480300404
0.2595358636441803
0.26032878989501945
0.2611193905520298
0.2619076725534448
0.2626936427826091
0.263477308076392
0.2642586752251587
0.2650377509816665
0.2658145420661109
0.2665890551662057
0.2673612969474481
0.2681312740558893
0.26889899312017923
0.2696644607567008
0.2704276835766589
0.27118866818523557
0.27194742118840226
0.2727039491955081
0.2734582588224444
0.27421035669573524
0.27496024945234443
0.2757079437476441
0.27645344625296003
0.2771967636617202
0.2779379026883323
0.2786768700733692
0.2794136725836613
0.28014831701308746
0.28088081018656247
0.28161115895907196
0.2823393702182339
0.2830654508836505
0.2837894079088907
0.2845112482824743
0.28523097902757655
0.2859486072007256
0.28666413989600503
0.2873775842392107
0.2880889473956101
0.2887982365596935
0.28950545896480184
0.29021062187473545
0.2909137325875272
0.29161479843293037
0.2923138267724145
0.29301082499525943
0.2937058005232855
0.2943987608030727
0.2950897133093132
0.2957786655422613
0.2964656250238401
0.2971505993013342
0.29783359593922254
0.2985146225237905
0.2991936866577181
0.29987079595802907
0.3005459580584033
0.3012191806030661
0.3018904712456869
0.3025598376507303
0.30322728748730676
0.3038928284310696
0.30455646815904874
0.3052182143496468
0.3058780746806759
0.3065360568275717
0.3071921684607239
0.30784641724412676
0.30849881053222716
0.30914935648066677
0.30979806251492953
0.31044493625621716
0.3110899859784422
0.31173321802043136
0.31237464052888386
0.3130142610518242
0.3136520871170097
0.3142881262266108
0.31492238585777804
0.3155548734625181
0.3161855964628769
0.3168145622533251
0.31744177819673186
0.31806725162375565
0.3186909898321917
0.31931300008673613
0.3199332896142809
0.3205518656066614
0.32116873521882994
0.321783905566115
0.3223973837252504
0.3230091767333018
0.3236192915845758
0.3242277352341579
0.3248345145948943
0.3254396365346761
0.3260431078795755
0.32664493541330136
0.3272451258729185
0.3278436859521353
0.32844062230048177
0.32903594152227267
0.32962965017551343
0.33022175477444987
0.33081226178656864
0.33140117763515253
0.33198850869691077
0.3325742613048983
0.33315844174534737
0.3337410562594261
0.33432211104481774
0.3349016122529688
0.3354795659929458
0.3360559783277019
0.3366308552771051
0.33720420281925656
0.33777602688775804
0.33834633337406256
0.3389151281285151
0.3394824169593305
0.3400482056341251
0.3406124998789984
0.3411753053833335
0.34173662779412367
0.3422964727211342
0.3428548457371017
0.3434117523760353
0.34396719813567955
0.34452118847921204
0.3450737288330051
0.34562482458891103
0.34617448110537347
0.34672270370800307
0.3472694976887903
0.34781486830964164
0.34835882079919134
0.34890136035787767
0.3494424921540192
0.3499822213287828
0.350520552993539
0.35105749223326643
0.351593044105777
0.3521272136406146
0.3526600058436599
0.3531914256945709
0.35372147814895527
0.3542501681377775
0.35477750056960794
0.35530348032991155
0.35582811228088645
0.3563514012643822
0.35687335210089216
0.35739396958982755
0.3579132585111891
0.35843122362313484
0.3589478696687067
0.35946320136711385
0.35997722342344274
0.3604899405220779
0.3610013573317351
0.36151147850232207
0.3620203086679102
0.3625278524450781
0.3630341144358001
0.36353909922397715
0.3640428113787932
0.3645452554549823
0.36504643598988695
0.3655463575079072
0.3660450245172026
0.3665424415118227
0.36703861297198587
0.36753354336253824
0.3680272371345033
0.3685196987243513
0.36901093255620065
0.3695009430380141
0.36998973456546214
0.3704773115203564
0.3709636782694541
0.3714488391676464
0.371932798554745
0.37241556075682947
0.37289713008735775
0.3733775108447815
0.3738567073152639
0.37433472376950094
0.3748115644654178
0.37528723364676847
0.3757617355434523
0.3762350743708752
0.3767072543305928
0.37717827960976097
0.3776481543822602
0.37811688280573136
0.3785844690248192
0.37905091716912387
0.3795162313534144
0.37998041567725777
0.38044347422633257
0.3809054110711245
0.38136623026472755
0.3818259358482837
0.3822845318455723
0.382742022265878
0.3831984111007665
0.38365370232890394
0.3841078999109392
0.3845610077931003
0.3850130299044966
0.38546397015844197
0.38591383245289373
0.3863626206662771
0.38681033866448117
0.38725699029478633
0.38770257938824537
0.3881471097590937
0.388590585203799
0.389033009504872
0.3894743864231501
0.3899147197080683
0.39035401308761036
0.39079227027419716
0.39122949496407466
0.3916656908337069
0.3921008615445875
0.39253501074075775
0.39296814204835445
0.39340025907509085
0.3938313654129658
0.3942614646375461
0.3946905603046775
0.3951186559542614
0.39554575510818546
0.39597186127239536
0.3963969779349723
0.39682110856528907
0.39724425661664015
0.3976664255271929
0.3980876187142123
0.39850783958102587
0.39892709151300204
0.39934537787725743
0.3997627020258386
0.4001790672944502
0.40059447700002127
0.40100893444358093
0.40142244291175955
0.4018350056708199
0.40224662597497424
0.4026573070590755
0.4030670521438868
0.4034758644319384
0.4038837471123062
0.4042907033566477
0.4046967363215535
0.40510184914748537
0.4055060449612683
0.40590932687124937
0.40631169797376493
0.40671316134875435
0.40711372006020485
0.4075133771594277
0.40791213568156753
0.4083099986479522
0.408706969064327
0.40910304992340074
0.40949824420413167
0.409892554869489
0.41028598487073364
0.4106785371437994
0.41107021461194104
0.41146102018440306
0.4118509567575263
0.4122400272139399
0.41262823442408153
0.41301558124461246
0.41340207051847605
0.4137877050784346
0.41417248774299587
0.4145564213171311
0.41493950859654294
0.4153217523625327
0.41570315538423597
0.4160837204190465
0.41646345021377235
0.41684234750242954
0.417220415006431
0.4175976554376933
0.4179740714947917
0.41834966586664
0.418724441230269
0.4190984002506626
0.4194715455833135
0.41984387987134136
0.4202154057481497
0.4205861258365354
0.42095604274770615
0.4213251590816061
0.4216934774299149
0.4220610003723575
0.42242773047866955
0.4227936703083748
0.42315882241099023
0.42352318932493516
0.4238867735800984
0.4242495776949173
0.4246116041786052
0.4249728555309292
0.4253333342409052
0.42569304278839964
0.4260519836434828
0.42641015926631765
0.4267675721078949
0.42712422460977734
0.42748011920224543
0.4278352583087804
0.42818964434206164
0.4285432797045171
0.4288961667917156
0.42924830798738034
0.4295997056677892
0.42995036219891003
0.43030027993733094
0.43064946123191267
0.4309979084211751
0.43134562383381847
0.43169260979195156
0.4320388686057487
0.43238440257874183
0.43272921400498865
0.43307330516697917
0.4334166783427801
0.4337593357972119
0.4341012797892559
0.4344425125673032
0.4347830363713644
0.4351228534334397
0.43546196597499714
0.4358003762100755
0.4361380863437127
0.43647509857173933
0.4368114150817421
0.4371470380524057
0.43748196965330244
0.43781621204614246
0.4381497673837579
0.43848263780940805
0.4388148254598637
0.43914633246027224
0.4394771609294734
0.439807312978153
0.44013679070634887
0.4404655962077958
0.4407937315653418
0.4411211988564915
0.44144800014668956
0.44177413749602545
0.44209961295392697
0.4424244285640603
0.44274858635917347
0.4430720883650372
0.44339493659882295
0.4437171330687891
0.44403867977757533
0.44435957871533743
0.4446798318684432
0.4449994412115018
0.4453184087134757
0.4456367363339281
0.44595442602525054
0.44627147973002806
0.4465878993858364
0.4469036869195339
0.44721884425111585
0.447533373293099
0.44784727594929846
0.44816055411639616
0.448473209683549
0.44878524452977325
0.44909666052969965
0.44940745954787564
0.4497176434430364
0.45002721406439494
0.45033617325508607
0.4506445228499659
0.4509522646761349
0.45125940055334945
0.45156593229533404
0.45187186170693344
0.45217719058520583
0.45248192072184373
0.4527860538992504
0.4530895918942943
0.4533925364747261
0.4536948894039682
0.4539966524338384
0.4542978273145524
0.45459841578551063
0.4548984195799291
0.4551978404247636
0.45549668003936994
0.45579494013682653
0.4560926224223075
0.4563897285960215
0.45668626034981286
0.45698221936899597
0.45727760733282885
0.45757242591405817
0.4578666767778995
0.4581603615840006
0.45845348198382485
0.45874603962547816
0.4590380361469367
0.4593294731829791
0.45962035235948256
0.4599106752981395
0.46020044361205825
0.460489658910343
0.4607783227951063
0.46106643686103144
0.4613540026985402
0.46164102189052164
0.4619274960155162
0.46221342664371684
0.46249881533980197
0.4627836636654879
0.4630679731717613
0.4633517454079487
0.46363498191515423
0.4639176842288907
0.4641998538796765
0.4644814923918504
0.4647626012826939
0.4650431820665554
0.4653232362499723
0.46560276533426476
0.4658817708150147
0.4661602541829987
0.46643821692293924
0.46671566051391333
0.4669925864295551
0.4672689961376011
0.4675448911011102
0.4678202727771592
0.4680951426181448
0.46836950207027883
0.46864335257459533
0.4689166955671452
0.46918953247819484
0.4694618647331209
0.469733693752685
0.4700050209501718
0.4702758477368495
0.4705461755156661
0.4708160056867473
0.4710853396437233
0.47135417877594776
0.47162252446786296
0.4718903780972961
0.4721577410386716
0.4724246146609846
0.4726910003270582
0.47295689939696456
0.47322231322371644
0.4734872431565259
0.4737516905393659
0.4740156567112281
0.4742791430067924
0.47454215075479916
0.4748046812799154
0.47506673590236964
0.47532831593711466
0.47558942269264864
0.47585005747631004
0.4761102215882686
0.4763699163231547
0.4766291429735123
0.4768879028254525
0.47714619716101503
0.4774040272569324
0.477661394386277
0.4779182998160982
0.4781747448103217
0.4784307306278162
0.47868625852273317
0.4789413297439703
0.47919594553739897
0.4794501071433274
0.47970381579803945
0.47995707273371147
0.480209879175962
0.48046223634885044
0.480714145470714
0.4809656077545823
0.4812166244107742
0.4814671966439827
0.4817173256553265
0.4819670126415852
0.48221625879407837
0.48246506530114586
0.4827134333463333
0.48296136410904583
0.48320885876478015
0.48345591848326397
0.4837025444322784
0.48394873777291236
0.4841944996650155
0.48443983126230916
0.4846847337134151
0.4849292081659355
0.4851732557605929
0.4854168776355112
0.4856600749243673
0.4859028487560921
0.48614520025656505
0.48638713054695454
0.48662864074550405
0.4868697319647809
0.48711040531554517
0.4873506619014568
0.48759050282559097
0.48782992918520823
0.488068942074066
0.48830754258267123
0.4885457317967372
0.4887835107982228
0.4890208806658553
0.48925784247430204
0.4894943972937527
0.4897305461925663
0.4899662902319628
0.49020163047326065
0.49043656797194396
0.49067110377914547
0.4909052389441378
0.4911389745112716
0.4913723115217572
0.4916052510133374
0.491837794018743
0.4920699415690828
0.4923016946909548
0.4925330544065737
0.49276402173621864
0.4929945976955267
0.49322478329659564
0.4934545795484343
0.4936839874566238
0.49391300802317145
0.4941416422455306
0.4943698911197448
0.49459775563701974
0.49482523678508333
0.4950523355493263
0.4952790529104023
0.4955053898470216
0.4957313473327161
0.4959569263400905
0.49618212783598226
0.49640695278598135
0.49663140214987944
0.4968554768875076
0.4970791779523575
0.49730250629665024
0.4975254628685262
0.49774804861265054
0.49797026447182635
0.498192111383386
0.4984135902838316
0.49863470210531297
0.4988554477769282
0.49907582822476015
0.4992958443710978
0.499515497137095
0.4997347874377608
0.49995371618711953
0.5001722842969095
0.5003904926729481
0.5006083422211357
0.5008258338417574
0.5010429684338908
0.501259746892334
0.5014761701101333
0.5016922389760563
0.5019079543766305
0.5021233171958561
0.502338328313193
0.5025529886071163
0.5027672989523196
0.5029812602197619
0.5031948732790265
0.50340813899582
0.5036210582331497
0.5038336318513595
0.5040458607079253
0.5042577456572404
0.5044692875512551
0.5046804872387992
0.5048913455658803
0.5051018633756871
0.505312041508989
0.5055218808034037
0.5057313820942353
0.5059405462134577
0.5061493739906139
0.5063578662523639
0.50656602382326
0.5067738475244817
0.5069813381744225
0.5071884965896496
0.5073953235829286
0.5076018199652458
0.5078079865448129
0.5080138241263005
0.508219333513359
0.5084245155056005
0.5086293709006316
0.5088339004937321
0.5090381050768876
0.5092419854392757
0.5094455423691605
0.5096487766509374