error as a function of alpha_bar(-5,-2,1), w(0,1,0.001), sigma(-2), eta=10^(-5)
0.7774841663055696	0.7774841663055696	0.7774841663055696	0.7774841663055696
0.7774129359788374	0.7767721235128693	0.7704098954627076	0.7110641809138273
0.7774130082512813	0.7767728195445316	0.7704116465366646	0.7110657297943517
0.7774130804418369	0.7767735285332356	0.7704144633760777	0.7110683101042082
0.7774131524796434	0.77677423936407	0.7704182126332932	0.7110719201094421
0.7774132243423854	0.7767749503758599	0.7704227392466106	0.7110765573876974
0.7774132960210581	0.7767756608513922	0.7704278862009001	0.7110822188333406
0.7774133675117489	0.7767763703997478	0.770433509287399	0.711088900664048
0.7774134388128217	0.7767770787816635	0.7704394855040004	0.7110965984287764
0.7774135099237389	0.7767777858394976	0.7704457158276877	0.7111053070171255
0.7774135808445108	0.7767784914639311	0.7704521240932232	0.7111150206700215
0.7774136515754244	0.7767791955762792	0.7704586537840886	0.7111257329917066
0.7774137221169058	0.7767798981183158	0.7704652641209868	0.7111374369629627
0.7774137924694502	0.7767805990460456	0.7704719262991611	0.7111501249555372
0.7774138626335866	0.7767812983257062	0.7704786202832907	0.7111637887476974
0.7774139326098606	0.7767819959310966	0.7704853322773493	0.7111784195408685
0.7774140023988236	0.7767826918417308	0.7704920528289753	0.711194007977275
0.7774140720010295	0.7767833860415293	0.7704987754618251	0.711210544158536
0.7774141414170316	0.7767840785178654	0.7705054957160898	0.7112280176651264
0.7774142106473824	0.7767847692608588	0.7705122104893358	0.711246417576649
0.7774142796926314	0.7767854582628404	0.7705189175906804	0.7112657324928277
0.7774143485533271	0.7767861455179423	0.7705256154426173	0.7112859505551615
0.7774144172300151	0.7767868310217778	0.7705323028830604	0.7113070594691476
0.7774144857232379	0.7767875147711889	0.7705389790344165	0.7113290465270092
0.7774145540335365	0.7767881967640468	0.770545643217007	0.7113518986308411
0.7774146221614491	0.7767888769990875	0.7705522948916116	0.7113756023161038
0.7774146901075112	0.7767895554757824	0.7705589336210498	0.7114001437753786
0.7774147578722561	0.7767902321942283	0.7705655590441893	0.711425508882323
0.7774148254562147	0.7767909071550585	0.7705721708580819	0.7114516832157344
0.7774148928599152	0.7767915803593689	0.7705787688054375	0.7114786520836643
0.7774149600838836	0.7767922518086549	0.7705853526656409	0.711506400547501
0.7774150271286431	0.7767929215047592	0.7705919222481454	0.7115349134459594
0.7774150939947151	0.7767935894498262	0.7705984773874892	0.7115641754189067
0.7774151606826183	0.7767942556462655	0.770605017939443	0.7115941709309628
0.7774152271928689	0.7767949200967167	0.7706115437779638	0.711624884294814
0.7774152935259809	0.7767955828040242	0.7706180547927364	0.7116562996941829
0.7774153596824659	0.7767962437712096	0.7706245508871564	0.7116884012063986
0.7774154256628333	0.7767969030014535	0.7706310319766513	0.7117211728245203
0.7774154914675896	0.7767975604980751	0.770637497987265	0.7117545984789603
0.77741555709724	0.7767982162645164	0.7706439488544563	0.711788662058572
0.7774156225522861	0.776798870304328	0.770650384522067	0.7118233474311536
0.7774156878332282	0.7767995226211571	0.7706568049414318	0.711858638463338
0.7774157529405643	0.7768001732187356	0.7706632100706055	0.7118945190398329
0.7774158178747893	0.776800822100871	0.7706695998736898	0.7119309730819844
0.7774158826363965	0.7768014692714366	0.7706759743202415	0.7119679845656378
0.7774159472258768	0.7768021147343648	0.770682333384754	0.7120055375382734
0.7774160116437189	0.7768027584936396	0.770688677046197	0.7120436161354028
0.7774160758904092	0.7768034005532907	0.7706950052876103	0.7120822045962071
0.7774161399664316	0.7768040409173871	0.7707013180957407	0.7121212872784088
0.7774162038722684	0.7768046795900332	0.7707076154607201	0.7121608486723698
0.777416267608399	0.7768053165753631	0.7707138973757768	0.7122008734144073
0.7774163311753014	0.7768059518775372	0.7707201638369742	0.7122413462993318
0.7774163945734505	0.7768065855007383	0.7707264148429794	0.7122822522922019
0.7774164578033197	0.7768072174491685	0.7707326503948517	0.7123235765393071
0.7774165208653803	0.7768078477270454	0.7707388704958522	0.7123653043783754
0.7774165837601006	0.7768084763385998	0.7707450751512719	0.7124074213480251
0.777416646487948	0.7768091032880735	0.7707512643682729	0.712449913196464
0.7774167090493863	0.7768097285797168	0.7707574381557484	0.7124927658894513
0.7774167714448786	0.7768103522177854	0.7707635965241907	0.7125359656175368
0.7774168336748852	0.7768109742065397	0.7707697394855724	0.7125794988025974
0.7774168957398641	0.7768115945502432	0.7707758670532378	0.7126233521036792
0.7774169576402715	0.7768122132531593	0.7707819792418026	0.7126675124221783
0.7774170193765616	0.7768128303195515	0.7707880760670629	0.7127119669063654
0.7774170809491862	0.7768134457536814	0.7707941575459096	0.7127567029552896
0.7774171423585956	0.7768140595598066	0.7708002236962516	0.7128017082220737
0.7774172036052373	0.7768146717421821	0.7708062745369435	0.7128469706166294
0.7774172646895573	0.7768152823050555	0.7708123100877193	0.7128924783078125
0.7774173256119993	0.7768158912526694	0.7708183303691317	0.7129382197250469
0.7774173863730052	0.7768164985892586	0.7708243354024937	0.7129841835594346
0.7774174469730144	0.7768171043190505	0.7708303252098277	0.7130303587643834
0.7774175074124651	0.776817708446263	0.7708362998138154	0.713076734555772
0.7774175676917926	0.7768183109751049	0.7708422592377527	0.7131233004116797
0.7774176278114309	0.7768189119097748	0.7708482035055073	0.7131700460717038
0.7774176877718117	0.7768195112544605	0.7708541326414795	0.7132169615358885
0.7774177475733647	0.7768201090133391	0.7708600466705646	0.7132640370632911
0.7774178072165177	0.7768207051905751	0.7708659456181198	0.7133112631702088
0.7774178667016967	0.776821299790322	0.7708718295099314	0.7133586306280848
0.7774179260293254	0.7768218928167193	0.7708776983721848	0.713406130461125
0.7774179851998259	0.7768224842738949	0.7708835522314363	0.7134537539436377
0.7774180442136182	0.7768230741659624	0.7708893911145881	0.7135014925971266
0.7774181030711204	0.7768236624970223	0.7708952150488617	0.7135493381871495
0.7774181617727486	0.776824249271161	0.7709010240617765	0.7135972827199714
0.7774182203189173	0.7768248344924509	0.7709068181811269	0.7136453184390241
0.7774182787100388	0.7768254181649497	0.7709125974349629	0.7136934378211974
0.7774183369465234	0.7768260002927004	0.7709183618515699	0.7137416335729738
0.7774183950287801	0.7768265808797314	0.770924111459452	0.7137898986264293
0.7774184529572155	0.7768271599300561	0.7709298462873139	0.7138382261351139
0.7774185107322341	0.7768277374476726	0.7709355663640451	0.713886609469829
0.7774185683542396	0.7768283134365636	0.7709412717187054	0.7139350422143151
0.7774186258236329	0.776828887900696	0.7709469623805103	0.7139835181608668
0.777418683140813	0.7768294608440219	0.7709526383788176	0.7140320313058843
0.7774187403061779	0.776830032270477	0.7709582997431147	0.7140805758453806
0.7774187973201231	0.7768306021839814	0.7709639465030064	0.7141291461704486
0.7774188541830425	0.7768311705884393	0.7709695786882046	0.7141777368627074
0.777418910895328	0.7768317374877389	0.7709751963285165	0.714226342689731
0.77741896745737	0.7768323028857527	0.7709807994538349	0.7142749586004754
0.7774190238695569	0.7768328667863367	0.7709863880941287	0.7143235797207107
0.7774190801322757	0.7768334291933311	0.7709919622794332	0.7143722013484647
0.7774191362459107	0.7768339901105595	0.7709975220398433	0.7144208189494909
0.7774191922108458	0.7768345495418295	0.7710030674055026	0.7144694281527643
0.7774192480274615	0.7768351074909329	0.7710085984065983	0.7145180247460131
0.7774193036961382	0.7768356639616447	0.7710141150733522	0.7145666046712936
0.7774193592172532	0.7768362189577239	0.7710196174360145	0.7146151640206095
0.7774194145911832	0.7768367724829129	0.771025105524857	0.7146636990315908
0.7774194698183019	0.7768373245409387	0.7710305793701667	0.7147122060832222
0.7774195248989825	0.776837875135511	0.7710360390022402	0.71476068169164
0.777419579833596	0.7768384242703238	0.7710414844513774	0.7148091225059903
0.7774196346225113	0.7768389719490547	0.7710469157478769	0.7148575253043596
0.777419689266096	0.7768395181753653	0.7710523329220305	0.7149058869897735
0.7774197437647158	0.7768400629529006	0.7710577360041183	0.7149542045862733
0.7774197981187354	0.77684060628529	0.7710631250244039	0.7150024752350663
0.7774198523285166	0.7768411481761457	0.7710685000131307	0.7150506961907571
0.7774199063944209	0.776841688629065	0.7710738610005167	0.715098864817657
0.7774199603168067	0.7768422276476281	0.7710792080167514	0.7151469785861755
0.777420014096032	0.7768427652353995	0.7710845410919921	0.715195035069293
0.7774200677324522	0.7768433013959277	0.7710898602563585	0.7152430319391194
0.7774201212264218	0.7768438361327453	0.7710951655399322	0.7152909669635306
0.7774201745782932	0.7768443694493686	0.7711004569727502	0.7153388380028949
0.7774202277884169	0.776844901349298	0.7711057345848045	0.7153866430068786
0.7774202808571424	0.7768454318360181	0.771110998406038	0.7154343800113363
0.7774203337848178	0.7768459609129977	0.771116248466341	0.715482047135286
0.7774203865717886	0.7768464885836895	0.7711214847955492	0.7155296425779644
0.777420439218399	0.7768470148515307	0.7711267074234418	0.7155771646159663
0.7774204917249922	0.7768475397199427	0.7711319163797373	0.7156246116004641
0.7774205440919092	0.7768480631923309	0.771137111694093	0.7156719819545085
0.7774205963194898	0.7768485852720858	0.7711422933961013	0.7157192741704087
0.7774206484080719	0.7768491059625816	0.7711474615152883	0.7157664868071906
0.7774207003579918	0.7768496252671769	0.7711526160811121	0.7158136184881313
0.7774207521695845	0.7768501431892154	0.7711577571229594	0.7158606678983733
0.7774208038431835	0.776850659732025	0.7711628846701456	0.7159076337826084
0.7774208553791201	0.7768511748989181	0.7711679987519113	0.7159545149428379
0.7774209067777247	0.7768516886931914	0.7711730993974222	0.7160013102362055
0.7774209580393262	0.7768522011181275	0.7711781866357661	0.7160480185728975
0.7774210091642513	0.7768527121769925	0.7711832604959514	0.7160946389141151
0.7774210601528257	0.7768532218730378	0.7711883210069073	0.7161411702701116
0.7774211110053736	0.7768537302094998	0.7711933681974807	0.7161876116982979
0.7774211617222173	0.7768542371895992	0.7711984020964352	0.7162339623014102
0.7774212123036781	0.7768547428165423	0.7712034227324506	0.7162802212257415
0.7774212627500751	0.77685524709352	0.7712084301341204	0.7163263876594347
0.7774213130617263	0.7768557500237087	0.7712134243299524	0.7163724608308333
0.7774213632389486	0.7768562516102689	0.7712184053483658	0.7164184400068931
0.7774214132820566	0.7768567518563474	0.7712233732176914	0.7164643244916477
0.7774214631913638	0.7768572507650756	0.7712283279661697	0.7165101136247293
0.7774215129671825	0.7768577483395701	0.7712332696219508	0.7165558067799441
0.7774215626098229	0.776858244582933	0.7712381982130931	0.7166014033638985
0.7774216121195944	0.7768587394982517	0.7712431137675622	0.7166469028146755
0.7774216614968041	0.7768592330885988	0.7712480163132305	0.7166923046005591
0.7774217107417585	0.776859725357033	0.771252905877876	0.716737608218808
0.7774217598547623	0.7768602163065976	0.7712577824891823	0.7167828131944723
0.7774218088361184	0.776860705940322	0.7712626461747367	0.7168279190792574
0.7774218576861289	0.7768611942612209	0.7712674969620307	0.7168729254504278
0.777421906405094	0.7768616812722953	0.7712723348784588	0.7169178319097547
0.7774219549933127	0.776862166976531	0.7712771599513181	0.7169626380825027
0.7774220034510821	0.7768626513769	0.7712819722078071	0.7170073436164557
0.7774220517786988	0.7768631344763602	0.7712867716750264	0.7170519481809796
0.7774220999764573	0.7768636162778554	0.7712915583799766	0.7170964514661222
0.7774221480446503	0.7768640967843147	0.7712963323495595	0.7171408531817471
0.7774221959835701	0.7768645759986537	0.7713010936105762	0.717185153056702
0.777422243793507	0.776865053923774	0.7713058421897275	0.7172293508380196
0.77742229147475	0.7768655305625629	0.7713105781136133	0.7172734462901493
0.7774223390275865	0.7768660059178941	0.7713153014087318	0.7173174391942204
0.7774223864523031	0.7768664799926271	0.77132001210148	0.717361329347333
0.7774224337491844	0.7768669527896084	0.7713247102181523	0.7174051165618773
0.7774224809185136	0.7768674243116693	0.7713293957849413	0.7174488006648826
0.7774225279605733	0.7768678945616287	0.7713340688279364	0.717492381497388
0.7774225748756438	0.7768683635422912	0.7713387293731242	0.7175358589138426
0.7774226216640048	0.7768688312564481	0.771343377446388	0.7175792327815259
0.7774226683259339	0.7768692977068765	0.7713480130735079	0.7176225029799956
0.7774227148617078	0.7768697628963408	0.7713526362801594	0.7176656694005543
0.7774227612716018	0.7768702268275913	0.7713572470919153	0.7177087319457404
0.7774228075558902	0.7768706895033648	0.7713618455342431	0.7177516905288376
0.777422853714845	0.7768711509263854	0.7713664316325065	0.7177945450734061
0.7774228997487377	0.7768716110993631	0.7713710054119646	0.7178372955128317
0.7774229456578382	0.776872070024995	0.7713755668977718	0.7178799417898942
0.7774229914424151	0.7768725277059645	0.7713801161149773	0.7179224838563537
0.7774230371027356	0.7768729841449423	0.771384653088526	0.7179649216725527
0.7774230826390658	0.7768734393445857	0.7713891778432571	0.7180072552070346
0.7774231280516699	0.7768738933075388	0.7713936904039047	0.7180494844361808
0.777423173340812	0.7768743460364327	0.771398190795098	0.7180916093438583
0.7774232185067531	0.7768747975338851	0.7714026790413596	0.7181336299210856
0.7774232635497547	0.7768752478025013	0.7714071551671082	0.7181755461657104
0.7774233084700757	0.7768756968448732	0.7714116191966557	0.7182173580821015
0.7774233532679745	0.7768761446635797	0.7714160711542091	0.7182590656808527
0.7774233979437079	0.7768765912611872	0.771420511063869	0.7183006689785005
0.7774234424975311	0.7768770366402491	0.771424938949631	0.7183421679972518
0.7774234869296988	0.7768774808033057	0.7714293548353843	0.7183835627647234
0.7774235312404638	0.7768779237528847	0.7714337587449126	0.7184248533136943
0.7774235754300775	0.7768783654915012	0.7714381507018938	0.7184660396818642
0.7774236194987907	0.7768788060216578	0.7714425307299	0.718507121911627
0.7774236634468523	0.776879245345844	0.7714468988523969	0.7185481000498491
0.7774237072745106	0.7768796834665368	0.7714512550927453	0.7185889741476613
0.7774237509820119	0.7768801203862008	0.7714555994741992	0.7186297442602547
0.7774237945696014	0.7768805561072881	0.7714599320199073	0.7186704104466902
0.7774238380375237	0.776880990632238	0.7714642527529126	0.7187109727697114
0.7774238813860214	0.7768814239634775	0.7714685616961516	0.7187514312955684
0.7774239246153362	0.7768818561034215	0.771472858872456	0.7187917860938471
0.7774239677257085	0.7768822870544718	0.771477144304551	0.7188320372373067
0.7774240107173775	0.7768827168190185	0.7714814180150562	0.7188721848017244
0.7774240535905811	0.7768831453994394	0.7714856800264862	0.7189122288657441
0.777424096345556	0.7768835727980994	0.7714899303612491	0.7189521695107343
0.7774241389825376	0.7768839990173516	0.7714941690416478	0.7189920068206509
0.7774241815017602	0.7768844240595373	0.77149839608988	0.7190317408819048
0.777424223903457	0.7768848479269845	0.7715026115280377	0.719071371783236
0.7774242661878598	0.7768852706220104	0.7715068153781072	0.7191108996155927
0.7774243083551989	0.7768856921469192	0.7715110076619703	0.7191503244720159
0.7774243504057041	0.7768861125040032	0.7715151884014028	0.7191896464475274
0.7774243923396035	0.776886531695543	0.7715193576180753	0.7192288656390239
0.777424434157124	0.7768869497238067	0.7715235153335545	0.719267982145175
0.7774244758584915	0.7768873665910511	0.7715276615693002	0.7193069960663249
0.7774245174439306	0.7768877822995205	0.7715317963466688	0.7193459075043988
0.7774245589136646	0.7768881968514474	0.7715359196869114	0.7193847165628131
0.7774246002679159	0.7768886102490525	0.771540031611174	0.719423423346389
0.7774246415069055	0.7768890224945452	0.7715441321404983	0.71946202796127
0.7774246826308532	0.776889433590122	0.7715482212958216	0.7195005305148422
0.7774247236399778	0.7768898435379686	0.7715522990979758	0.7195389311156587
0.777424764534497	0.7768902523402583	0.7715563655676897	0.7195772298733663
0.7774248053146268	0.7768906599991534	0.7715604207255866	0.7196154268986357
0.7774248459805825	0.776891066516804	0.7715644645921864	0.7196535223030944
0.7774248865325779	0.7768914718953485	0.7715684971879048	0.7196915161992627
0.7774249269708265	0.7768918761369142	0.771572518533053	0.7197294087004913
0.7774249672955393	0.7768922792436163	0.7715765286478389	0.7197671999209018
0.7774250075069274	0.7768926812175586	0.7715805275523663	0.7198048899753311
0.7774250476051997	0.7768930820608336	0.7715845152666353	0.7198424789792758
0.7774250875905647	0.7768934817755219	0.7715884918105426	0.7198799670488399
0.7774251274632294	0.7768938803636933	0.7715924572038813	0.719917354300685
0.7774251672233999	0.7768942778274053	0.771596411466341	0.7199546408519815
0.777425206871281	0.7768946741687045	0.7716003546175084	0.7199918268203628
0.7774252464070759	0.7768950693896262	0.771604286676867	0.7200289123238799
0.7774252858309877	0.7768954634921941	0.7716082076637966	0.7200658974809604
0.7774253251432176	0.7768958564784207	0.7716121175975752	0.7201027824103653
0.7774253643439659	0.7768962483503074	0.7716160164973769	0.720139567231151
0.7774254034334315	0.7768966391098436	0.7716199043822738	0.7201762520626314
0.7774254424118127	0.7768970287590082	0.7716237812712352	0.7202128370243407
0.7774254812793061	0.7768974172997686	0.7716276471831278	0.7202493222359994
0.7774255200361078	0.7768978047340813	0.7716315021367159	0.72028570781748
0.7774255586824123	0.7768981910638911	0.7716353461506621	0.7203219938887749
0.777425597218413	0.776898576291132	0.7716391792435259	0.7203581805699656
0.7774256356443027	0.7768989604177269	0.7716430014337654	0.7203942679811925
0.7774256739602722	0.7768993434455873	0.771646812739737	0.7204302562426267
0.7774257121665122	0.7768997253766141	0.7716506131796945	0.7204661454744417
0.7774257502632115	0.7769001062126969	0.7716544027717904	0.7205019357967869
0.7774257882505581	0.7769004859557143	0.7716581815340763	0.7205376273297636
0.777425826128739	0.7769008646075337	0.7716619494845008	0.7205732201933978
0.77742586389794	0.7769012421700118	0.7716657066409127	0.7206087145076189
0.7774259015583458	0.7769016186449946	0.7716694530210585	0.7206441103922352
0.77742593911014	0.7769019940343165	0.7716731886425838	0.7206794079669138
0.7774259765535051	0.7769023683398015	0.7716769135230334	0.7207146073511573
0.7774260138886223	0.7769027415632626	0.7716806276798509	0.7207497086642856
0.7774260511156725	0.7769031137065017	0.7716843311303792	0.7207847120254146
0.7774260882348347	0.7769034847713105	0.7716880238918603	0.7208196175534384
0.7774261252462867	0.776903854759469	0.7716917059814361	0.7208544253670113
0.7774261621502061	0.776904223672747	0.7716953774161472	0.7208891355845288
0.7774261989467688	0.7769045915129038	0.7716990382129347	0.7209237483241125
0.7774262356361497	0.7769049582816869	0.7717026883886385	0.720958263703593
0.7774262722185226	0.776905323980834	0.7717063279599986	0.7209926818404939
0.7774263086940603	0.7769056886120721	0.7717099569436555	0.7210270028520173
0.7774263450629345	0.7769060521771166	0.7717135753561488	0.7210612268550287
0.7774263813253159	0.7769064146776734	0.7717171832139187	0.7210953539660434
0.7774264174813743	0.7769067761154367	0.7717207805333056	0.7211293843012124
0.777426453531278	0.7769071364920908	0.7717243673305502	0.7211633179763094
0.7774264894751947	0.776907495809309	0.7717279436217932	0.7211971551067183
0.7774265253132904	0.7769078540687543	0.7717315094230763	0.7212308958074211
0.7774265610457307	0.7769082112720787	0.7717350647503417	0.7212645401929852
0.77742659667268	0.7769085674209241	0.7717386096194319	0.7212980883775535
0.7774266321943013	0.7769089225169215	0.7717421440460903	0.7213315404748314
0.777426667610757	0.7769092765616916	0.7717456680459619	0.7213648965980778
0.7774267029222081	0.7769096295568444	0.7717491816345913	0.7213981568600941
0.7774267381288145	0.7769099815039795	0.7717526848274251	0.721431321373214
0.7774267732307355	0.776910332404686	0.7717561776398109	0.7214643902492939
0.777426808228129	0.7769106822605428	0.7717596600869975	0.7214973635997044
0.7774268431211521	0.776911031073118	0.7717631321841343	0.72153024153532
0.7774268779099603	0.7769113788439692	0.7717665939462732	0.721563024166511
0.7774269125947091	0.7769117255746437	0.7717700453883667	0.7215957116031347
0.7774269471755514	0.7769120712666788	0.771773486525269	0.7216283039545279
0.7774269816526409	0.7769124159216011	0.7717769173717364	0.7216608013294976
0.7774270160261286	0.7769127595409266	0.7717803379424264	0.7216932038363149
0.7774270502961657	0.7769131021261614	0.7717837482518981	0.7217255115827058
0.7774270844629018	0.7769134436788007	0.7717871483146127	0.7217577246758454
0.7774271185264852	0.77691378420033	0.7717905381449337	0.7217898432223503
0.7774271524870637	0.7769141236922239	0.7717939177571257	0.7218218673282712
0.777427186344784	0.7769144621559472	0.771797287165356	0.721853797099087
0.7774272200997916	0.776914799592954	0.7718006463836937	0.721885632639698
0.7774272537522309	0.7769151360046885	0.7718039954261101	0.7219173740544194
0.7774272873022452	0.7769154713925842	0.7718073343064791	0.7219490214469765
0.7774273207499773	0.776915805758065	0.7718106630385762	0.7219805749204964
0.7774273540955685	0.7769161391025438	0.7718139816360797	0.7220120345775045
0.7774273873391594	0.7769164714274235	0.7718172901125704	0.7220434005199181
0.777427420480889	0.7769168027340975	0.7718205884815311	0.7220746728490398
0.777427453520896	0.7769171330239478	0.7718238767563477	0.7221058516655544
0.7774274864593175	0.7769174622983472	0.7718271549503083	0.7221369370695219
0.77742751929629	0.7769177905586576	0.7718304230766033	0.7221679291603731
0.7774275520319487	0.7769181178062313	0.7718336811483265	0.7221988280369047
0.7774275846664279	0.7769184440424102	0.771836929178474	0.7222296337972747
0.777427617199861	0.7769187692685258	0.7718401671799446	0.7222603465389973
0.7774276496323801	0.7769190934858997	0.77184339516554	0.7222909663589383
0.7774276819641168	0.7769194166958435	0.7718466131479647	0.7223214933533113
0.7774277141952007	0.7769197388996584	0.7718498211398261	0.7223519276176726
0.7774277463257617	0.7769200600986357	0.7718530191536345	0.7223822692469173
0.7774277783559272	0.7769203802940562	0.7718562072018029	0.722412518335275
0.7774278102858254	0.7769206994871913	0.7718593852966478	0.7224426749763061
0.7774278421155817	0.7769210176793016	0.7718625534503881	0.7224727392628972
0.7774278738453215	0.7769213348716376	0.7718657116751463	0.7225027112872578
0.777427905475169	0.7769216510654406	0.7718688599829472	0.7225325911409162
0.7774279370052476	0.7769219662619409	0.7718719983857197	0.7225623789147154
0.7774279684356789	0.7769222804623589	0.7718751268952948	0.7225920746988103
0.7774279997665844	0.7769225936679053	0.771878245523407	0.7226216785826631
0.7774280309980844	0.7769229058797804	0.7718813542816942	0.7226511906550408
0.7774280621302977	0.7769232170991749	0.7718844531816972	0.7226806110040112
0.7774280931633426	0.7769235273272687	0.7718875422348597	0.7227099397169391
0.777428124097336	0.7769238365652322	0.771890621452529	0.7227391768804835
0.7774281549323944	0.7769241448142258	0.7718936908459553	0.7227683225805944
0.7774281856686326	0.7769244520753995	0.771896750426292	0.7227973769025096
0.7774282163061647	0.7769247583498939	0.7718998002045958	0.7228263399307507
0.7774282468451039	0.7769250636388386	0.7719028401918265	0.7228552117491206
0.7774282772855626	0.776925367943354	0.771905870398847	0.7228839924407011
0.7774283076276514	0.7769256712645501	0.7719088908364234	0.7229126820878483
0.7774283378714807	0.776925973603527	0.7719119015152252	0.7229412807721907
0.7774283680171594	0.7769262749613751	0.7719149024458248	0.7229697885746266
0.7774283980647958	0.7769265753391742	0.7719178936386978	0.7229982055753196
0.7774284280144969	0.7769268747379944	0.7719208751042227	0.7230265318536974
0.7774284578663687	0.7769271731588957	0.7719238468526816	0.7230547674884479
0.7774284876205166	0.776927470602928	0.7719268088942592	0.7230829125575168
0.7774285172770442	0.7769277670711318	0.7719297612390439	0.723110967138105
0.7774285468360552	0.7769280625645367	0.7719327038970262	0.7231389313066654
0.7774285762976509	0.7769283570841631	0.7719356368781004	0.7231668051389006
0.7774286056619333	0.7769286506310207	0.7719385601920636	0.7231945887097596
0.7774286349290017	0.7769289432061097	0.7719414738486158	0.7232222820934359
0.7774286640989557	0.7769292348104201	0.7719443778573597	0.7232498853633642
0.7774286931718931	0.7769295254449318	0.7719472722278016	0.7232773985922186
0.7774287221479109	0.776929815110615	0.7719501569693493	0.7233048218519088
0.7774287510271056	0.7769301038084298	0.771953032091315	0.7233321552135785
0.7774287798095719	0.7769303915393257	0.7719558976029126	0.7233593987476022
0.7774288084954041	0.7769306783042431	0.771958753513259	0.7233865525235836
0.7774288370846952	0.7769309641041119	0.771961599831374	0.7234136166103521
0.7774288655775371	0.776931248939852	0.7719644365661793	0.7234405910759599
0.7774288939740213	0.7769315328123733	0.7719672637265	0.7234674759876815
0.7774289222742375	0.7769318157225757	0.7719700813210634	0.7234942714120084
0.7774289504782746	0.7769320976713493	0.7719728893584987	0.7235209774146495
0.7774289785862213	0.7769323786595738	0.7719756878473383	0.7235475940605263
0.777429006598164	0.7769326586881191	0.7719784767960163	0.7235741214137713
0.7774290345141893	0.7769329377578449	0.7719812562128691	0.7236005595377264
0.7774290623343817	0.7769332158696008	0.7719840261061357	0.7236269084949388
0.7774290900588258	0.7769334930242269	0.7719867864839567	0.7236531683471598
0.7774291176876041	0.7769337692225526	0.771989537354375	0.7236793391553418
0.7774291452207992	0.7769340444653974	0.7719922787253349	0.7237054209796359
0.7774291726584918	0.776934318753571	0.7719950106046832	0.7237314138793894
0.7774292000007618	0.7769345920878727	0.771997733000168	0.723757317913144
0.7774292272476884	0.776934864469092	0.7720004459194396	0.7237831331386325
0.7774292543993497	0.7769351358980082	0.772003149370049	0.7238088596127767
0.7774292814558222	0.7769354063753903	0.7720058433594493	0.7238344973916847
0.7774293084171825	0.7769356759019979	0.7720085278949947	0.7238600465306494
0.7774293352835053	0.7769359444785792	0.7720112029839409	0.7238855070841448
0.7774293620548645	0.7769362121058736	0.7720138686334446	0.7239108791058245
0.7774293887313332	0.7769364787846098	0.7720165248505636	0.7239361626485183
0.7774294153129829	0.7769367445155061	0.7720191716422565	0.723961357764231
0.7774294417998852	0.7769370092992715	0.7720218090153829	0.7239864645041386
0.7774294681921093	0.7769372731366038	0.772024436976703	0.7240114829185867
0.7774294944897246	0.7769375360281914	0.7720270555328776	0.7240364130570882
0.7774295206927989	0.7769377979747122	0.7720296646904681	0.7240612549683199
0.7774295468013986	0.7769380589768341	0.7720322644559358	0.7240860087001202
0.7774295728155901	0.7769383190352145	0.7720348548356429	0.7241106742994875
0.7774295987354378	0.7769385781505009	0.7720374358358508	0.7241352518125767
0.7774296245610057	0.7769388363233303	0.7720400074627217	0.7241597412846972
0.7774296502923566	0.7769390935543299	0.7720425697223171	0.72418414276031
0.7774296759295519	0.7769393498441161	0.7720451226205981	0.7242084562830253
0.7774297014726524	0.7769396051932954	0.7720476661634254	0.7242326818956002
0.7774297269217183	0.7769398596024641	0.772050200356559	0.7242568196399358
0.7774297522768076	0.776940113072208	0.7720527252056586	0.7242808695570745
0.777429777537978	0.7769403656031026	0.7720552407162818	0.7243048316871975
0.7774298027052865	0.7769406171957132	0.7720577468938862	0.7243287060696227
0.7774298277787883	0.7769408678505947	0.7720602437438274	0.7243524927428011
0.777429852758538	0.7769411175682917	0.7720627312713599	0.7243761917443149
0.777429877644589	0.7769413663493382	0.7720652094816366	0.7243998031108744
0.7774299024369941	0.7769416141942584	0.772067678379708	0.7244233268783156
0.7774299271358043	0.7769418611035656	0.7720701379705234	0.7244467630815976
0.7774299517410699	0.7769421070777628	0.7720725882589295	0.7244701117547988
0.7774299762528406	0.7769423521173426	0.7720750292496704	0.7244933729311158
0.7774300006711644	0.7769425962227874	0.7720774609473884	0.7245165466428595
0.7774300249960886	0.7769428393945683	0.7720798833566223	0.7245396329214526
0.7774300492276596	0.7769430816331473	0.7720822964818084	0.7245626317974267
0.7774300733659222	0.7769433229389746	0.7720847003272795	0.7245855433004199
0.7774300974109204	0.7769435633124909	0.7720870948972653	0.7246083674591733
0.7774301213626976	0.7769438027541253	0.7720894801958924	0.7246311043015281
0.7774301452212956	0.7769440412642972	0.7720918562271825	0.7246537538544241
0.7774301689867551	0.7769442788434152	0.7720942229950543	0.7246763161438944
0.7774301926591164	0.7769445154918773	0.7720965805033216	0.7246987911950646
0.7774302162384177	0.7769447512100707	0.7720989287556942	0.7247211790321486
0.7774302397246972	0.7769449859983719	0.7721012677557775	0.7247434796784464
0.7774302631179913	0.7769452198571472	0.7721035975070712	0.7247656931563401
0.7774302864183358	0.7769454527867516	0.7721059180129706	0.7247878194872915
0.777430309625765	0.7769456847875303	0.772108229276765	0.7248098586918392
0.7774303327403125	0.7769459158598168	0.7721105313016386	0.7248318107895946
0.7774303557620105	0.7769461460039343	0.7721128240906698	0.7248536757992404
0.7774303786908903	0.7769463752201949	0.7721151076468302	0.7248754537385251
0.7774304015269822	0.7769466035089009	0.7721173819729854	0.7248971446242619
0.7774304242703155	0.7769468308703421	0.7721196470718948	0.7249187484723248
0.7774304469209178	0.776947057304799	0.7721219029462104	0.7249402652976448
0.7774304694788161	0.7769472828125406	0.7721241495984768	0.7249616951142068
0.7774304919440368	0.7769475073938246	0.7721263870311317	0.7249830379350473
0.7774305143166041	0.7769477310488981	0.7721286152465047	0.7250042937722496
0.7774305365965417	0.776947953777998	0.7721308342468177	0.7250254626369412
0.7774305587838725	0.7769481755813487	0.7721330440341841	0.7250465445392908
0.7774305808786177	0.7769483964591648	0.7721352446106087	0.7250675394885038
0.7774306028807977	0.7769486164116496	0.7721374359779876	0.7250884474928193
0.7774306247904318	0.7769488354389946	0.7721396181381069	0.7251092685595071
0.7774306466075381	0.7769490535413812	0.7721417910926447	0.7251300026948634
0.7774306683321337	0.7769492707189792	0.772143954843168	0.7251506499042075
0.7774306899642343	0.7769494869719471	0.772146109391134	0.725171210191878
0.7774307115038548	0.7769497023004324	0.7721482547378901	0.72519168356123
0.777430732951009	0.7769499167045716	0.7721503908846716	0.7252120700146301
0.7774307543057093	0.7769501301844892	0.7721525178326043	0.7252323695534534
0.7774307755679671	0.7769503427402993	0.7721546355827011	0.7252525821780802
0.7774307967377928	0.7769505543721041	0.7721567441358645	0.7252727078878908
0.7774308178151953	0.7769507650799946	0.7721588434928838	0.7252927466812633
0.7774308388001828	0.7769509748640502	0.772160933654436	0.7253126985555687
0.7774308596927619	0.7769511837243396	0.7721630146210857	0.7253325635071667
0.7774308804929387	0.7769513916609189	0.7721650863932845	0.7253523415314027
0.7774309012007176	0.7769515986738339	0.7721671489713695	0.7253720326226035
0.777430921816102	0.7769518047631179	0.772169202355565	0.7253916367740727
0.777430942339094	0.7769520099287932	0.7721712465459798	0.7254111539780873
0.7774309627696948	0.77695221417087	0.7721732815426093	0.7254305842258929
0.7774309831079043	0.7769524174893476	0.7721753073453331	0.7254499275076999
0.7774310033537213	0.776952619884213	0.7721773239539155	0.72546918381268
0.7774310235071434	0.7769528213554414	0.7721793313680049	0.7254883531289608
0.7774310435681668	0.7769530219029969	0.7721813295871336	0.7255074354436214
0.7774310635367868	0.7769532215268312	0.7721833186107172	0.7255264307426894
0.7774310834129977	0.7769534202268844	0.7721852984380542	0.7255453390111349
0.7774311031967922	0.7769536180030845	0.7721872690683256	0.7255641602328676
0.7774311228881615	0.7769538148553478	0.7721892305005947	0.7255828943907313
0.7774311424870967	0.7769540107835785	0.7721911827338063	0.725601541466499
0.7774311619935869	0.776954205787669	0.7721931257667862	0.7256201014408695
0.7774311814076198	0.7769543998674995	0.7721950595982418	0.7256385742934623
0.7774312007291827	0.776954593022938	0.7721969842267598	0.7256569600028124
0.777431219958261	0.7769547852538404	0.7721988996508075	0.7256752585463664
0.777431239094839	0.7769549765600507	0.7722008058687312	0.7256934699004766
0.7774312581389	0.7769551669414002	0.7722027028787566	0.7257115940403976
0.7774312770904261	0.7769553563977082	0.7722045906789878	0.7257296309402802
0.7774312959493976	0.7769555449287817	0.7722064692674068	0.7257475805731671
0.7774313147157944	0.7769557325344154	0.7722083386418731	0.7257654429109878
0.7774313333895945	0.7769559192143909	0.7722101988001232	0.7257832179245532
0.7774313519707752	0.7769561049684783	0.7722120497397704	0.7258009055835511
0.7774313704593118	0.7769562897964345	0.7722138914583042	0.7258185058565406
0.7774313888551788	0.7769564736980045	0.7722157239530889	0.7258360187109468
0.7774314071583499	0.7769566566729195	0.7722175472213647	0.7258534441130562
0.7774314253687966	0.7769568387208993	0.7722193612602459	0.7258707820280106
0.7774314434864896	0.7769570198416502	0.7722211660667208	0.725888032419802
0.7774314615113986	0.776957200034866	0.7722229616376509	0.725905195251268
0.7774314794434913	0.7769573793002276	0.7722247479697715	0.7259222704840842
0.777431497282735	0.776957557637403	0.772226525059689	0.7259392580787608
0.7774315150290948	0.7769577350460474	0.7722282929038826	0.7259561579946361
0.7774315326825352	0.7769579115258026	0.7722300514987025	0.7259729701898708
0.7774315502430188	0.7769580870762979	0.7722318008403692	0.7259896946214419
0.7774315677105075	0.7769582616971491	0.7722335409249738	0.7260063312451381
0.7774315850849616	0.7769584353879587	0.7722352717484765	0.7260228800155527
0.7774316023663398	0.7769586081483166	0.7722369933067068	0.726039340886078
0.7774316195546	0.7769587799777989	0.7722387055953625	0.7260557138088995
0.7774316366496985	0.7769589508759682	0.7722404086100085	0.7260719987349904
0.7774316536515901	0.776959120842375	0.7722421023460779	0.7260881956141038
0.7774316705602284	0.7769592898765536	0.772243786798876	0.7261043043947681
0.7774316873755659	0.7769594579780272	0.7722454619635547	0.7261203250243308
0.7774317040975531	0.7769596251463049	0.7722471278351505	0.7261362574487528
0.7774317207261399	0.7769597913808817	0.7722487844085582	0.7261521016128966
0.7774317372612743	0.7769599566812389	0.7722504316785362	0.7261678574603263
0.777431753702903	0.7769601210468443	0.7722520696397067	0.7261835249333494
0.7774317700509716	0.7769602844771517	0.772253698286554	0.7261991039730082
0.777431786305424	0.776960446971601	0.7722553176134249	0.7262145945190761
0.7774318024662027	0.776960608529618	0.7722569276145266	0.7262299965100478
0.7774318185332489	0.7769607691506147	0.7722585282839278	0.7262453098831347
0.7774318345065026	0.7769609288339887	0.7722601196155564	0.7262605345742573
0.7774318503859018	0.7769610875791233	0.7722617016031998	0.7262756705180375
0.7774318661713839	0.776961245385388	0.772263274240504	0.7262907176477923
0.777431881862884	0.7769614022521374	0.7722648375209723	0.7263056758955272
0.7774318974603363	0.7769615581787122	0.7722663914379649	0.7263205451919276
0.7774319129636732	0.7769617131644382	0.772267935984699	0.7263353254663525
0.7774319283728262	0.7769618672086267	0.7722694711542465	0.7263500166468269
0.7774319436877246	0.7769620203105744	0.7722709969395345	0.7263646186600341
0.7774319589082971	0.7769621724695637	0.7722725133333436	0.7263791314313087
0.7774319740344698	0.7769623236848612	0.7722740203283082	0.7263935548846283
0.7774319890661685	0.7769624739557197	0.7722755179169144	0.7264078889426067
0.7774320040033166	0.7769626232813766	0.772277006091501	0.726422133526485
0.7774320188458363	0.7769627716610539	0.772278484844256	0.7264362885561243
0.7774320335936487	0.7769629190939589	0.7722799541672186	0.7264503539499982
0.7774320482466724	0.776963065579284	0.772281414052277	0.726464329625184
0.7774320628048257	0.7769632111162055	0.7722828644911675	0.726478215497355
0.7774320772680244	0.7769633557038848	0.7722843054754733	0.7264920114807718
0.7774320916361832	0.7769634993414678	0.7722857369966256	0.7265057174882747
0.777432105909215	0.7769636420280851	0.7722871590459001	0.7265193334312748
0.7774321200870316	0.7769637837628511	0.7722885716144178	0.7265328592197453
0.7774321341695423	0.7769639245448652	0.7722899746931438	0.7265462947622138
0.7774321481566557	0.7769640643732102	0.7722913682728861	0.7265596399657523
0.7774321620482788	0.7769642032469534	0.7722927523442952	0.7265728947359699
0.7774321758443166	0.7769643411651465	0.7722941268978626	0.7265860589770022
0.7774321895446724	0.7769644781268242	0.77229549192392	0.7265991325915042
0.777432203149248	0.776964614131006	0.7722968474126387	0.7266121154806395
0.7774322166579443	0.7769647491766947	0.7722981933540287	0.7266250075440726
0.7774322300706592	0.776964883262876	0.7722995297379369	0.7266378086799581
0.7774322433872902	0.7769650163885206	0.7723008565540473	0.7266505187849327
0.7774322566077323	0.7769651485525816	0.772302173791879	0.7266631377541047
0.7774322697318793	0.7769652797539957	0.7723034814407859	0.7266756654810449
0.7774322827596234	0.7769654099916826	0.7723047794899551	0.7266881018577771
0.7774322956908543	0.7769655392645458	0.7723060679284065	0.7267004467747674
0.7774323085254614	0.7769656675714709	0.7723073467449914	0.7267127001209153
0.7774323212633308	0.7769657949113276	0.7723086159283916	0.7267248617835428
0.7774323339043482	0.776965921282967	0.7723098754671179	0.7267369316483846
0.7774323464483966	0.7769660466852241	0.7723111253495101	0.7267489095995786
0.7774323588953584	0.776966171116916	0.7723123655637345	0.7267607955196534
0.777432371245113	0.776966294576842	0.7723135960977838	0.7267725892895208
0.7774323834975384	0.7769664170637846	0.772314816939476	0.7267842907884621
0.7774323956525115	0.7769665385765079	0.7723160280764527	0.7267958998941196
0.7774324077099068	0.7769666591137582	0.7723172294961782	0.7268074164824848
0.7774324196695971	0.7769667786742641	0.7723184211859382	0.7268188404278872
0.7774324315314534	0.7769668972567361	0.77231960313284	0.7268301716029841
0.7774324432953448	0.7769670148598662	0.7723207753238088	0.7268414098787485
0.7774324549611389	0.7769671314823287	0.7723219377455887	0.7268525551244579
0.7774324665287009	0.7769672471227786	0.7723230903847403	0.7268636072076834
0.7774324779978948	0.7769673617798531	0.7723242332276405	0.7268745659942772
0.7774324893685824	0.7769674754521704	0.7723253662604797	0.7268854313483616
0.7774325006406233	0.7769675881383299	0.7723264894692624	0.7268962031323166
0.7774325118138757	0.7769676998369122	0.7723276028398045	0.7269068812067678
0.777432522888196	0.7769678105464788	0.7723287063577329	0.7269174654305753
0.7774325338634379	0.7769679202655717	0.7723298000084834	0.7269279556608197
0.777432544739454	0.776968028992714	0.7723308837773007	0.7269383517527915
0.7774325555160945	0.7769681367264095	0.7723319576492359	0.7269486535599766
0.7774325661932079	0.7769682434651417	0.772333021609145	0.7269588609340457
0.7774325767706403	0.776968349207375	0.7723340756416887	0.726968973724839
0.7774325872482364	0.7769684539515536	0.7723351197313301	0.7269789917803554
0.7774325976258386	0.7769685576961023	0.7723361538623339	0.7269889149467385
0.7774326079032872	0.7769686604394248	0.7723371780187644	0.7269987430682623
0.7774326180804204	0.7769687621799052	0.7723381921844851	0.7270084759873191
0.7774326281570749	0.7769688629159072	0.7723391963431555	0.7270181135444062
0.7774326381330845	0.7769689626457735	0.7723401904782317	0.7270276555781097
0.7774326480082819	0.7769690613678266	0.7723411745729633	0.7270371019250933
0.7774326577824968	0.7769691590803677	0.7723421486103932	0.7270464524200828
0.7774326674555575	0.7769692557816774	0.7723431125733549	0.727055706895852
0.7774326770272895	0.7769693514700146	0.7723440664444717	0.727064865183208
0.777432686497517	0.7769694461436174	0.7723450102061554	0.727073927110978
0.7774326958660612	0.7769695398007022	0.772345943840604	0.727082892505992
0.7774327051327419	0.7769696324394637	0.7723468673298005	0.7270917611930703
0.7774327142973761	0.7769697240580751	0.7723477806555112	0.7271005329950073
0.7774327233597789	0.7769698146546871	0.7723486837992849	0.727109207732556
0.7774327323197633	0.7769699042274287	0.7723495767424495	0.7271177852244131
0.7774327411771399	0.7769699927744067	0.772350459466112	0.7271262652872028
0.777432749931717	0.7769700802937052	0.7723513319511564	0.7271346477354613
0.7774327585833005	0.7769701667833857	0.7723521941782412	0.7271429323816211
0.7774327671316946	0.7769702522414867	0.7723530461277989	0.7271511190359939
0.7774327755767008	0.7769703366660246	0.7723538877800334	0.7271592075067548
0.7774327839181179	0.7769704200549915	0.7723547191149188	0.7271671975999258
0.7774327921557435	0.776970502406357	0.7723555401121971	0.7271750891193584
0.7774328002893713	0.7769705837180667	0.7723563507513767	0.7271828818667173
0.7774328083187941	0.7769706639880428	0.7723571510117304	0.727190575641463
0.7774328162438013	0.7769707432141837	0.7723579408722945	0.727198170240834
0.7774328240641806	0.7769708213943634	0.772358720311865	0.7272056654598299
0.7774328317797168	0.776970898526432	0.7723594893089976	0.7272130610911925
0.7774328393901921	0.7769709746082146	0.7723602478420051	0.7272203569253892
0.777432846895387	0.7769710496375127	0.7723609958889548	0.7272275527505937
0.7774328542950789	0.776971123612102	0.772361733427668	0.7272346483526679
0.7774328615890429	0.7769711965297337	0.7723624604357167	0.7272416435151432
0.7774328687770513	0.7769712683881332	0.7723631768904216	0.7272485380192014
0.7774328758588741	0.7769713391850013	0.7723638827688522	0.7272553316436564
0.7774328828342789	0.7769714089180124	0.772364578047821	0.7272620241649334
0.7774328897030306	0.7769714775848154	0.7723652627038853	0.72726861535705
0.7774328964648912	0.7769715451830335	0.7723659367133421	0.7272751049915976
0.7774329031196204	0.7769716117102626	0.7723666000522282	0.7272814928377193
0.777432909666975	0.7769716771640732	0.7723672526963162	0.7272877786620905
0.7774329161067095	0.7769717415420085	0.7723678946211141	0.7272939622288989
0.7774329224385751	0.7769718048415849	0.772368525801861	0.7273000432998222
0.7774329286623212	0.7769718670602919	0.7723691462135269	0.727306021634009
0.7774329347776936	0.7769719281955908	0.7723697558308097	0.7273118969880561
0.7774329407844356	0.7769719882449164	0.7723703546281318	0.7273176691159867
0.777432946682288	0.7769720472056747	0.7723709425796399	0.7273233377692301
0.7774329524709884	0.7769721050752446	0.7723715196592007	0.727328902696598
0.7774329581502719	0.7769721618509756	0.7723720858403997	0.7273343636442627
0.7774329637198701	0.7769722175301893	0.7723726410965382	0.727339720355735
0.777432969179513	0.7769722721101782	0.7723731854006314	0.7273449725718403
0.7774329745289261	0.7769723255882063	0.7723737187254055	0.7273501200306961
0.7774329797678334	0.7769723779615074	0.7723742410432954	0.7273551624676885
0.7774329848959547	0.7769724292272865	0.7723747523264418	0.7273600996154476
0.7774329899130078	0.7769724793827185	0.7723752525466892	0.7273649312038241
0.7774329948187071	0.7769725284249482	0.7723757416755831	0.7273696569598653
0.7774329996127639	0.7769725763510901	0.7723762196843671	0.7273742766077897
0.7774330042948864	0.7769726231582279	0.7723766865439808	0.727378789868962
0.77743300886478	0.7769726688434148	0.772377142225056	0.7273831964618678
0.7774330133221464	0.7769727134036725	0.772377586697916	0.7273874961020891
0.7774330176666853	0.7769727568359914	0.7723780199325705	0.7273916885022762
0.7774330218980919	0.7769727991373303	0.7723784418987143	0.727395773372124
0.7774330260160589	0.776972840304616	0.7723788525657239	0.7273997504183428
0.7774330300202755	0.7769728803347429	0.7723792519026551	0.727403619344634
0.7774330339104284	0.7769729192245723	0.7723796398782394	0.7274073798516603
0.7774330376861998	0.7769729569709337	0.7723800164608817	0.7274110316370194
0.7774330413472694	0.7769729935706228	0.772380381618657	0.7274145743952168
0.7774330448933133	0.7769730290204019	0.7723807353193073	0.7274180078176358
0.7774330483240044	0.7769730633169992	0.7723810775302388	0.7274213315925091
0.777433051639012	0.7769730964571095	0.7723814082185188	0.7274245454048915
0.7774330548380018	0.7769731284373926	0.7723817273508722	0.7274276489366285
0.7774330579206364	0.776973159254474	0.7723820348936786	0.7274306418663269
0.7774330608865748	0.7769731889049437	0.7723823308129693	0.7274335238693254
0.7774330637354723	0.7769732173853566	0.7723826150744237	0.7274362946176636
0.7774330664669805	0.776973244692232	0.7723828876433658	0.7274389537800504
0.7774330690807479	0.7769732708220525	0.7723831484847616	0.7274415010218341
0.7774330715764193	0.7769732957712653	0.7723833975632151	0.7274439360049689
0.777433073953635	0.7769733195362799	0.7723836348429645	0.7274462583879847
0.7774330762120326	0.7769733421134696	0.77238386028788	0.727448467825952
0.7774330783512453	0.7769733634991693	0.7723840738614592	0.7274505639704514
0.7774330803709028	0.776973383689677	0.7723842755268239	0.7274525464695387
0.777433082270631	0.7769734026812521	0.7723844652467162	0.7274544149677113
0.7774330840500518	0.7769734204701154	0.7723846429834952	0.7274561691058739
0.7774330857087834	0.7769734370524488	0.7723848086991335	0.7274578085213037
0.77743308724644	0.7769734524243953	0.7723849623552126	0.7274593328476157
0.7774330886626316	0.7769734665820576	0.7723851039129195	0.7274607417147259
0.7774330899569646	0.7769734795214991	0.7723852333330435	0.7274620347488157
0.7774330911290409	0.7769734912387418	0.7723853505759711	0.7274632115722962
0.7774330921784588	0.7769735017297676	0.7723854556016829	0.7274642718037694
0.7774330931048119	0.776973510990517	0.7723855483697493	0.7274652150579911
0.7774330939076903	0.7769735190168886	0.7723856288393258	0.727466040945834
0.7774330945866792	0.7769735258047392	0.7723856969691508	0.7274667490742471
0.7774330951413603	0.776973531349883	0.7723857527175388	0.7274673390462182
0.7774330955713102	0.7769735356480909	0.7723857960423781	0.7274678104607328
0.7774330958761019	0.776973538695091	0.7723858269011258	0.7274681629127356
0.7774330960553033	0.7769735404865673	0.7723858452508031	0.7274683959930879
0.7774330961084787	0.7769735410181597	0.7723858510479918	0.727468509288528
0.7774330960351871	0.7769735402854632	0.7723858442488292	0.7274685023816277
0.7774330958349832	0.7769735382840275	0.7723858248090029	0.7274683748507512
0.777433095507418	0.7769735350093575	0.772385792683748	0.7274681262700116
0.7774330950520365	0.7769735304569106	0.7723857478278409	0.7274677562092267
0.77743309446838	0.7769735246220993	0.7723856901955946	0.7274672642338763
0.7774330937559851	0.7769735175002878	0.772385619740855	0.727466649905056
0.777433092914383	0.7769735090867932	0.7723855364169951	0.7274659127794322
0.7774330919431005	0.7769734993768846	0.7723854401769108	0.7274650524091967
0.7774330908416595	0.7769734883657824	0.7723853309730142	0.7274640683420188
0.7774330896095769	0.7769734760486582	0.7723852087572316	0.7274629601209995
0.7774330882463653	0.7769734624206338	0.7723850734809946	0.7274617272846224
0.7774330867515309	0.7769734474767808	0.7723849250952382	0.7274603693667053
0.7774330851245763	0.7769734312121207	0.7723847635503935	0.7274588858963513
0.7774330833649981	0.7769734136216235	0.7723845887963834	0.7274572763978983
0.777433081472288	0.7769733947002072	0.7723844007826163	0.7274555403908689
0.7774330794459323	0.7769733744427381	0.7723841994579813	0.7274536773899185
0.7774330772854124	0.776973352844029	0.772383984770842	0.7274516869047828
0.777433074990204	0.7769733298988404	0.7723837566690317	0.7274495684402266
0.7774330725597776	0.7769733056018775	0.7723835150998464	0.727447321495988
0.7774330699935981	0.776973279947792	0.7723832600100405	0.7274449455667261
0.7774330672911248	0.7769732529311795	0.7723829913458193	0.727442440141964
0.7774330644518119	0.7769732245465807	0.7723827090528345	0.7274398047060343
0.7774330614751074	0.7769731947884797	0.7723824130761762	0.7274370387380221
0.7774330583604537	0.776973163651304	0.772382103360378	0.7274341417117065
0.7774330551072879	0.7769731311294213	0.7723817798493738	0.7274311130955038
0.7774330517150405	0.7769730972171435	0.7723814424865443	0.727427952352467
0.7774330481831369	0.7769730619087228	0.7723810912146755	0.7274246589399898
0.7774330445109959	0.7769730251983518	0.772380725975962	0.727421232310096
0.7774330406980308	0.7769729870801627	0.7723803467119988	0.7274176719091467
0.7774330367436485	0.7769729475482267	0.7723799533637755	0.7274139771778355
0.7774330326472495	0.776972906596554	0.7723795458716696	0.7274101475511232
0.7774330284082286	0.7769728642190917	0.7723791241754386	0.7274061824581755
0.777433024025974	0.7769728204097245	0.7723786882142142	0.7274020813222953
0.7774330194998678	0.7769727751622728	0.772378237926494	0.7273978435608583
0.777433014829285	0.7769727284704928	0.772377773250135	0.7273934685852445
0.7774330100135948	0.776972680328076	0.7723772941223462	0.7273889558007692
0.7774330050521594	0.7769726307286471	0.7723768004796806	0.7273843046066153
0.7774329999443345	0.7769725796657643	0.7723762922580282	0.7273795143957617
0.7774329946894688	0.7769725271329185	0.7723757693926078	0.7273745845549121
0.7774329892869044	0.7769724731235323	0.7723752318179602	0.7273695144644221
0.7774329837359766	0.7769724176309593	0.7723746794679386	0.7273643034982266
0.7774329780360133	0.7769723606484827	0.7723741122757021	0.7273589510237639
0.7774329721863358	0.7769723021693155	0.7723735301737066	0.7273534564019005
0.7774329661862578	0.7769722421865988	0.7723729330936973	0.7273478189868542
0.777432960035086	0.7769721806934018	0.772372320966699	0.7273420381261154
0.7774329537321198	0.7769721176827199	0.7723716937230096	0.7273361131603686
0.7774329472766512	0.7769720531474744	0.7723710512921887	0.7273300434234108
0.7774329406679645	0.7769719870805121	0.7723703936030515	0.7273238282420709
0.7774329339053364	0.776971919474603	0.7723697205836577	0.7273174669361252
0.7774329269880362	0.7769718503224413	0.7723690321613041	0.7273109588182155
0.7774329199153251	0.7769717796166427	0.7723683282625144	0.7273043031937604
0.7774329126864568	0.7769717073497443	0.7723676088130293	0.7272974993608716
0.7774329053006767	0.7769716335142035	0.7723668737377989	0.727290546610263
0.7774328977572221	0.7769715581023976	0.7723661229609708	0.7272834442251628
0.7774328900553225	0.7769714811066213	0.7723653564058822	0.7272761914812219
0.7774328821941985	0.7769714025190873	0.7723645739950481	0.7272687876464217
0.7774328741730633	0.7769713223319247	0.772363775650153	0.7272612319809796
0.7774328659911205	0.7769712405371776	0.7723629612920393	0.7272535237372548
0.7774328576475661	0.7769711571268045	0.7723621308406972	0.7272456621596506
0.777432849141587	0.776971072092677	0.7723612842152543	0.7272376464845166
0.7774328404723608	0.7769709854265787	0.7723604213339645	0.7272294759400484
0.7774328316390573	0.7769708971202045	0.7723595421141974	0.7272211497461862
0.7774328226408362	0.7769708071651589	0.7723586464724268	0.7272126671145124
0.7774328134768487	0.776970715552955	0.7723577343242196	0.7272040272481457
0.7774328041462369	0.7769706222750139	0.7723568055842241	0.7271952293416356
0.7774327946481329	0.7769705273226627	0.7723558601661588	0.7271862725808541
0.7774327849816597	0.7769704306871339	0.7723548979827994	0.7271771561428858
0.7774327751459307	0.7769703323595638	0.7723539189459683	0.7271678791959164
0.7774327651400494	0.7769702323309917	0.7723529229665211	0.7271584408991187
0.7774327549631097	0.7769701305923582	0.7723519099543341	0.7271488404025388
0.7774327446141953	0.776970027134504	0.7723508798182933	0.7271390768469773
0.7774327340923801	0.7769699219481686	0.772349832466279	0.7271291493638712
0.7774327233967271	0.7769698150239897	0.7723487678051547	0.727119057075173
0.7774327125262895	0.7769697063525005	0.7723476857407526	0.7271087990932268
0.77743270148011	0.7769695959241297	0.7723465861778609	0.7270983745206453
0.7774326902572201	0.776969483729199	0.7723454690202093	0.7270877824501802
0.7774326788566411	0.7769693697579226	0.7723443341704554	0.7270770219645949
0.7774326672773834	0.7769692540004047	0.772343181530171	0.7270660921365328
0.7774326555184454	0.7769691364466395	0.772342010999826	0.7270549920283833
0.7774326435788155	0.7769690170865086	0.7723408224787756	0.7270437206921467
0.7774326314574698	0.776968895909779	0.7723396158652438	0.7270322771692959
0.777432619153373	0.7769687729061037	0.7723383910563093	0.7270206604906362
0.777432606665479	0.7769686480650182	0.7723371479478894	0.7270088696761626
0.7774325939927282	0.776968521375939	0.7723358864347243	0.7269969037349147
0.7774325811340506	0.7769683928281632	0.7723346064103611	0.7269847616648296
0.7774325680883631	0.7769682624108659	0.7723333077671379	0.7269724424525905
0.7774325548545706	0.7769681301130988	0.7723319903961666	0.7269599450734762
0.7774325414315655	0.7769679959237885	0.7723306541873165	0.7269472684912035
0.777432527818227	0.776967859831735	0.7723292990291968	0.726934411657772
0.777432514013422	0.7769677218256089	0.7723279248091393	0.7269213735133008
0.7774325000160042	0.7769675818939511	0.7723265314131808	0.7269081529858664
0.7774324858248141	0.7769674400251706	0.7723251187260448	0.7268947489913373
0.7774324714386786	0.7769672962075409	0.7723236866311229	0.7268811604332027
0.7774324568564112	0.7769671504292015	0.7723222350104572	0.7268673862024028
0.7774324420768117	0.776967002678152	0.7723207637447191	0.726853425177152
0.7774324270986657	0.776966852942254	0.7723192727131919	0.7268392762227612
0.7774324119207442	0.7769667012092258	0.7723177617937506	0.7268249381914573
0.7774323965418051	0.7769665474666427	0.7723162308628407	0.7268104099221976
0.7774323809605901	0.776966391701934	0.7723146797954595	0.7267956902404822
0.7774323651758274	0.7769662339023804	0.7723131084651333	0.7267807779581638
0.7774323491862294	0.7769660740551132	0.7723115167438983	0.7267656718732519
0.7774323329904936	0.776965912147111	0.7723099045022773	0.7267503707697157
0.7774323165873017	0.7769657481651976	0.7723082716092581	0.7267348734172818
0.7774322999753203	0.7769655820960404	0.7723066179322718	0.72671917857123
0.7774322831531998	0.7769654139261477	0.7723049433371696	0.7267032849721827
0.7774322661195738	0.7769652436418658	0.772303247688199	0.7266871913458943
0.7774322488730608	0.776965071229378	0.7723015308479811	0.7266708964030327
0.7774322314122615	0.7769648966747004	0.7722997926774858	0.72665439883896
0.7774322137357603	0.7769647199636811	0.7722980330360073	0.7266376973335069
0.7774321958421245	0.7769645410819968	0.7722962517811397	0.7266207905507448
0.7774321777299038	0.7769643600151497	0.772294448768751	0.7266036771387524
0.7774321593976302	0.7769641767484665	0.7722926238529568	0.7265863557293787
0.7774321408438178	0.7769639912670943	0.7722907768860947	0.7265688249380007
0.7774321220669629	0.7769638035559983	0.772288907718697	0.7265510833632778
0.7774321030655427	0.7769636135999589	0.7722870161994628	0.7265331295869006
0.7774320838380161	0.7769634213835699	0.7722851021752307	0.7265149621733362
0.7774320643828231	0.7769632268912336	0.7722831654909494	0.7264965796695664
0.7774320446983839	0.7769630301071604	0.7722812059896502	0.7264779806048233
0.777432024783099	0.7769628310153631	0.7722792235124147	0.7264591634903197
0.7774320046353497	0.7769626295996561	0.772277217898348	0.7264401268189719
0.7774319842534962	0.7769624258436512	0.7722751889845443	0.7264208690651207
0.7774319636358789	0.7769622197307543	0.7722731366060583	0.7264013886842443
0.7774319427808166	0.7769620112441631	0.7722710605958721	0.7263816841126667
0.7774319216866075	0.7769618003668628	0.7722689607848623	0.7263617537672609
0.7774319003515278	0.7769615870816232	0.7722668370017667	0.7263415960451457
0.7774318787738318	0.7769613713709953	0.7722646890731508	0.7263212093233772
0.7774318569517521	0.7769611532173077	0.7722625168233731	0.7263005919586327
0.777431834883498	0.7769609326026631	0.7722603200745495	0.726279742286891
0.7774318125672565	0.7769607095089344	0.7722580986465166	0.7262586586231038
0.7774317900011904	0.7769604839177615	0.7722558523567964	0.7262373392608631
0.77743176718344	0.7769602558105471	0.7722535810205582	0.7262157824720595
0.77743174411212	0.7769600251684526	0.7722512844505789	0.7261939865065358
0.777431720785322	0.7769597919723955	0.7722489624572064	0.7261719495917321
0.7774316972011119	0.7769595562030434	0.7722466148483179	0.7261496699323251
0.7774316733575305	0.7769593178408113	0.7722442414292794	0.7261271457098597
0.7774316492525926	0.7769590768658569	0.7722418420029049	0.7261043750823724
0.7774316248842874	0.7769588332580762	0.7722394163694136	0.7260813561840078
0.7774316002505772	0.7769585869971001	0.7722369643263864	0.7260580871246284
0.7774315753493971	0.7769583380622882	0.7722344856687222	0.7260345659894135
0.7774315501786547	0.776958086432726	0.7722319801885922	0.7260107908384533
0.7774315247362303	0.7769578320872191	0.7722294476753941	0.7259867597063316
0.7774314990199749	0.7769575750042891	0.7722268879157058	0.7259624706017027
0.777431473027711	0.7769573151621679	0.7722243006932354	0.7259379215068572
0.7774314467572315	0.7769570525387941	0.7722216857887745	0.7259131103772803
0.7774314202062995	0.7769567871118065	0.7722190429801462	0.7258880351411998
0.7774313933726479	0.7769565188585402	0.772216372042155	0.7258626936991258
0.7774313662539782	0.7769562477560201	0.7722136727465337	0.7258370839233805
0.7774313388479606	0.7769559737809568	0.7722109448618909	0.7258112036576161
0.7774313111522331	0.7769556969097398	0.7722081881536559	0.7257850507163256
0.7774312831644012	0.7769554171184327	0.7722054023840219	0.7257586228843413
0.7774312548820372	0.7769551343827676	0.7722025873118912	0.7257319179163234
0.7774312263026798	0.7769548486781381	0.7721997426928147	0.7257049335362364
0.7774311974238328	0.7769545599795947	0.7721968682789335	0.7256776674368157
0.7774311682429655	0.7769542682618374	0.7721939638189179	0.7256501172790225
0.7774311387575111	0.7769539734992105	0.7721910290579042	0.7256222806914854
0.7774311089648671	0.7769536756656953	0.772188063737433	0.7255941552699329
0.7774310788623934	0.7769533747349041	0.7721850675953817	0.7255657385766092
0.7774310484474127	0.7769530706800727	0.7721820403658999	0.7255370281396821
0.7774310177172095	0.7769527634740552	0.7721789817793394	0.7255080214526335
0.7774309866690289	0.7769524530893144	0.7721758915621867	0.7254787159736393
0.7774309553000768	0.7769521394979171	0.7721727694369899	0.7254491091249345
0.7774309236075179	0.7769518226715257	0.7721696151222868	0.7254191982921643
0.7774308915884766	0.7769515025813896	0.7721664283325296	0.7253889808237205
0.7774308592400345	0.7769511791983398	0.7721632087780099	0.7253584540300636
0.7774308265592309	0.7769508524927788	0.7721599561647785	0.7253276151830289
0.7774307935430613	0.7769505224346741	0.7721566701945671	0.7252964615151181
0.777430760188477	0.7769501889935488	0.7721533505647065	0.7252649902187724
0.777430726492384	0.776949852138474	0.772149996968041	0.7252331984456328
0.777430692451642	0.7769495118380597	0.7721466090928452	0.7252010833057801
0.7774306580630634	0.7769491680604458	0.7721431866227337	0.7251686418669587
0.777430623323414	0.7769488207732932	0.7721397292365735	0.7251358711537833
0.7774305882294089	0.7769484699437749	0.7721362366083896	0.7251027681469256
0.7774305527777148	0.7769481155385668	0.7721327084072842	0.7250693297822842
0.7774305169649471	0.7769477575238342	0.7721291442972925	0.7250355529501331
0.7774304807876694	0.7769473958652274	0.7721255439373529	0.7250014344942507
0.7774304442423923	0.7769470305278691	0.7721219069811603	0.72496697121103
0.7774304073255732	0.776946661476342	0.7721182330770736	0.7249321598485662
0.777430370033614	0.7769462886746807	0.7721145218680079	0.7248969971057591
0.7774303323628607	0.7769459120863597	0.772110772991327	0.7248614796312126
0.7774302943096021	0.7769455316742813	0.77210698607873	0.7248256040224708
0.7774302558700688	0.7769451474007655	0.7721031607561376	0.7247893668248744
0.7774302170404316	0.7769447592275368	0.7720992966435735	0.7247527645305698
0.777430177816801	0.7769443671157127	0.7720953933550444	0.7247157935774572
0.7774301381952253	0.776943971025791	0.7720914504984157	0.7246784503481138
0.7774300981716893	0.7769435709176374	0.772087467675285	0.7246407311686924
0.7774300577421134	0.776943166750471	0.7720834444808519	0.72460263230779
0.7774300169023517	0.7769427584828522	0.7720793805037833	0.7245641499752903
0.7774299756481922	0.776942346072669	0.7720752753260777	0.7245252803211787
0.7774299339753521	0.776941929477121	0.7720711285229234	0.7244860194343254
0.7774298918794805	0.7769415086527063	0.772066939662555	0.7244463633412402
0.7774298493561532	0.7769410835552064	0.7720627083061044	0.7244063080047956
0.7774298064008738	0.7769406541396706	0.7720584340074484	0.7243658493229168
0.77742976300907	0.7769402203603994	0.7720541163130535	0.724324983127242
0.7774297191760942	0.7769397821709301	0.7720497547618141	0.724283705181744
0.77742967489722	0.7769393395240177	0.7720453488848883	0.724242011181321
0.777429630167641	0.7769388923716202	0.7720408982055287	0.7241998967503486
0.7774295849824697	0.7769384406648795	0.7720364022389075	0.7241573574411975
0.7774295393367349	0.7769379843541036	0.7720318604919387	0.7241143887327094
0.7774294932253801	0.7769375233887481	0.7720272724630945	0.7240709860286385
0.7774294466432617	0.7769370577173973	0.7720226376422147	0.7240271446560466
0.7774293995851472	0.7769365872877446	0.7720179555103147	0.7239828598636616
0.7774293520457123	0.7769361120465715	0.7720132255393849	0.723938126820191
0.7774293040195402	0.776935631939728	0.7720084471921852	0.7238929406125901
0.7774292555011177	0.7769351469121103	0.7720036199220341	0.7238472962442863
0.7774292064848355	0.7769346569076396	0.7719987431725926	0.723801188633356
0.777429156964983	0.7769341618692388	0.7719938163776389	0.7237546126106523
0.7774291069357482	0.7769336617388096	0.77198883896084	0.7237075629178829
0.7774290563912146	0.7769331564572085	0.7719838103355149	0.7236600342056376
0.7774290053253582	0.7769326459642224	0.7719787299043908	0.7236120210313611
0.7774289537320459	0.7769321301985426	0.7719735970593525	0.7235635178572724
0.777428901605032	0.7769316090977398	0.7719684111811852	0.7235145190482261
0.7774288489379563	0.776931082598236	0.7719631716393075	0.7234650188695174
0.7774287957243405	0.7769305506352772	0.7719578777914984	0.7234150114846254
0.7774287419575867	0.7769300131429056	0.7719525289836159	0.7233644909528947
0.7774286876309723	0.7769294700539289	0.7719471245493054	0.7233134512271542
0.7774286327376495	0.7769289212998913	0.7719416638097009	0.7232618861512677
0.7774285772706402	0.776928366811041	0.7719361460731169	0.7232097894576186
0.7774285212228332	0.7769278065162994	0.7719305706347296	0.7231571547645224
0.777428464586982	0.7769272403432267	0.7719249367762498	0.7231039755735679
0.7774284073557	0.776926668217988	0.7719192437655842	0.7230502452668823
0.7774283495214575	0.7769260900653185	0.7719134908564864	0.7229959571043204
0.7774282910765783	0.7769255058084866	0.7719076772881981	0.7229411042205718
0.7774282320132355	0.776924915369256	0.7719018022850767	0.7228856796221879
0.777428172323448	0.7769243186678476	0.7718958650562129	0.7228296761845209
0.7774281119990761	0.7769237156228993	0.7718898647950353	0.7227730866485779
0.7774280510318177	0.7769231061514241	0.7718838006789013	0.7227159036177805
0.777427989413204	0.7769224901687679	0.7718776718686762	0.7226581195546338
0.7774279271345949	0.7769218675885654	0.7718714775082971	0.7225997267772952
0.7774278641871744	0.776921238322694	0.7718652167243243	0.7225407174560452
0.777427800561946	0.7769206022812274	0.7718588886254745	0.7224810836096524
0.7774277362497282	0.7769199593723867	0.7718524923021421	0.7224208171016321
0.7774276712411489	0.7769193095024897	0.7718460268259016	0.7223599096363948
0.7774276055266399	0.7769186525758991	0.7718394912489943	0.7222983527552786
0.7774275390964329	0.776917988494969	0.771832884603798	0.7222361378324631
0.777427471940553	0.776917317159989	0.7718262059022762	0.7221732560707613
0.7774274040488119	0.7769166384691265	0.7718194541354114	0.7221096984972843
0.7774273354108043	0.776915952318367	0.7718126282726159	0.7220454559589745
0.7774272660159	0.7769152586014528	0.7718057272611237	0.7219805191180031
0.7774271958532374	0.7769145572098188	0.7717987500253595	0.7219148784470272
0.7774271249117181	0.7769138480325265	0.7717916954662865	0.7218485242243007
0.7774270531799994	0.776913130956195	0.77178456246073	0.7217814465286363
0.777426980646487	0.7769124058649308	0.7717773498606771	0.7217136352342102
0.7774269072993276	0.7769116726402533	0.7717700564925504	0.7216450800052049
0.7774268331264017	0.7769109311610192	0.7717626811564549	0.7215757702902876
0.7774267581153156	0.7769101813033426	0.7717552226253988	0.7215056953169124
0.7774266822533927	0.7769094229405141	0.7717476796444831	0.7214348440854471
0.7774266055276654	0.7769086559429139	0.7717400509300623	0.7213632053631103
0.7774265279248667	0.7769078801779253	0.7717323351688725	0.7212907676777193
0.7774264494314194	0.7769070955098414	0.7717245310171281	0.721217519311239
0.777426370033429	0.7769063017997706	0.7717166370995809	0.7211434482931222
0.7774262897166712	0.7769054989055382	0.7717086520085464	0.7210685423934388
0.7774262084665836	0.7769046866815815	0.7717005743028895	0.7209927891157815
0.7774261262682545	0.7769038649788456	0.7716924025069722	0.7209161756899438
0.7774260431064107	0.7769030336446706	0.7716841351095588	0.7208386890643583
0.7774259589654078	0.7769021925226764	0.7716757705626773	0.7207603158982889
0.7774258738292164	0.776901341452643	0.7716673072804366	0.7206810425537686
0.7774257876814108	0.7769004802703849	0.7716587436377947	0.7206008550872697
0.7774257005051556	0.7768996088076218	0.7716500779692768	0.7205197392410998
0.7774256122831917	0.7768987268918423	0.7716413085676406	0.7204376804345148
0.7774255229978233	0.7768978343461628	0.7716324336824877	0.7203546637545315
0.7774254326309018	0.7768969309891817	0.771623451518815	0.7202706739464376
0.7774253411638115	0.7768960166348243	0.7716143602355067	0.72018569540398
0.7774252485774531	0.7768950910921851	0.7716051579437615	0.7200997121592237
0.7774251548522276	0.7768941541653597	0.7715958427054531	0.7200127078720688
0.777425059968018	0.7768932056532716	0.7715864125314181	0.7199246658194094
0.777424963904172	0.7768922453494911	0.7715768653796735	0.7198355688839235
0.777424866639483	0.7768912730420453	0.7715671991535505	0.7197453995424805
0.7774247681521692	0.7768902885132212	0.7715574116997496	0.7196541398541486
0.7774246684198548	0.77688929153936	0.7715475008063235	0.7195617714477892
0.7774245674195464	0.7768882818906351	0.7715374642004902	0.7194682755092215
0.777424465127612	0.7768872593308358	0.7715272995465018	0.7193736327679421
0.7774243615197566	0.7768862236171248	0.7715170044432627	0.7192778234833787
0.777424256570998	0.7768851744997922	0.7715065764219134	0.7191808274306641
0.7774241502556394	0.7768841117219982	0.7714960129432847	0.7190826238859099
0.7774240425472447	0.7768830350194998	0.771485311395234	0.7189831916109594
0.7774239334186083	0.7768819441203695	0.7714744690898527	0.7188825088376006
0.7774238228417254	0.7768808387446956	0.7714634832605416	0.7187805532512191
0.777423710787762	0.7768797186042714	0.7714523510589419	0.7186773019738647
0.7774235972270206	0.7768785834022678	0.7714410695517177	0.7185727315467146
0.7774234821289073	0.7768774328328885	0.771429635717178	0.7184668179119035
0.7774233654618944	0.7768762665810103	0.7714180464417308	0.7183595363936988
0.7774232471934833	0.776875084321804	0.7714062985161572	0.7182508616789948
0.7774231272901639	0.7768738857203351	0.7713943886316968	0.7181407677970967
0.7774230057173738	0.7768726704311457	0.7713823133759303	0.7180292280987678
0.7774228824394529	0.7768714380978125	0.7713700692284486	0.717916215234509
0.777422757419598	0.7768701883524837	0.7713576525562943	0.7178017011320426
0.777422630619813	0.7768689208153894	0.7713450596091592	0.7176856569729619
0.7774225020008579	0.7768676350943271	0.7713322865143277	0.717568053168523
0.7774223715221944	0.7768663307841176	0.7713193292713416	0.717448859334532
0.7774222391419287	0.7768650074660323	0.7713061837463753	0.717328044265302
0.7774221048167499	0.7768636647071888	0.7712928456662972	0.7172055759066346
0.7774219685018674	0.7768623020599108	0.7712793106123998	0.7170814213278145
0.7774218301509429	0.7768609190610536	0.771265574013772	0.7169555466924267
0.7774216897160187	0.7768595152312902	0.771251631140294	0.7168279172283192
0.7774215471474417	0.7768580900743544	0.771237477095224	0.7166984971961848
0.7774214023937847	0.7768566430762422	0.7712231068073503	0.7165672498570715
0.7774212554017594	0.776855173704363	0.7712085150226783	0.7164341374386318
0.7774211061161291	0.7768536814066407	0.7711936962956167	0.7162991211000833
0.7774209544796108	0.7768521656105615	0.7711786449796302	0.7161621608958275
0.7774208004327756	0.7768506257221596	0.7711633552173143	0.7160232157376702
0.7774206439139397	0.7768490611249428	0.7711478209298536	0.715882243355588
0.7774204848590512	0.7768474711787481	0.7711320358058147	0.715739200256979
0.7774203232015674	0.776845855218525	0.7711159932892242	0.7155940416843338
0.7774201588723252	0.7768442125530396	0.7710996865668732	0.7154467215712659
0.7774199917994032	0.7768425424634935	0.7710831085547933	0.7152971924968266
0.7774198219079742	0.7768408442020504	0.7710662518838314	0.7151454056380404
0.7774196491201472	0.7768391169902643	0.7710491088842565	0.7149913107205806
0.7774194733548003	0.7768373600173989	0.7710316715693162	0.7148348559675124
0.7774192945274001	0.7768355724386313	0.7710139316176569	0.7146759880460205
0.777419112549809	0.7768337533731307	0.7709958803545108	0.7145146520120386
0.7774189273300797	0.7768319019019956	0.7709775087315489	0.7143507912526945
0.7774187387722339	0.7768300170660485	0.7709588073052788	0.7141843474264772
0.777418546776025	0.7768280978634633	0.7709397662138648	0.7140152604010345
0.7774183512366822	0.7768261432472188	0.7709203751522282	0.7138434681885006
0.777418152044638	0.776824152122359	0.7709006233452707	0.7136689068782546
0.7774179490852314	0.776822123343044	0.7708804995190539	0.7134915105669979
0.7774177422383901	0.7768200557093703	0.7708599918697384	0.7133112112860479
0.7774175313782865	0.7768179479639397	0.7708390880300766	0.7131279389257243
0.7774173163729681	0.7768157987881541	0.7708177750332209	0.712941621156716
0.7774170970839538	0.776813606798205	0.7707960392735861	0.7127521833483008
0.7774168733658011	0.7768113705407327	0.7707738664644758	0.7125595484832901
0.7774166450656338	0.7768090884881176	0.7707512415921443	0.7123636370695656
0.7774164120226296	0.7768067590333683	0.7707281488659281	0.7121643670480695
0.7774161740674643	0.7768043804845648	0.7707045716640656	0.7119616536971035
0.7774159310217046	0.7768019510587971	0.7706804924746037	0.711755409532793
0.7774156826971482	0.7767994688755789	0.7706558928312006	0.711545544205555
0.7774154288951013	0.776796931949631	0.7706307532428226	0.711331964392419
0.777415169405589	0.7767943381829985	0.7706050531169754	0.7111145736850324
0.7774149040064895	0.7767916853564157	0.7705787706756039	0.7108932724731829
0.7774146324625855	0.7767889711198243	0.7705518828628294	0.7106679578236628
0.7774143545245193	0.7767861929819544	0.7705243652435539	0.7104385233542959
0.7774140699276442	0.7767833482988459	0.7704961918918288	0.7102048591029444
0.7774137783907535	0.7767804342611849	0.77046733526772	0.7099668513913022
0.7774134796146801	0.7767774478803015	0.7704377660812249	0.7097243826832851
0.7774131732807394	0.7767743859726564	0.7704074531415679	0.7094773314378163
0.777412859049006	0.7767712451426197	0.7703763631899537	0.7092255719558053
0.777412536556391	0.7767680217633072	0.770344460713553	0.7089689742211118
0.7774122054145013	0.7767647119552057	0.7703117077381362	0.7087074037352877
0.7774118652072436	0.7767613115622808	0.7702780635963519	0.7084407213458803
0.7774115154881399	0.7767578161251922	0.7702434846681346	0.708168783068085
0.7774111557773111	0.7767542208511987	0.7702079240891294	0.7078914398995262
0.7774107855580749	0.7767505205802386	0.7701713314222852	0.7076085376279537
0.7774104042731032	0.7767467097465965	0.7701336522869027	0.7073199166316348
0.7774100113200638	0.7767427823354446	0.7700948279383469	0.7070254116722259
0.7774096060466638	0.7767387318334156	0.7700547947903518	0.7067248516799136
0.777409187744991	0.7767345511721987	0.7700134838702503	0.7064180595306164
0.7774087556450354	0.7767302326639408	0.769970820195515	0.7061048518150439
0.777408308907238	0.7767257679269842	0.7699267220575878	0.7057850385994237
0.7774078466138907	0.7767211478001552	0.7698811001959639	0.7054584231777107
0.7774073677591679	0.7767163622434179	0.7698338568417484	0.7051248018151126
0.7774068712375167	0.7767114002222085	0.7697848846051654	0.704783963482779
0.7774063558300729	0.7767062495721128	0.7697340651754968	0.7044356895835221
0.7774058201886976	0.7767008968398423	0.7696812677942668	0.7040797536684594
0.7774052628170753	0.7766953270950248	0.7696263474526504	0.7037159211445058
0.7774046820482715	0.7766895237067195	0.7695691427512712	0.7033439489726585
0.7774040760178484	0.7766834680758041	0.7695094733439479	0.7029635853570785
0.7774034426314923	0.7766771393127522	0.7694471368649327	0.7025745694249994
0.7774027795257262	0.7766705138467225	0.7693819052100725	0.702176630897557
0.7774020840198723	0.7766635649476447	0.7693135200032682	0.7017694897516903
0.7774013530568048	0.7766562621369905	0.769241687026838	0.7013528558733314
0.7774005831292142	0.7766485704546137	0.7691660693224367	0.7009264287021831
0.7773997701869059	0.7766404495373253	0.7690862785701257	0.7004898968684696
0.7773989095189696	0.7766318524480685	0.7690018642155602	0.7000429378221481
0.7773979956021777	0.7766227241700839	0.7689122996222701	0.6995852174551832
0.7773970219032992	0.7766129996440855	0.7688169642528007	0.6991163897176133
0.777395980617428	0.776602601171303	0.7687151204922203	0.6986360962282869
0.7773948623157688	0.7765914349195946	0.7686058831649812	0.6981439658813031
0.7773936554624864	0.7765793861333259	0.7684881789782189	0.6976396144493778
0.7773923457375257	0.7765663124236243	0.7683606919255287	0.6971226441855615
0.7773909150637238	0.7765520341352363	0.7682217889135571	0.6965926434249515
0.7773893401683949	0.7765363201150295	0.7680694172371341	0.6960491861883097
0.7773875903836983	0.7765188659684933	0.7679009615799417	0.6954918317897587
0.7773856241448324	0.7764992594800924	0.7677130422729735	0.6949201244510556
0.7773833831358202	0.7764769228747034	0.7675012275612436	0.6943335929252692
0.7773807818891824	0.7764510103930228	0.7672596190426655	0.6937317501330783
0.7773776878134315	0.7764202119573484	0.7669802489447131	0.6931140928153111
0.7773738786460807	0.7763823359168271	0.7666521972527149	0.692480101205807
0.7773689375267939	0.7763332834585811	0.7662602917812926	0.6918292387291736
0.7773619284310384	0.7762638935361651	0.7657831911388153	0.6911609517285612
0.7773498666687813	0.7761453666062912	0.7651905694671545	0.6904746692291517
0.7772719053747817	0.7757686906543948	0.7644390398030482	0.689769802743711