error as a function of alpha_bar(6*10^(-6)), w(0,1,0.001), sigma(-3), eta=10^(-5)
0.780542393662
0.02343121789002777
0.023428687880805644
0.023424440060426897
0.023418427252878543
0.023410582467830423
0.023400817940030454
0.023389023870754123
0.023375066852701368
0.023358787956651028
0.023340000451627506
0.02331848713243021
0.023293997210510987
0.0232662427369404
0.02323489450938914
0.023199577414885812
0.02315986515992314
0.02311527433296728
0.02306525774876656
0.023009197020156927
0.022946394314847747
0.02287606325970295
0.022797318971083447
0.02270916722552256
0.022610492794093693
0.022500047049406894
0.022376434992590642
0.022238101954623356
0.022083320342437623
0.02191017695621792
0.021716561602557107
0.02150015797424278
0.021258438068643554
0.020988661775044777
0.02068788367570312
0.020352969567419214
0.019980625695291857
0.019567444165615063
0.01910996840301674
0.0186047827517172
0.01804863026850076
0.017438562261022226
0.01677212200569955
0.016047563151338474
0.015264100417516227
0.014422186258277665
0.013523802258265022
0.012572748449185088
0.01157490812681888
0.010538460941315627
0.009474014271030045
0.008394623325317312
0.007315675221741203
0.006254621754514497
0.005230559525488059
0.004263672876297399
0.0033745722686409725
0.0025835752928444005
0.0019099864367725043
0.001371433103634826
0.0009833086716187884
0.0007583598913631423
0.000706438252630347
0.0008344163686898983
0.0011462539752166475
0.001643186071419066
0.00232399928964065
0.003185361984334195
0.00422217786880245
0.0054279402969726305
0.006795071853588318
0.008315239617010863
0.009979639563265896
0.011779244871560771
0.013705013849302977
0.01574805492821609
0.01789974884408526
0.020151831126888224
0.02249644056293513
0.02492614075937474
0.027433922233969524
0.030013191752465876
0.03265775436569077
0.035361792131237836
0.03811984214721008
0.04092677540119747
0.0437777771496115
0.04666832901119774
0.049594192671476967
0.05255139494939166
0.055536213963996967
0.05854516614647292
0.0615749939016027
0.06462265378188407
0.06768530507689795
0.07076029877775586
0.07384516688627918
0.07693761207299138
0.08003549770372906
0.08313683822848815
0.08623978997208594
0.08934264232556743
0.09244380935950901
0.09554182184572697
0.09863531971694163
0.10172304493133483
0.10480383475723834
0.10787661543761794
0.11094039633806316
0.11399426422790669
0.11703737823441292
0.12006896490126481
0.12308831365387708
0.12609477255881876
0.12908774436177944
0.13206668279814587
0.13503108914606468
0.13798050902227002
0.14091452938588123
0.1438327757557176
0.14673490960574384
0.1496206259487176
0.1524896510770021
0.15534174045590388
0.15817667675884275
0.1609942680410602
0.1637943460243178
0.16657676450537917
0.16934139786580094
0.17208813968005368
0.17481690141842268
0.17752761123056277
0.1802202128121208
0.18289466434356214
0.18555093749623167
0.18818901650924466
0.19080889731025635
0.19341058671547898
0.19599410165900255
0.1985594684821252
0.20110672226613385
0.2036359062116946
0.20614707104333677
0.2086402744674675
0.2111155806525027
0.21357305975168847
0.2160127874480178
0.21843484452722187
0.22083931648254684
0.22322629314299783
0.2255958683195492
0.2279481394805588
0.23028320743974307
0.23260117607163158
0.2349021520370479
0.2371862445310001
0.239453565043364
0.24170422713558068
0.24393834623068453
0.2461560394166866
0.24835742526388632
0.250542623648959
0.2527117555949205
0.2548649431174158
0.25700230908847427
0.2591239770948853
0.26123007131803333
0.26332071641641025
0.26539603741752055
0.2674561596139913
0.26950120846770115
0.271531309521916
0.2735465883185034
0.2755471703166061
0.2775331808230944
0.27950474492227967
0.28146198741657197
0.2834050327652972
0.28533400502640466
0.2872490278143283
0.28915022424193854
0.2910377168875653
0.2929116277473983
0.29477207819857276
0.2966191889671552
0.29845308009514454
0.30027387090983443
0.30208167999690205
0.30387662517783753
0.3056588234848125
0.3074283911406026
0.30918544354072286
0.31093009523424714
0.3126624599105673
0.3143826503855774
0.3160907785863332
0.3177869555425388
0.31947129137860114
0.3211438952998903
0.3228048755894966
0.32445433960062997
0.3260923937527628
0.32771914352488163
0.3293346934529494
0.3309391471275127
0.3325326071935896
0.3341151753463707
0.33568695233337265
0.33724803795265573
0.3387985310549372
0.34033852954711014
0.3418681303871451
0.34338742959578156
0.34489652225195394
0.3463955025004649
0.3478844635533009
0.3493634976945995
0.35083269628486724
0.3522921497672876
0.3537419476704373
0.35518217861164625
0.3566129303110331
0.3580342895855091
0.35944634236589634
0.36084917369364417
0.36224286773425046
0.363627507780374
0.3650031762589242
0.36636995473917455
0.367727923937491
0.36907716372445226
0.37041775313419223
0.37174977037213475
0.37307329281768586
0.3743883970353643
0.375695158782013
0.3769936530136638
0.3782839538920822
0.37956613479174167
0.3808402683124023
0.3821064262797699
0.38336467975896343
0.38461509905696
0.38585775373406794
0.3870927126106691
0.38832004377477003
0.3895398145861009
0.39075209169013786
0.39195694101960615
0.3931544278074582
0.3943446165884933
0.3955275712121441
0.396703354845669
0.39787202998503246
0.3990336584597502
0.4001883014401315
0.40133601944707126
0.4024768723587745
0.40361091941385757
0.40473821922119096
0.40585882976954596
0.4069728084315566
0.40808021196959016
0.40918109654820084
0.4102755177311127
0.4113635304986348
0.4124451892489521
0.4135205478035088
0.4145896594180299
0.41565257678461515
0.4167093520435331
0.4177600367809959
0.4188046820458871
0.41984333834850557
0.4208760556702605
0.42190288346817834
0.4229238706808409
0.4239390657379559
0.42494851656089866
0.42595227057480534
0.42695037470514074
0.42794287539567133
0.42892981860428475
0.4299112498122183
0.43088721403045965
0.43185775580481545
0.4328229192186507
0.43378274790614324
0.4347372850446689
0.43568657337229255
0.4366306551870756
0.4375695723539592
0.4385033663094528
0.4394320780634624
0.4403557482119413
0.44127441693353625
0.4421881239998843
0.4430969087781531
0.44400081023621235
0.4448998669481424
0.4457941170973888
0.4466835984819822
0.44756834851728533
0.4484484042474786
0.4493238023400971
0.45019457909599203
0.45106077045427995
0.45192241199307986
0.45277953893745226
0.45363218616092466
0.4544803881909138
0.45532417921087315
0.45616359306728144
0.4569986632712221
0.4578294230034028
0.4586559051173879
0.4594781421439047
0.46029616629500336
0.4611100094650936
0.4619197032386578
0.46272527889130105
0.4635267673925848
0.46432419941280884
0.4651176053231254
0.4659070152009429
0.4666924588326756
0.4674739657167829
0.4682515650668716
0.46902528581710573
0.46979515662288734
0.4705612058654337
0.47132346165263034
0.47208195182627716
0.4728367039612029
0.47358774537193543
0.4743351031109473
0.4750788039766754
0.47581887451254357
0.47655534101303293
0.47728822952156685
0.4780175658404254
0.47874337552854956
0.4794656839033181
0.4801845160479659
0.48089989681029677
0.48161185080614194
0.4823204024247478
0.48302557582616756
0.48372739494791545
0.4844258835068476
0.4851210649994917
0.48581296270766294
0.4865015996985533
0.48718699882604805
0.4878691827371154
0.4885481738706927
0.48922399446083126
0.48989666654005226
0.49056621193996747
0.4912326522944696
0.49189600904038544
0.49255630342347073
0.49321355649519005
0.4938677891197007
0.4945190219722788
0.49516727554341916
0.4958125701404554
0.4964549258886618
0.49709436273550656
0.4977309004489381
0.49836455862291107
0.49899535667665595
0.49962331385925884
0.5002484492473295
0.5008707817521206
0.5014903301171563
0.5021071129210529
0.5027211485806771
0.503332455351471
0.5039410513295668
0.5045469544536841
0.5051501825059557
0.5057507531154649
0.5063486837575584
0.506943991755979
0.5075366942877556
0.5081268083786488
0.5087143509105815
0.5092993386188358
0.5098817880974603
0.5104617157970113
0.5110391380280018
0.5116140709640024
0.5121865306378309
0.5127565329497723
0.5133240936628247
0.5138892284093842
0.5144519526872298
0.5150122818661736
0.5155702311863384
0.5161258157582336
0.5166790505687161
0.5172299504786323
0.5177785302230905
0.518324804417396
0.5188687875539266
0.5194104940041981
0.5199499380233797
0.5204871337470347
0.5210220951945661
0.5215548362699282
0.5220853707631327
0.5226137123512686
0.5231398746002873
0.5236638709638788
0.5241857147866701
0.5247054193059387
0.5252229976490935
0.5257384628403518
0.5262518277953099
0.526763105327535
0.5272723081469316
0.5277794488599351
0.5282845399739907
0.5287875938944774
0.5292886229283114
0.5297876392843952
0.5302846550729458
0.5307796823105122
0.5312727329152395
0.5317638187129918
0.5322529514358301
0.5327401427220365
0.5332254041192707
0.5337087470835132
0.5341901829822713
0.534669723092042
0.5351473786031723
0.5356231606159616
0.5360970801467848
0.5365691481257512
0.5370393753968071
0.5375077727668071
0.5379743507604221
0.5384391201565398
0.538902091376367
0.5393632748670524
0.5398226809823103
0.5402803199944581
0.5407362020967564
0.5411903374074659
0.5416427359653823
0.5420934077325251
0.5425423625968474
0.5429896103703369
0.5434351607916037
0.5438790235237813
0.5443212081593366
0.5447617242168495
0.5452005811445155
0.545637788318664
0.5460733550463988
0.5465072905636291
0.5469396040398121
0.5473703045733872
0.5477994011971093
0.5482269028756303
0.5486528185080282
0.5490771569257945
0.5494999268982503
0.5499211371270526
0.550340796251387
0.550758912846354
0.5511754954247406
0.551590552436953
0.5520040922708043
0.5524161232541261
0.5528266536533826
0.5532356916745699
0.5536432454653057
0.5540493231139199
0.5544539326489664
0.554857082042434
0.5552587792084902
0.5556590320037248
0.5560578482293821
0.55645523563036
0.5568512018960987
0.5572457546606147
0.5576389015039419
0.5580306499525642
0.558421007478622
0.5588099815017951
0.5591975793890178
0.5595838084552229
0.5599686759634911
0.560352189126305
0.5607343551047056
0.561115181009824
0.5614946739024441
0.5618728407947029
0.562249688649536
0.562625224381037
0.5629994548548313
0.5633723868895042
0.5637440272562682
0.5641143826784724
0.5644834598342401
0.5648512653555641
0.565217805827499
0.5655830877900856
0.5659471177393782
0.5663099021260559
0.566671447357081
0.5670317597956698
0.5673908457603714
0.5677487115286104
0.5681053633328079
0.5684608073660715
0.5688150497765135
0.5691680966724306
0.5695199541207174
0.5698706281464375
0.5702201247344032
0.570568449829985
0.5709156093380734
0.5712616091226149
0.5716064550109728
0.5719501527904612
0.5722927082086828
0.5726341269750469
0.5729744147639093
0.5733135772087301
0.5736516199068006
0.5739885484179812
0.5743243682664022
0.5746590849390105
0.5749927038862482
0.575325230523611
0.5756566702305012
0.5759870283514367
0.5763163101958506
0.576644521038052
0.5769716661183412
0.577297750643
0.5776227797838187
0.5779467586805337
0.5782696924380345
0.5785915861280756
0.5789124447916162
0.5792322734349088
0.5795510770333341
0.5798688605288598
0.5801856288338114
0.5805013868275558
0.5808161393579122
0.5811298912434762
0.5814426472701689
0.5817544121947983
0.5820651907427523
0.5823749876111637
0.5826838074653363
0.5829916549424234
0.5832985346499758
0.5836044511666612
0.5839094090407726
0.5842134127944564
0.5845164669198651
0.5848185758816857
0.5851197441158889
0.5854199760305834
0.5857192760082588
0.5860176484023522
0.5863150975390441
0.586611627718478
0.5869072432143484
0.587201948273132
0.5874957471149562
0.5877886439350282
0.5880806429009282
0.58837174815632
0.5886619638183048
0.58895129397947
0.5892397427059702
0.5895273140406903
0.5898140120014161
0.590099840580608
0.5903848037471043
0.5906689054452967
0.5909521495962858
0.5912345400963669
0.5915160808187286
0.5917967756136044
0.5920766283065229
0.5923556427026118
0.5926338225812692
0.5929111717004363
0.5931876937960721
0.5934633925803608
0.5937382717448166
0.5940123349577531
0.5942855858654688
0.5945580280935285
0.5948296652450065
0.5951005009025812
0.5953705386273127
0.5956397819579158
0.5959082344144276
0.5961758994939451
0.5964427806743197
0.5967088814127157
0.5969742051458121
0.5972387552887989
0.5975025352399284
0.5977655483749943
0.5980277980510516
0.5982892876040443
0.598550020353755
0.5988099995977102
0.5990692286146759
0.5993277106657191
0.5995854489921345
0.5998424468165269
0.6000987073428511
0.6003542337563248
0.6006090292248418
0.6008630968966809
0.6011164399035194
0.6013690613571612
0.6016209643533049
0.601872151969374
0.6021226272650944
0.6023723932829799
0.6026214530480017
0.6028698095676369
0.6031174658328495
0.6033644248173295
0.6036106894783603
0.6038562627554492
0.6041011475730919
0.6043453468374823
0.604588863440011
0.6048317002548711
0.6050738601405085
0.6053153459387788
0.6055561604767783
0.605796306564632
0.6060357869975731
0.6062746045541961
0.6065127619989653
0.6067502620801043
0.606987107530787
0.607223301068672
0.6074588453978137
0.6076937432050122
0.6079279971637014
0.6081616099327387
0.6083945841557796
0.6086269224614446
0.608858627465719
0.6090897017675416
0.6093201479542115
0.6095499685974207
0.6097791662550457
0.6100077434714122
0.6102357027765829
0.6104630466866503
0.6106897777045318
0.610915898319675
0.6111414110074724
0.6113663182300427
0.6115906224370434
0.6118143260633885
0.6120374315318721
0.6122599412525321
0.6124818576216962
0.6127031830231515
0.612923919827043
0.6131440703930909
0.6133636370663306
0.6135826221793845
0.613801028053604
0.6140188569974521
0.614236111306035
0.6144527932648135
0.6146689051436255
0.6148844492042106
0.6150994276927156
0.6153138428459008
0.6155276968871524
0.615740992029603
0.6159537304734223
0.6161659144085475
0.6163775460118497
0.6165886274493335
0.616799160877082
0.6170091484381429
0.6172185922651572
0.6174274944785543
0.6176358571900857
0.6178436824976964
0.618050972490833
0.6182577292465791
0.6184639548317955
0.6186696513028711
0.6188748207048218
0.6190794650729491
0.6192835864320408
0.6194871867952413
0.6196902681665588
0.6198928325401072
0.6200948818980323
0.6202964182141539
0.6204974434507399
0.6206979595616783
0.6208979684886003
0.6210974721652652
0.6212964725151069
0.6214949714509951
0.6216929708768806
0.6218904726870548
0.6220874787655651
0.6222839909879252
0.6224800112187597
0.6226755413150338
0.6228705831234763
0.6230651384804702
0.6232592092151632
0.6234527971462448
0.6236459040837419
0.6238385318287436
0.6240306821728885
0.6242223568985193
0.624413557780192
0.6246042865835931
0.624794545064037
0.6249843349702956
0.6251736580403972
0.6253625160053016
0.6255509105866263
0.6257388434977832
0.6259263164431794
0.6261133311196869
0.6262998892156084
0.6264859924105429
0.6266716423756089
0.6268568407746254
0.6270415892629423
0.6272258894869861
0.6274097430858009
0.6275931516907751
0.6277761169249246
0.6279586404036446
0.628140723733864
0.6283223685147807
0.6285035763387191
0.6286843487897467
0.6288646874437906
0.6290445938694481
0.6292240696283556
0.629403116274079
0.6295817353519183
0.6297599284015647
0.6299376969544622
0.630115042533323
0.6302919666557059
0.6304684708310527
0.6306445565609213
0.6308202253403299
0.6309954786578272
0.6311703179936818
0.6313447448218084
0.6315187606086252
0.6316923668139115
0.6318655648905342
0.6320383562844758
0.6322107424346187
0.6323827247734353
0.6325543047264856
0.6327254837124224
0.6328962631435172
0.6330666444247945
0.633236628955828
0.6334062181283083
0.6335754133284546
0.6337442159351505
0.6339126273215109
0.6340806488537791
0.6342482818919895
0.6344155277903681
0.6345823878955787
0.6347488635495323
0.6349149560860711
0.6350806668350326
0.6352459971186393
0.6354109482527133
0.6355755215483057
0.6357397183096197
0.6359035398349292
0.6360669874165719
0.6362300623407652
0.6363927658882019
0.6365550993330618
0.6367170639448653
0.6368786609855882
0.6370398917129616
0.6372007573780927
0.6373612592271621
0.6375213984996553
0.6376811764302811
0.6378405942476858
0.6379996531753857
0.6381583544299874
0.6383166992250281
0.6384746887657392
0.6386323242539026
0.6387896068859612
0.6389465378509871
0.6391031183347866
0.6392593495167849
0.6394152325709983
0.6395707686671571
0.6397259589687536
0.6398808046342903
0.6400353068169045
0.6401894666656012
0.6403432853227273
0.6404967639269263
0.6406499036108344
0.6408027055024155
0.6409551707247387
0.6411073003954799
0.6412590956278031
0.641410557529829
0.6415616872038518
0.6417124857489169
0.6418629542585597
0.6420130938208536
0.6421629055194806
0.6423123904339443
0.6424615496383683
0.6426103842015859
0.6427588951891966
0.6429070836613426
0.6430549506732016
0.6432024972759111
0.6433497245160439
0.6434966334345095
0.6436432250696557
0.6437895004534453
0.6439354606140865
0.6440811065754983
0.644226439357438
0.6443714599738071
0.644516169435589
0.644660568749171
0.6448046589158932
0.6449484409341282
0.6450919157952968
0.6452350844898355
0.6453779480013281
0.6455205073114251
0.6456627633946442
0.6458047172244339
0.6459463697679909
0.646087721988517
0.6462287748464062
0.6463695292965947
0.6465099862910372
0.6466501467765919
0.6467900116969955
0.6469295819908724
0.6470688585942735
0.6472078424377422
0.6473465344495444
0.6474849355525756
0.647623046666802
0.647760868707198
0.6478984025865845
0.6480356492120951
0.6481726094879864
0.6483092843148857
0.6484456745896183
0.6485817812043221
0.6487176050486027
0.648853147007412
0.648988407962712
0.649123388792069
0.6492580903701721
0.6493925135672102
0.6495266592507527
0.6496605282835036
0.649794121525808
0.6499274398336208
0.6500604840597998
0.650193255053719
0.6503257536606614
0.6504579807224218
0.6505899370782234
0.6507216235632552
0.650853041008985
0.650984190243889
0.6511150720927849
0.6512456873774239
0.6513760369158583
0.6515061215227569
0.6516359420099398
0.6517654991845521
0.6518947938522981
0.6520238268149954
0.652152598870385
0.652281110813473
0.6524093634360802
0.6525373575269251
0.6526650938714701
0.6527925732510944
0.6529197964463745
0.6530467642315049
0.6531734773796225
0.653299936660848
0.6534261428413006
0.6535520966843683
0.6536777989503297
0.6538032503965331
0.653928451777298
0.6540534038430689
0.6541781073427312
0.6543025630210404
0.6544267716203663
0.6545507338800011
0.6546744505359011
0.6547979223211279
0.6549211499671108
0.6550441341998969
0.6551668757447577
0.6552893753234927
0.6554116336545256
0.6555336514547201
0.6556554294355914
0.655776968308527
0.6558982687811951
0.6560193315570546
0.656140157339266
0.6562607468265622
0.6563811007150429
0.6565012196984088
0.6566211044679787
0.6567407557117297
0.6568601741145024
0.6569793603598317
0.6570983151275218
0.6572170390951586
0.6573355329375555
0.6574537973264533
0.6575718329317123
0.6576896404205484
0.6578072204568497
0.6579245737026946
0.6580417008168141
0.6581586024559365
0.6582752792743358
0.6583917319236494
0.6585079610524954
0.6586239673076161
0.658739751332741
0.6588553137694667
0.6589706552569891
0.6590857764318738
0.6592006779278493
0.6593153603770847
0.6594298244085106
0.6595440706491466
0.6596580997231828
0.6597719122527036
0.659885508857649
0.6599988901550232
0.6601120567596483
0.6602250092842274
0.6603377483390712
0.6604502745319727
0.6605625884688198
0.6606746907526589
0.6607865819839807
0.6608982627628021
0.6610097336843033
0.6611209953434066
0.6612320483316525
0.6613428932387976
0.6614535306528727
0.6615639611582783
0.6616741853387942
0.6617842037748717
0.6618940170450691
0.6620036257264731
0.6621130303925129
0.6622222316164899
0.6623312299675091
0.6624400260139032
0.6625486203214489
0.6626570134534009
0.6627652059716798