error as a function of alpha_bar(2*10^(-6)), w(0,1,0.001), sigma(-3), eta=10^(-5)
0.780542393662
0.02270807833905486
0.022639986741447838
0.022519188665803182
0.022333853738189396
0.022065649670818265
0.021687909031166262
0.021163320682100053
0.02044151906625791
0.019457603155585052
0.01813388103862199
0.016389120059463674
0.0141616449953945
0.011452119656815371
0.008383363110466792
0.005254001339234203
0.002540314786128838
0.0008085537076929841
0.0005593408232794189
0.002090121405713394
0.005451730197071602
0.010498051251315336
0.016973375646490242
0.02459104496736328
0.0330845936027201
0.042228789520637786
0.05184027452477161
0.06177095823371405
0.07190140371716351
0.08213574602741687
0.09239770690290612
0.10262723427067674
0.11277758303637306
0.12281280105230878
0.13270561071204812
0.14243566116909326
0.15198810916124214
0.16135247883497256
0.1705217511387031
0.17949163871793242
0.1882600087646839
0.19682642325632044
0.20519177210749168
0.213357979875212
0.22132777080847402
0.22910448032062278
0.23669190349937844
0.24409417329929103
0.2513156625677595
0.25836090530775996
0.2652345334748594
0.2719412263795844
0.2784856703250743
0.28487252656768475
0.2911064060722372
0.2971918497913974
0.303133313465351
0.308935156106312
0.3146016314832121
0.3201368820467723
0.32554493485519437
0.330829699099644
0.3359949649404201
0.34104440338252917
0.3459815669984762
0.3508098913051739
0.35553269666873943
0.36015319061369855
0.36467447043619955
0.3690995260429121
0.37343124296383373
0.3776724054592703
0.3818256997038127
0.38589371699564007
0.38987895696714164
0.393783830780802
0.39761066427298847
0.4013617010586075
0.4050391055586804
0.4086449659599145
0.412181297095775
0.4156500432372624
0.4190530808019968
0.42239222096910534
0.4256692122104269
0.4288857427217028
0.4320434427737618
0.43514388697070744
0.43818859642152314
0.4411790408277091
0.4441166404867359
0.44700276821861573
0.4498387512080685
0.45262587277908095
0.4553653740909225
0.4580584557631986
0.4607062794394031
0.4633099692805538
0.4658706133959364
0.46838926521863405
0.47086694481311125
0.47330464014519685
0.4757033082792284
0.47806387653959875
0.4803872436165965
0.4826742806270558
0.48492583213293705
0.487142717100643
0.48932572990622575
0.4914756410881777
0.4935931983493681
0.4956791273067547
0.49773413229665486
0.49975889713104127
0.5017540858217203
0.5037203432786131
0.5056582959795096
0.5075685526052035
0.5094517046626523
0.5113083270701245
0.5131389787286216
0.5149442030628699
0.5167245285479947
0.518480469210049
0.5202125251114006
0.5219211828129506
0.5236069158215025
0.525270185018361
0.5269114390735281
0.5285311148409494
0.5301296377404359
0.5317074221265747
0.533264871641422
0.5348023795531285
0.5363203290890229
0.5378190937425893
0.5392990375875725
0.5407605155610806
0.5422038737532661
0.5436294496730583
0.5450375725166556
0.546428563413725
0.5478027356753814
0.5491603950266368
0.5505018398352243
0.5518273613277157
0.5531372438025367
0.5544317648322582
0.5557111954611699
0.5569758003942015
0.5582258381807003
0.5594615613899634
0.5606832167865757
0.5618910454892697
0.5630852831349031
0.5642661600327797
0.5654339013106215
0.5665887270629184
0.5677308524868441
0.568860488019315
0.5699778394664445
0.5710831081305611
0.5721764909312512
0.5732581805255184
0.5743283654200209
0.5753872300824864
0.5764349550511294
0.5774717170348956
0.5784976890174266
0.5795130403522599
0.5805179368593905
0.5815125409149615
0.5824970115406799
0.5834715044906157
0.5844361723331974
0.5853911645332528
0.5863366275299144
0.5872727048127351
0.5881995369963281
0.5891172618899493
0.5900260145688712
0.5909259274417674
0.591817130314443
0.5926997504561052
0.593573912657338
0.5944397392944413
0.5952973503840892
0.5961468636417396
0.5969883945354176
0.5978220563394945
0.5986479601878889
0.5994662151214722
0.6002769281402713
0.6010802042489052
0.6018761465026712
0.602664856054921
0.6034464321982118
0.6042209724090515
0.6049885723862957
0.6057493260959349
0.6065033258056278
0.6072506621252243
0.6079914240439217
0.6087256989663216
0.6094535727466376
0.6101751297243195
0.6108904527552904
0.6115996232472963
0.6123027211888117
0.6129998251816039
0.6136910124696239
0.6143763589689426
0.6150559392954168
0.6157298267943669
0.6163980935643956
0.6170608104862706
0.6177180472486635
0.6183698723708003
0.6190163532286972
0.6196575560811282
0.6202935460865973
0.6209243873319101
0.6215501428522519
0.6221708746514706
0.6227866437251017
0.6233975100793525
0.6240035327517556
0.624604769830718
0.6252012784744438
0.6257931149291434
0.6263803345477029
0.6269629918074501
0.6275411403269309
0.6281148328834109
0.6286841214285883
0.6292490571049999
0.6298096902630168
0.6303660704730906
0.6309182465446169
0.6314662665377837
0.6320101777785561
0.6325500268739046
0.6330858597233232
0.6336177215340548
0.6341456568333724
0.6346697094811711
0.6351899226828335
0.6357063390012735
0.6362190003697564
0.6367279481003201
0.6372332229004881
0.6377348648793411
0.6382329135614085
0.6387274078968201
0.6392183862703573
0.6397058865140132
0.64018994591455
0.640670601225037
0.6411478886742102
0.6416218439744718
0.6420925023322352
0.6425598984569565
0.6430240665696292
0.6434850404112482
0.6439428532508477
0.6443975378949057
0.6448491266941071
0.645297651552471
0.6457431439335157
0.6461856348699063
0.6466251549688756
0.6470617344205027
0.6474954030043012
0.6479261900973398
0.6483541246792051
0.6487792353409134
0.6492015502891689
0.6496210973544702
0.6500379039967367
0.6504519973114611
0.6508634040359754
0.6512721505553388
0.6516782629075714
0.6520817667899697
0.6524826875653303
0.6528810502652029
0.6532768795979751
0.6536701999520854
0.6540610354021353
0.6544494097139382
0.6548353463486204
0.6552188684689702
0.6555999989426392
0.6559787603481174
0.656355174978338
0.6567292648459899
0.6571010516870875
0.6574705569660646
0.6578378018794976
0.6582028073609347
0.6585655940843662
0.6589261824678108
0.6592845926787664
0.6596408446371868
0.6599949580184243
0.660346952258554
0.6606968465570457
0.6610446598809605
0.661390410967789
0.6617341183288632
0.6620758002544999
0.6624154748146012
0.6627531598635644
0.6630888730445414
0.663422631789855
0.6637544533257141
0.6640843546767838
0.6644123526651251
0.6647384639170318
0.6650627048646653
0.665385091747653
0.6657056406177162
0.6660243673399846
0.6663412875970468
0.6666564168900163
0.6669697705430552
0.6672813637033291
0.6675912113468794
0.6678993282775046
0.6682057291321175
0.6685104283814799
0.6688134403335229
0.6691147791340989
0.6694144587715715
0.6697124930771119
0.6700088957275386
0.6703036802474592
0.6705968600118888
0.6708884482475126
0.671178458034981
0.6714669023110597
0.671753793871176
0.6720391453699702
0.6723229693243008
0.6726052781151663
0.6728860839889602
0.6731653990594922
0.6734432353097
0.673719604594463
0.6739945186403146
0.6742679890491474
0.6745400272983225
0.674810644743913
0.6750798526206055
0.6753476620446655
0.6756140840145999
0.6758791294137146
0.6761428090105045
0.6764051334606076
0.6766661133090888
0.6769257589902132
0.6771840808306431
0.6774410890494952
0.6776967937606178
0.6779512049731209
0.6782043325939304
0.6784561864277232
0.678706776179377
0.6789561114545117
0.6792042017611701
0.6794510565105624
0.6796966850190364
0.6799410965090631
0.6801843001093568
0.6804263048579526
0.6806671197018075
0.680906753498623
0.6811452150175568
0.681382512941044
0.6816186558650733
0.6818536523007257
0.6820875106750409
0.6823202393321837
0.682551846534315
0.682782340462802
0.6830117292190695
0.6832400208255068
0.6834672232267217
0.6836933442898738
0.6839183918065334
0.6841423734928124
0.6843652969906349
0.6845871698685674
0.6848079996225614
0.6850277936770238
0.6852465593857342
0.6854643040324214
0.6856810348316015
0.6858967589298185
0.686111483405901
0.6863252152724283
0.686537961475356
0.6867497288960904
0.6869605243519973
0.687170354596093
0.6873792263189411
0.6875871461492541
0.6877941206538987
0.6880001563392719
0.688205259651629
0.6884094369785531
0.6886126946480919
0.6888150389313263
0.6890164760412097
0.6892170121345993
0.6894166533125782
0.6896154056203639
0.689813275048856
0.6900102675345295
0.690206388960893
0.6904016451581318
0.6905960419047227
0.6907895849266386
0.6909822798995852
0.6911741324482222
0.6913651481473991
0.6915553325225755
0.6917446910503152
0.6919332291589949
0.6921209522288271
0.6923078655933944
0.692493974538882
0.6926792843056391
0.6928638000881733
0.6930475270359227
0.6932304702535261
0.6934126348008133
0.693594025695128
0.6937746479090116
0.6939545063735578
0.6941336059765665
0.6943119515643871
0.6944895479590563
0.6946663998662552
0.6948425120794406
0.6950178892461667
0.695192536015791
0.6953664569923373
0.6955396567409686
0.6957121397887888
0.6958839106238184
0.6960549736974825
0.6962253334237058
0.6963949941791094
0.6965639603040964
0.6967322361032887
0.696899825845023
0.6970667337627431
0.6972329640540514
0.697398520883566
0.6975634083801617
0.6977276306390948
0.6978911917226422
0.6980540956592635
0.6982163464447545
0.6983779480423931
0.6985389043832779
0.6986992193663086
0.6988588968596874
0.6990179406987826
0.6991763546899972
0.6993341426076802
0.699491308196346
0.6996478551706817
0.699803787215237
0.6999591079857863
0.7001138211083683
0.7002679301805586
0.7004214387716085
0.7005743504217119
0.7007266686441398
0.7008783969237533
0.7010295387180512
0.7011800974576822
0.7013300765464908
0.7014794793612932
0.7016283092528263
0.7017765695457747
0.7019242635383238
0.7020713945043582
0.7022179656912885
0.7023639803219954
0.7025094415940999
0.7026543526810325
0.7027987167315691
0.7029425368707166
0.7030858161988902
0.703228557793497
0.7033707647082305
0.703512439973358
0.7036535865964978
0.7037942075622251
0.7039343058328792
0.7040738843480164
0.7042129460250208
0.7043514937600106
0.7044895304263266
0.7046270588769837
0.704764081942696
0.7049006024335476
0.7050366231383627
0.7051721468255926
0.705307176243054
0.7054417141180087
0.7055757631578174
0.7057093260496125
0.7058424054608103
0.7059750040394519
0.7061071244141628
0.7062387691937049
0.7063699409686605
0.70650064231001
0.706630875770094
0.7067606438832479
0.7068899491650237
0.7070187941124798
0.7071471812051329
0.7072751129043363
0.7074025916539273
0.7075296198800464
0.7076561999912739
0.7077823343791747
0.7079080254182737
0.7080332754656554
0.70815808686242
0.7082824619322118
0.7084064029825695
0.7085299123048341
0.7086529921740041
0.708775644848806
0.7088978725724372
0.709019677571784
0.7091410620589025
0.70926202822955
0.7093825782645403
0.7095027143292726
0.709622438574288
0.7097417531349687
0.7098606601320154
0.7099791616710045
0.710097259843537
0.7102149567264985
0.7103322543825628
0.7104491548597256
0.7105656601923145
0.710681772400887
0.7107974934918083
0.710912825457962
0.7110277702782707
0.7111423299185451
0.7112565063309881
0.7113703014548188
0.7114837172158429
0.7115967555270764
0.7117094182884612
0.7118217073867559
0.7119336246969011
0.7120451720806145
0.7121563513871954
0.7122671644535767
0.7123776131045316
0.712487699152748
0.71259742439828
0.7127067906299727
0.712815799624081
0.7129244531456356
0.7130327529479152
0.7131407007721681
0.7132482983486614
0.7133555473960392
0.7134624496216664
0.7135690067218217
0.7136752203814104
0.7137810922745185
0.7138866240643372
0.7139918174033417
0.7140966739325016
0.7142011952832141
0.7143053830754615
0.7144092389192535
0.7145127644137875
0.7146159611482259
0.7147188307012825
0.7148213746416372
0.7149235945281124
0.7150254919091882
0.7151270683234419
0.7152283252998531
0.7153292643575265
0.7154298870056903
0.7155301947444651
0.715630189063938
0.7157298714451011
0.7158292433593518
0.715928306268729
0.7160270616265477
0.7161255108763868
0.7162236554528756
0.7163214967821201
0.7164190362805241
0.7165162753562085
0.7166132154081488
0.7167098578268423
0.7168062039939647
0.7169022552828387
0.7169980130579404
0.7170934786754377
0.7171886534830669
0.7172835388202828
0.7173781360183803
0.7174724464001978
0.71756647128053
0.7176602119663464
0.7177536697561787
0.7178468459410812
0.7179397418037733
0.7180323586192936
0.7181246976550132
0.7182167601705677
0.7183085474180968
0.7184000606417936
0.7184913010784664
0.718582269957332
0.7186729685007367
0.7187633979229165
0.7188535594312273
0.7189434542256127
0.719033083498952
0.7191224484368336
0.719211550217939
0.7193003900137448
0.7193889689888022
0.7194772883007051
0.7195653491000881
0.7196531525310236
0.7197406997305217
0.7198279918290392
0.7199150299503453
0.720001815211132
0.7200883487224572
0.7201746315879238
0.7202606649051503
0.7203464497651834
0.7204319872526558
0.7205172784458019
0.7206023244167559
0.720687126231201
0.7207716849488482
0.7208560016230156
0.7209400773007966
0.7210239130237843
0.7211075098268221
0.7211908687396051
0.7212739907848247
0.7213568769801881
0.7214395283371541
0.7215219458616345
0.7216041305533019
0.721686083406471
0.7217678054097171
0.7218492975459754
0.7219305607923221
0.7220115961207125
0.722092404497345
0.7221729868826577
0.7222533442323107
0.7223334774957298
0.7224133876176334
0.7224930755372303
0.7225725421882809
0.7226517884994743
0.7227308153940525
0.7228096237902322
0.7228882146012114
0.7229665887348333
0.7230447470940125
0.7231226905765096
0.7232004200751649
0.7232779364779219
0.7233552406675358
0.7234323335222296
0.7235092159151879
0.7235858887144101
0.7236623527835672
0.7237386089817088
0.723814658162581
0.7238905011754866
0.7239661388652444
0.7240415720718814
0.7241168016306412
0.7241918283726456
0.7242666531240098
0.7243412767066388
0.7244156999378236
0.7244899236305061
0.7245639485929696
0.7246377756295105
0.724711405539805
0.7247848391191452
0.7248580771586227
0.7249311204451938
0.725003969761369
0.7250766258855393
0.7251490895918629
0.7252213616503785
0.7252934428269691
0.7253653338836699
0.7254370355777962
0.7255085486632616
0.7255798738899274
0.7256510120031874
0.7257219637449766
0.7257927298528651
0.7258633110608749
0.7259337080989366
0.7260039216932972
0.7260739525659545
0.7261438014357281
0.7262134690171114
0.7262829560210409
0.7263522631548618
0.72642139112205
0.7264903406223243
0.7265591123517553
0.7266277070031492
0.7266961252650298
0.7267643678229875
0.7268324353586529
0.7269003285503726
0.7269680480727347
0.7270355945967799
0.7271029687905007
0.7271701713178816
0.7272372028400461
0.7273040640141643
0.7273707554944334
0.7274372779315552
0.7275036319725853
0.727569818261884
0.7276358374400396
0.7277016901445482
0.7277673770094122
0.7278328986658162
0.7278982557414273
0.7279634488607208
0.7280284786449082
0.7280933457125753
0.7281580506785329
0.7282225941549592
0.728286976750554
0.728351199071148
0.7284152617195021
0.7284791652952424
0.7285429103951448
0.7286064976130319
0.7286699275393618
0.728733200762087
0.7287963178660481
0.7288592794328261
0.7289220860417598
0.7289847382687616
0.7290472366871428
0.729109581867262
0.7291717743767975
0.7292338147800902
0.7292957036394745
0.7293574415140569
0.7294190289600985
0.7294804665313372
0.7295417547787204
0.7296028942500307
0.7296638854915526
0.7297247290454776
0.7297854254524778
0.7298459752495345
0.7299063789720357
0.7299666371521507
0.7300267503191334
0.7300867190007208
0.7301465437211362
0.7302062250023023
0.7302657633639468
0.7303251593226758
0.7303844133930903
0.7304435260872527
0.7305024979143036
0.7305613293815634
0.7306200209935576
0.7306785732523285
0.7307369866576974
0.7307952617068095
0.7308533988947988
0.7309113987141737
0.7309692616551299
0.7310269882053714
0.7310845788508691
0.7311420340744887
0.7311993543571825
0.7312565401776988
0.7313135920124662
0.7313705103355267
0.731427295618646
0.7314839483316581
0.731540468941547
0.7315968579139466
0.7316531157117455
0.7317092427958689
0.7317652396245795
0.731821106654774
0.7318768443408245
0.7319324531345479
0.7319879334864582
0.7320432858445389
0.7320985106546617
0.7321536083604223
0.7322085794038514
0.7322634242245932
0.7323181432602677
0.7323727369467606
0.7324272057173183
0.7324815500036705
0.732535770235577
0.7325898668406006
0.7326438402442643
0.7326976908704853
0.732751419140648
0.7328050254748599
0.7328585102910207
0.7329118740049136
0.7329651170305866
0.7330182397801968
0.7330712426643327
0.7331241260907577
0.7331768904665252
0.733229536196145
0.7332820636824908
0.7333344733264558
0.7333867655273415
0.7334389406824514
0.7334909991874652
0.7335429414360567
0.7335947678201366
0.7336464787302103
0.7336980745544412
0.7337495556798256
0.7338009224912274
0.7338521753718712
0.7339033147033872
0.7339543408654287
0.7340052542364333
0.7340560551923287
0.7341067441082543
0.7341573213573742
0.7342077873107407
0.7342581423382681
0.7343083868080286
0.7343585210866431
0.7344085455388417
0.7344584605280626
0.734508266415474
0.7345579635615193
0.7346075523244348
0.7346570330611765
0.7347064061270595
0.7347556718756841
0.7348048306591505
0.7348538828282587
0.7349028287321477
0.7349516687179154
0.7350004031320413
0.7350490323187882
0.735097556621244
0.7351459763809641
0.7351942919378942
0.735242503630631
0.7352906117961332
0.7353386167701021
0.7353865188865193
0.7354343184783385
0.7354820158766328
0.7355296114113693
0.7355771054107444
0.7356244982017185
0.7356717901100877
0.7357189814599869
0.7357660725739957
0.7358130637736345
0.7358599553788345
0.7359067477083281
0.73595344107936
0.7360000358078626
0.7360465322082287
0.736092930593937
0.7361392312765676
0.7361854345668769
0.736231540774116
0.7362775502062395
0.7363234631696457
0.7363692799696385
0.736415000910472
0.7364606262949089
0.7365061564239516
0.7365515915982267
0.7365969321166096
0.7366421782763485
0.7366873303743171
0.7367323887053847
0.7367773535635955
0.7368222252416076
0.7368670040308894
0.7369116902215576
0.7369562841025596
0.7370007859620187
0.7370451960862147
0.7370895147608973
0.7371337422698493
0.7371778788966269
0.7372219249225643
0.7372658806288309
0.7373097462947504
0.7373535221984818
0.7373972086175947
0.7374408058280594
0.7374843141046973
0.7375277337213971
0.737571064950777
0.737614308064491
0.7376574633329186
0.7377005310252736
0.7377435114099042
0.7377864047538231
0.7378292113232953
0.737871931382797
0.7379145651966321
0.7379571130272453
0.7379995751365493
0.738041951785095
0.7380842432325584
0.7381264497373387
0.7381685715568472
0.7382106089475841
0.73825256216502
0.7382944314634216
0.738336217096108
0.7383779193153146
0.7384195383724874
0.7384610745177392
0.7385025280004537
0.7385438990687314
0.7385851879699113
0.7386263949503233
0.7386675202550571
0.7387085641286227
0.7387495268142483
0.738790408554257
0.7388312095900276
0.7388719301618483
0.7389125705094506
0.7389531308710809
0.7389936114843707
0.7390340125860119
0.7390743344115815
0.7391145771957243
0.7391547411723508
0.7391948265743745
0.7392348336335651
0.7392747625812212
0.7393146136471684
0.7393543870608998
0.7393940830504562
0.7394337018435428
0.7394732436664401
0.7395127087448236
0.7395520973036008
0.7395914095665138
0.739630645756453
0.7396698060957275
0.7397088908054181
0.7397479001060724
0.7397868342170336
0.7398256933570831
0.7398644777439185
0.7399031875947865
0.7399418231255029
0.7399803845514499
0.7400188720872309
0.7400572859462672
0.740095626341441
0.7401338934847433
0.7401720875872926
0.7402102088594325