error as a function of alpha_bar(2*10^(-5)), w(0,1,0.001), sigma(-3), eta=10^(-5)
0.780542393662
0.02368109016046108
0.02368101784945283
0.023680897248172204
0.02368072823215709
0.02368051062687917
0.023680244207542066
0.023679928698777067
0.02367956377425505
0.023679149056253717
0.02367868411511922
0.02367816846870161
0.023677601581671988
0.023676982864814945
0.02367631167419063
0.02367558731027867
0.02367480901699732
0.023673975980687056
0.02367308732896982
0.0236721421295889
0.023671139388754734
0.02367007805080051
0.023668956995496104
0.023667775037187627
0.023666530923019038
0.023665223331185318
0.023663850869107446
0.023662412071503307
0.023660905398356937
0.023659329232779355
0.02365768187876398
0.023655961558271484
0.02365416641050438
0.02365229448709695
0.023650343750672945
0.023648312071696865
0.023646197225514635
0.023643996889205623
0.02364170863834828
0.02363932994358467
0.023636858167078514
0.023634290558797767
0.023631624252635992
0.023628856261843148
0.02362598347649241
0.023623002656919224
0.02361991043038534
0.023616703286014895
0.023613377569827593
0.023609929479517247
0.02360635505906588
0.023602650193102315
0.023598810601050638
0.0235948318310108
0.02359070925343672
0.023586438054508625
0.02358201322927747
0.023577429573651904
0.023572681679801134
0.023567763924751534
0.02356267046449797
0.02355739522516568
0.023551931894333994
0.023546273912003833
0.023540414461202346
0.023534346458267824
0.023528062542705272
0.023521555066688585
0.023514816084144016
0.023507837339425817
0.023500610255566552
0.023493125921003742
0.02348537508041575
0.023477348117063628
0.023469035041805624
0.02346042547838122
0.023451508648777125
0.023442273358012463
0.023432707978426486
0.02342280043335487
0.023412538180264522
0.023401908193264938
0.023390896945009686
0.023379490387969055
0.023367673935066325
0.023355432439658954
0.0233427501747859
0.02332961081183845
0.023315997398419205
0.023301892335505853
0.023287277353972114
0.023272133490227158
0.023256441061222374
0.023240179638624296
0.023223328022253534
0.023205864212728997
0.023187765383345382
0.023169007851168225
0.02314956704731327
0.023129417486522197
0.023108532735827417
0.02308688538262018
0.02306444700186699
0.023041188122557933
0.023017078193521587
0.022992085548550593
0.022966177370743048
0.022939319656396954
0.022911477178223706
0.022882613448071486
0.022852690679115037
0.02282166974783933
0.022789510155404955
0.02275616998914962
0.022721605883541076
0.022685772981536786
0.022648624895703136
0.0226101136697277
0.022570189740381066
0.022528801899872008
0.022485897259126395
0.022441421211806745
0.022395317399820633
0.02234752767992166
0.02229799209220812
0.02224664883061186
0.022193434215444938
0.02213828266899898
0.022081126693832616
0.022021896854545076
0.02196052176361281
0.021896928071225112
0.021831040460272236
0.021762781646340254
0.0216920723841256
0.021618831479845012
0.0215429758112725
0.021464420355291447
0.021383078224542596
0.021298860712839388
0.021211677351224437
0.02112143597486821
0.021028042801801095
0.02093140252456326
0.020831418415690004
0.020727992447150533
0.02062102542823579
0.020510417155607724
0.02039606658540238
0.020277872022075344
0.02015573132798316
0.02002954215348687
0.01989920218934576
0.019764609443106852
0.019625662534544824
0.01948226102791677
0.019334305774621016
0.01918169929375291
0.019024346175870274
0.018862153513693216
0.01869503136846867
0.01852289324548778
0.01834565662762927
0.018163243510414602
0.017975580980213745
0.017782601814374594
0.017584245110093294
0.017380456937251744
0.01717119101549241
0.01695640941263605
0.01673608326379144
0.016510193505999603
0.016278731626711767
0.016041700422864926
0.01579911476598434
0.015551002368468266
0.015297404547085329
0.015038376977839859
0.01477399043633189
0.014504331518373404
0.014229503333042286
0.013949626162192993
0.01366483807956021
0.013375295521856359
0.01308117380402634
0.01278266757187296
0.012479991184031126
0.012173379017131078
0.011863085684947016
0.011549386166429174
0.011232575836340833
0.010912970391633938
0.010590905668681339
0.010266737348246121
0.009940840543432816
0.00961360926811953
0.00928545578622746
0.008956809838729278
0.008628117753133371
0.008299841433603766
0.007972457239387321
0.007646454753461429
0.007322335448803566
0.007000611260582856
0.006681803070825947
0.006366439118160277
0.006055053341273205
0.005748183668406224
0.005446370266613732
0.005150153761677184
0.0048600734447336695
0.0045766654768931376
0.00430046110763253
0.004031984919601746
0.0037717531132243566
0.0035202718444769096
0.0032780356270784524
0.0030455258120380335
0.002823209152364361
0.0026115364648284585
0.0024109413951189282
0.002221839293622692
0.002044626207486877
0.0018796779926759117
0.001727349549173404
0.0015879741801739268
0.0014618630757494938
0.001349304919684818
0.0012505656170301862
0.0011658881389923414
0.001095492480743853
0.00103957572678451
0.000998312217630624
0.0009718538116240584
0.0009603302337295176
0.0009638495047776258
0.0009824984425730193
0.001016343226877197
0.0010654300211741484
0.0011297856421419923
0.001209418270306567
0.0013043181941120295
0.0014144585805425111
0.0015397962665441337
0.0016802725640833241
0.0018358140752535396
0.0020063335117384675
0.002191730514047831
0.002391892468225025
0.0026066953149181107
0.0028360043508806176
0.003079675016767791
0.003337553672845105
0.003609478357956572
0.003895279531450653
0.004194780796790919
0.004507799603777749
0.00483414793041233
0.0051736329400399175
0.005526057615668309
0.005891221368489857
0.006268920618745249
0.006658949350046197
0.007061099635038926
0.007475162130403962
0.007900926542985284
0.00833818206516333
0.008786717778791545
0.00924632302954234
0.009716787769047995
0.01019790286867396
0.010689460401506522
0.011191253898086213
0.011703078572243746
0.012224731520831571
0.012756011899637851
0.013296721073250776
0.013846662743620923
0.014405643058517686
0.014973470700127153
0.015549956954462556
0.01613491576875844
0.016728163790823033
0.017329520397272452
0.017938807710839114
0.018555850605884935
0.019180476707389416
0.01981251638170347
0.020451802720128826
0.021098171518767684
0.021751461253170665
0.022411513049295995
0.02307817065274315
0.023751280395050044
0.024430691157925122
0.02511625433755723
0.025807823808814145
0.02650525588710707
0.027208409291346155
0.027917145107800263
0.028631326753620713
0.02935081994056509
0.030075492640650823
0.030805215050812473
0.03153985955969122
0.03227930071621579
0.03302341519481003
0.03377208176715937
0.03452518126937947
0.035282596574707024
0.03604421256209604
0.03680991609101645
0.03757959597067879
0.038353142935512
0.03913044961688639
0.03991141051845427
0.04069592199009181
0.04148388220335586
0.042275191124588794
0.04306975049387334
0.043867463797655756
0.0446682362464813
0.0454719747520976
0.04627858790155719
0.04708798593607475
0.04790008072836981
0.04871478575629976
0.049532016084847544
0.050351688338969545
0.05117372068444944
0.051998032803667216
0.05282454587459353
0.053653182546856665
0.05448386692174609
0.05531652452823497
0.056151082303359474
0.05698746856903897
0.05782561301030044
0.05866544665583058
0.05950690185371079
0.060349912252504426
0.061194412781199664
0.0620403396260393
0.06288763020963281
0.06373622317274719
0.06458605835391261
0.06543707676588784
0.06628922058053774
0.06714243310481727
0.06799665876481613
0.0688518430839416
0.06970793266476417
0.07056487517004773
0.07142261930493655
0.07228111479657538
0.07314031237718925
0.07400016376689622
0.0748606216529818
0.07572163967770716
0.07658317241557414
0.07744517535880487
0.07830760489970814
0.07917041831593813
0.08003357375314032
0.08089703020743107
0.08176074751298444
0.08262468632251119
0.08348880809490743
0.08435307508022274
0.0852174503016853
0.08608189754546934
0.08694638134369549
0.08781086696095348
0.0886753203792981
0.08953970828794448
0.09040399806608138
0.0912681577739951
0.0921321561342106
0.09299596252496255
0.09385954696426792
0.09472288009820247
0.09558593319139401
0.09644867810963782
0.09731108731480795
0.09817313384967455
0.09903479132766112
0.09989603392358279
0.10075683635821188
0.10161717389359076
0.10247702231917191
0.10333635794302548
0.10419515758111882
0.10505339854832459
0.10591105864843638
0.10676811616487696
0.10762454985154853
0.10848033892583955
0.10933546305369404
0.11018990235006602
0.11104363736163678
0.11189664906411421
0.11274891885234388
0.11360042853192671
0.11445116031257675
0.1153010967989005
0.11615022098311385
0.11699851623994798
0.1178459663146179
0.11869255532352507
0.11953826773698537
0.1203830883820116
0.12122700242955808
0.12206999538921476
0.12291205310700856
0.12375316175199015
0.1245933078140281
0.12543247809980979
0.12627065972232235
0.12710784009768133
0.12794400693838445
0.1287791482505951
0.1296132523219909
0.13044630772487648
0.13127830330490198
0.1321092281768771
0.1329390717228186
0.13376782358147643
0.13459547364884353
0.13542201207141766
0.1362474292401833
0.13707171578666033
0.1378948625808661
0.13871686072186315
0.13953770153931327
0.14035737658395817
0.14117587762767703
0.1419931966556209
0.14280932586559847
0.14362425766171505
0.1444379846507279
0.14525049964131984
0.14606179563589836
0.14687186591064025
0.1476807035792016
0.14848830253104114
0.1492946563592217
0.15009975901652856
0.15090360460560284
0.15170618740450473
0.15250750185391854
0.15330754256253445
0.15410630430338876
0.15490378200377394
0.15569997075252737
0.15649486578857658
0.15728846250098436
0.15808075642933622
0.1588717432561498
0.15966141880556767
0.16044977904332539
0.16123682007075923
0.1620225381246486
0.16280692957194343
0.16358999091050913
0.1643717187672771
0.1651521098893544
0.16593116114890696
0.1667088695384757
0.16748523216901035
0.16826024626466696
0.16903390916555572
0.16980621832001613
0.1705771712906679
0.17134676574344052
0.17211499945057096
0.1728818702880405
0.17364737623286158
0.17441151536237376
0.17517428585024503
0.1759356859663222
0.17669571407627543
0.17745436863437272
0.1782116481872605
0.17896755137180842
0.1797220769098456
0.18047522360992682
0.1812269903633827
0.1819773761452718
0.18272638001077687
0.1834740010937682
0.18422023860516037
0.18496509183523735
0.18570856014575554
0.1864506429714187
0.18719133982258146
0.18793065027775893
0.188668573984459
0.18940511065867646
0.19014026008352303
0.19087402210611992
0.1916063966392219
0.1923373836576537
0.1930669831952837
0.19379519535318512
0.19452202028498317
0.19524745820454442
0.1959715093845647
0.19669417415178395
0.19741545288774234
0.19813534602871574
0.19885385406299674
0.19957097752913083
0.20028671701978065
0.20100107317371438
0.20171404668068546
0.20242563827802745
0.20313584874548515
0.20384467891581395
0.2045521296612177
0.20525820189974733
0.20596289659352313
0.2066662147439009
0.20736815739738393
0.20806872563897816
0.20876792059180893
0.20946574342202484
0.21016219533001154
0.21085727755544315
0.21155099137545297
0.21224333809910667
0.212934319075631
0.21362393568440233
0.21431218934061205
0.21499908149288843
0.21568461362072885
0.21636878723359482
0.21705160387611142
0.2177330651191999
0.2184131725658843
0.21909192784800943
0.21976933262289208
0.22044538857855572
0.22112009742891375
0.22179346091508134
0.2224654808038341
0.22313615888613308
0.22380549697845142
0.2244734969239713
0.22514016058508443
0.22580548984962373
0.22646948662982988
0.22713215285605287
0.22779349048443265
0.22845350148923108
0.22911218786750148
0.22976955163278262
0.23042559482390057
0.23108031949448127
0.23173372771819878
0.23238582158610877
0.2330366032095199
0.23368607471600095
0.23433423824772945
0.2349810959679114
0.23562665005199251
0.23627090269378792
0.2369138561005155
0.2375555124959312
0.23819587411793877
0.2388349432175704
0.2394727220622477
0.24010921292955048
0.2407444181122473
0.2413783399166255
0.24201098065934948
0.24264234266807916
0.24327242828761095
0.24390123986930923
0.2445287797765936
0.24515505038368843
0.2457800540771676
0.24640379325092368
0.24702627031044608
0.2476474876705002
0.24826744775438148
0.2488861529968865
0.2495036058373608
0.2501198087274455
0.25073476412370105
0.25134847449289566
0.25196094230851507
0.25257217005220906
0.2531821602106055
0.2537909152802336
0.2543984377609864
0.2550047301626718
0.2556097949976457
0.25621363478695086
0.2568162520560106
0.25741764933574574
0.2580178291622291
0.2586167940777221
0.25921454662696114
0.2598110893606315
0.2604064248362791
0.26100055561097874
0.26159348424794593
0.26218521331501154
0.26277574538327403
0.26336508302592093
0.2639532288195499
0.2645401853463788
0.2651259551899516
0.265710540933649
0.2662939451689769
0.2668761704845277
0.26745721947366696
0.2680370947321936
0.26861579885611403
0.26919333444542687
0.2697697041000135
0.27034491042053627
0.27091895601054117
0.2714918434739974
0.2720635754151263
0.27263415444097
0.27320358315782783
0.2737718641713712
0.27433900009111534
0.27490499352279696
0.2754698470764738
0.27603356335900836
0.27659614497745016
0.2771575945417222
0.2777179146567078
0.2782771079313584
0.27883517697043947
0.2793921243811979
0.2799479527672401
0.2805026647338046
0.28105626288317764
0.2816087498163214
0.2821601281373603
0.2827104004428816
0.28325956933177276
0.28380763740023124
0.2843546072434393
0.284900481455669
0.2854452626277249
0.2859889533492177
0.2865315562082635
0.2870730737897427
0.28761350867811064
0.2881528634549703
0.288691140699002
0.28922834298726885
0.2897644728929137
0.2902995329895209
0.29083352584574307
0.29136645402701483
0.29189832009835875
0.29242912662017506
0.29295887615199767
0.29348757124672525
0.2940152144584035
0.29454180833517835
0.295067355423472
0.29559185826671747
0.29611531940244534
0.2966377413690702
0.2971591266984989
0.2976794779194244
0.2981987975594713
0.2987170881402742
0.29923435217985456
0.2997505921942216
0.30026581069480096
0.30078001018824146
0.30129319317995634
0.3018053621688589
0.30231651965098655
0.3028266681197952
0.30333581006206595
0.303843947962871
0.3043510843018899
0.3048572215553258
0.30536236219482155
0.30586650868847703
0.3063696634988555
0.3068718290860352
0.30737300790416316
0.3078732024038607
0.30837241503182466
0.30887064822885096
0.30936790443299017
0.3098641860754668
0.3103594955865412
0.3108538353884312
0.3113472079009169
0.3118396155385261
0.31233106071051286
0.3128215458231924
0.31331107327632407
0.3137996454657886
0.3142872647814462
0.314773933612203
0.3152596543375213
0.31574442933500024
0.3162282609754179
0.3167111516268831
0.3171931036504422
0.3176741194046911
0.3181542012399902
0.3186333515055622
0.319111572541858
0.31958886668813896
0.32006523627498706
0.3205406836303975
0.32101521107697345
0.3214888209312048
0.32196151550588015
0.32243329710771373
0.3229041680388903
0.3233741305958058
0.3238431870707256
0.3243113397496203
0.32477859091405475
0.32524494284111427
0.3257103977996568
0.32617495805755836
0.32663862587560377
0.3271014035069309
0.3275632932041683
0.32802429721024784
0.3284844177664303
0.32894365710669754
0.3294020174599431
0.3298595010500766
0.3303161100960015
0.33077184681136224
0.3312267134030095
0.33168071207525057
0.3321338450244191
0.3325861144432815
0.3330375225183679
0.3334880714312012
0.3339377633565743
0.33438660046876384
0.33483458492965534
0.33528171890104225
0.3357280045378194
0.3361734439889622
0.33661803939961876
0.3370617929074194
0.3375047066459716
0.3379467827442586
0.33838802332313017
0.33882843050193234
0.33926800639142113
0.33970675309903126
0.34014467272579535
0.34058176736681367
0.3410180391137803
0.3414534900515053
0.34188812225929516
0.3423219378118256
0.3427549387790356
0.3431871272238877
0.34361850520610987
0.3440490747757057
0.3444788379836754
0.3449077968706318
0.3453359534745724
0.3457633098264936
0.346189867953375
0.34661562987638994
0.34704059760879685
0.3474647731637266
0.34788815854531385
0.34831075575436893
0.3487325667829088
0.3491535936216046
0.3495738382539201
0.3499933026586379
0.3504119888086095
0.3508298986714066
0.35124703421059217
0.35166339738277325
0.35207899014011523
0.3524938144292038
0.35290787219204206
0.3533211653640959
0.3537336958775338
0.3541454656574229
0.3545564766242284
0.35496673069267654
0.3553762297739687
0.3557849757722556
0.35619297058773564
0.35660021611480736
0.3570067142410825
0.3574124668522951
0.35781747582686035
0.3582217430395133
0.3586252703567029
0.359028059642871
0.35943011275651393
0.35983143154934183
0.3602320178715425
0.36063187356362797
0.3610310004652883
0.36142940040635185
0.361827075217075
0.3622240267193582
0.3626202567281825
0.3630157670596234
0.3634105595174759
0.36380463590388984
0.36419799801822655
0.36459064765141647
0.3649825865915369
0.3653738166168008
0.3657643395080995
0.3661541570360338
0.36654327096723605
0.36693168306462837
0.3673193950845659
0.3677064087791935
0.3680927258942572
0.36847834817450614
0.3688632773546302
0.3692475151691918
0.36963106334415635
0.37001392360208973
0.37039609766178094
0.3707775872350203
0.37115839402894824
0.3715385197474602
0.37191796608991473
0.37229673474674607
0.3726748274082137
0.37305224575797113
0.3734289914744969
0.37380506623216886
0.37418047169986396
0.3745552095427606
0.37492928141970194
0.3753026889857833
0.37567543389291996
0.37604751778464146
0.37641894230212536
0.3767897090827648
0.3771598197553105
0.37752927594851887
0.37789807928471647
0.37826623137961296
0.3786337338484918
0.3790005882956859
0.37936679632789266
0.3797323595436764
0.38009727953455713
0.3804615578922971
0.3808251962026557
0.3811881960446185
0.38155055899542134
0.3819122866239463
0.3822733804988845
0.38263384218309054
0.38299367323279365
0.3833528752033455
0.3837114496397739
0.38406939809062995
0.3844267220931167
0.38478342318364933
0.3851395028939336
0.38549496274830203
0.38584980426874094
0.3862040289754409
0.38655763838102136
0.3869106339925636
0.3872630173150732
0.38761478984971665
0.3879659530918698
0.388316508532829
0.3886664576595859
0.3890158019556472
0.38936454289821454
0.3897126819624103
0.3900602206176564
0.39040716032964107
0.39075350256021507
0.3910992487657274
0.39144440040002837
0.3917889589103709
0.39213292574240094
0.3924763023360888
0.3928190901271391
0.3931612905474975
0.39350290502531104
0.3938439349839567
0.3941843818424716
0.39452424701636984
0.3948635319162914
0.39520223794990517
0.3955403665201694
0.39587791902544256
0.3962148968608275
0.3965513014182059
0.39688713408132903
0.39722239623468686
0.3975570892573281
0.39789121452338616
0.3982247734030001
0.39855776726405423
0.3988901974661395
0.3992220653717204
0.3995533723321533
0.39988411970095056
0.4002143088225235
0.40054394104129837
0.4008730176954715
0.4012015401210719
0.40152950964775735
0.4018569276037
0.4021837953135401
0.4025101140939255
0.4028358852630934
0.4031611101313034
0.4034857900077058
0.40380992619673023
0.40413351999746994
0.4044565727087567
0.40477908562084647
0.40510106002382873
0.405422497204079
0.40574339844222623
0.4060637650167341
0.4063835982013497
0.4067028992672323
0.40702166948021773
0.40733991010394593
0.4076576223976653
0.4079748076172939
0.4082914670141664
0.40860760183736633
0.4089232133326367
0.40923830273874284
0.4095528712950266
0.4098669202359299
0.41018045079085763
0.4104934641863897
0.4108059616460216
0.41111794439054755
0.41142941363450786
0.411740370591837
0.4120508164706011
0.4123607524767807
0.41267017981288456
0.41297909967677887
0.41328751326423246
0.413595421766467
0.4139028263712981
0.41420972826436286
0.41451612862709286
0.41482202863635576
0.41512742946722975
0.4154323322899875
0.41573673827319035
0.4160406485815474
0.4163440643743192
0.4166469868102843
0.41694941704377153
0.417251356224985
0.4175528055012982
0.41785376601745805
0.4181542389145634
0.4184542253294733
0.4187537263966855
0.41905274324725306
0.4193512770083848
0.41964932880637723
0.4199468997607216
0.4202439909892588
0.420540603608354
0.42083673872795274
0.4211323974574346
0.4214275809011752
0.4217222901611783
0.42201652633701187
0.4223102905236439
0.4226035838136088
0.42289640729650446
0.42318876205734146
0.42348064918117995
0.4237720697453735
0.4240630248284588
0.42435351550450917
0.42464354284312555
0.42493310791139033
0.425222211774122
0.4255108554938357