error as a function of alpha_bar(10^(-5)), w(0, 1, 0.001), sigma(-3), eta=10^(-5)
0.780542393662
0.023573976440418042
0.023573420555369224
0.023572491585535146
0.023571185774930607
0.02356949783730092
0.023567420928137125
0.023564946608311765
0.02356206479928359
0.02355876372957401
0.023555029871896904
0.023550847871658755
0.023546200464570437
0.023541068384789893
0.02353543026196963
0.023529262507030805
0.023522539184977542
0.023515231878092676
0.023507309531016707
0.02349873828527457
0.02348948129711167
0.023479498539402528
0.023468746585586307
0.02345717837816377
0.023444742973216352
0.02343138526786314
0.023417045704111013
0.023401659949419635
0.023385158552406728
0.023367466570602232
0.02334850317497653
0.023328181216948542
0.02330640677034601
0.02328307863739153
0.023258087820274685
0.023231316956082805
0.02320263971183535
0.023171920145479894
0.02313901201623629
0.02310375806019318
0.023065989218998134
0.023025523824894624
0.022982166741341525
0.022935708459583228
0.022885924152064096
0.022832572684642068
0.022775395590490334
0.022714116009749714
0.022648437600500997
0.022578043428699346
0.02250259484626806
0.022421730369286776
0.022335064571462657
0.022242187010676432
0.022142661210718652
0.022036023724720234
0.02192178331135662
0.021799420261249897
0.021668385916429136
0.021528102432937662
0.02137796284495905
0.021217331494831446
0.02104554490477136
0.02086191317255421
0.020665721983418744
0.020456235339243664
0.0202326991141553
0.019994345551823656
0.019740398826420237
0.01947008179043456
0.01918262403232834
0.01887727136123353
0.018553296824537997
0.01821001334698421
0.017846788053696692
0.017463058297970985
0.017058349379373935
0.016632293868462485
0.01618465239144573
0.015715335645817764
0.015224427327355104
0.014712207549621862
0.014179176232439559
0.013626075846706854
0.013053912777043203
0.012463976519216692
0.011857855839848526
0.011237451009009086
0.010604981219573402
0.009962986366275179
0.009314322454035746
0.008662150069094487
0.008009915553515682
0.007361324772584293
0.006720309663857467
0.006090988053194632
0.005477617544876707
0.004884544574404552
0.0043161499731096615
0.0037767925780962486
0.0032707525417425437
0.002802176027972098
0.002375022919605962
0.0019930190246140685
0.0016596140485654113
0.0013779463261883397
0.0011508149929719588
0.0009806599470172557
0.000869549629608489
0.0008191763525293189
0.0008308586420146754
0.0009055498607251801
0.0010438522212206027
0.0012460352177808335
0.0015120574787983833
0.0018415910787774005
0.0022340474285523506
0.0026886039830237816
0.0032042311402561145
0.0037797188411436405
0.004413702498670648
0.005104687977893118
0.005851075400805003
0.006651181627943801
0.007503261202620505
0.008405525662241117
0.009356161053503674
0.010353343553576377
0.011395253125502314
0.012480085183919663
0.01360606030451657
0.014771432052968223
0.01597449307288974
0.017213579594196088
0.01848707455832465
0.019793409569697776
0.021131065874585128
0.022498574570255097
0.023894516224315397
0.02531752005621194
0.026766262824422675
0.028239467519022413
0.029735901950769174
0.03125437729966592
0.03279374666604081
0.03435290365941155
0.035930781040677984
0.037526349427369515
0.03913861606903398
0.04076662368315096
0.04240944935622415
0.04406620349627084
0.04573602883521856
0.04741809947055654
0.04911161994184846
0.05081582433701926
0.052529975422000656
0.05425336379099656
0.05598530703386536
0.057725148919023084
0.05947225858929109
0.06122602977044074
0.06298587999413387
0.06475124982889306
0.06652160212869897
0.06829642128821226
0.0700752125184645
0.07185750112982056
0.07364283183434778
0.07543076806008622
0.07722089128471482
0.07901280038102168
0.08080611098272583
0.08260045486778171
0.08439547935413301
0.08619084671717864
0.08798623362949619
0.08978133060466086
0.09157584147266444
0.09336948286646246
0.09516198372600734
0.09695308481971743
0.09874253828688315
0.10053010718907439
0.10231556508275443
0.10409869561026715
0.10587929209806742
0.10765715718130277
0.10943210242964986
0.11120394799947496
0.11297252229267392
0.1147376616308
0.11649920994275262
0.11825701846430614
0.12001094544608443
0.12176085588231657
0.12350662123899026
0.12524811920221646
0.1269852334296719
0.12871785331894264
0.1304458737777382
0.13216919501043004
0.13388772230697096
0.13560136584514115
0.13731004049804346
0.13901366564886738
0.14071216501538705
0.14240546648093322
0.1440935019291157
0.14577620708854963
0.14745352138332773
0.14912538778777454
0.15079175268739897
0.15245256574863225
0.15410777978649556
0.15575735064300625
0.15740123707214815
0.15903940062269853
0.16067180553171911
0.1622984186178537
0.16391920918058858
0.16553414890511725
0.1671432117685844
0.16874637394808073
0.17034361373682425
0.1719349114623673
0.17352024940330185
0.17509961171676153
0.17667298435925952
0.17824035502191274
0.17980171305573311
0.1813570494139988
0.18290635657897947
0.18444962850838773
0.1859868605753792
0.18751804950930898
0.18904319334357156
0.19056229136286745
0.19207534405233262
0.1935823530514009
0.19508332110202353
0.1965782520070105
0.19806715058665925
0.19955002263728686
0.20102687489012677
0.202497714967596
0.20396255135796187
0.20542139336633644
0.2068742510874251
0.20832113537099956
0.20976205778868093
0.2111970306008597
0.2126260667307251
0.2140491797329753
0.21546638376630428
0.21687769356681377
0.21828312442224646
0.21968269214483768
0.22107641305247197
0.22246430394075756
0.22384638205980456
0.22522266509862934
0.2265931711597397
0.22795791873727192
0.22931692670379508
0.23067021428788057
0.23201780105413147
0.23335970689262658
0.23469595199313528
0.23602655683828264
0.23735154217950521
0.23867092902937548
0.239984738643235
0.2412929925060004
0.24259571231832366
0.24389291998309884
0.2451846375960352
0.24647088743341905
0.24775169193312463
0.24902707369548913
0.2502970554608625
0.251561660108965
0.25282091064256734
0.25407483017999316
0.2553234419448083
0.2565667692600422
0.2578048355378466
0.25903766426737707
0.2602652790131227
0.261487703402939
0.2627049611232843
0.26391707590960006
0.26512407154087886
0.266325971834196
0.26752280063689643
0.2687145818181312
0.2699013392685042
0.27108309688875126
0.27225987859151796
0.27343170828530694
0.2745986098815003
0.27576060727927715
0.27691772436891987
0.27806998502140173
0.2792174130869373
0.28036003239267515
0.2814978667334478
0.282630939872864
0.28375927553671604
0.28488289741175954
0.2860018291425657
0.2871160943218855
0.2882257164977187
0.289330719163362
0.2904311257561055
0.29152695965520736
0.2926182441788625
0.2937050025828096
0.2947872580559818
0.2958650337195592
0.29693835262233964
0.29800723774456533
0.2990717119892157
0.30013179818393104
0.3011875190796512
0.3022388973454278
0.3032859555705637
0.3043287162605171
0.3053672018364427
0.3064014346343302
0.30743143690090147
0.30845723079802656
0.3094788383953612
0.31049628167231536
0.3115095825169123
0.31251876272418266
0.31352384399514643
0.31452484793721
0.31552179605991393
0.3165147097791777
0.3175036104121619
0.31848851917950843
0.31946945720148917
0.320446445503186
0.3214195050054039
0.32238865653378035
0.3233539208090437
0.3243153184539408
0.3252728699883042
0.3262265958311641
0.3271765163002857
0.3281226516091364
0.32906502186962383
0.3300036470909518
0.33093854718014803
0.3318697419397914
0.33279725107053326
0.3337210941685078
0.3346412907264246
0.3355578601348963
0.33647082167964004
0.3373801945430221
0.33828599780489593
0.33918825044047635
0.3400869713223423
0.34098217921886137
0.3418738927965662
0.34276213061753685
0.3436469111404813
0.3445282527246626
0.3454061736210559
0.3462806919840138
0.3471518258614153
0.3480195931996189
0.34888401184738627
0.34974509954533567
0.35060287393729583
0.35145735256420113
0.35230855286757484
0.35315649218691764
0.3540011877626138
0.35484265673419707
0.35568091614171204
0.3565159829274964
0.357347873932899
0.3581766059023027
0.3590021954812577
0.35982465921729806
0.36064401356002806
0.3614602748640091
0.3622734593852289
0.3630835832835238
0.36389066262349296
0.3646947133743242
0.36549575140888385
0.3662937925071568
0.36708885235250416
0.3678809465380483
0.3686700905596063
0.36945629982297296
0.3702395896389003
0.37101997522908325
0.37179747172091615
0.37257209415167736
0.3733438574682944
0.3741127765266171
0.3748788660925664
0.37564214084321984
0.3764026153679408
0.3771603041646975
0.37791522164682556
0.37866738213701817
0.37941679987223476
0.380163489004299
0.3809074635970451
0.3816487376292445
0.38238732499428457
0.3831232395016772
0.3838564948752721
0.38458710475732305
0.3853150827038086
0.38604044219061795
0.38676319661065967
0.38748335927463246
0.3882009434113692
0.38891596216971486
0.3896284286173245
0.39033835574258163
0.3910457564546419
0.39175064358200923
0.3924530298773622
0.3931529280123939
0.3938503505840504
0.394545310108776
0.3952378190296743
0.39592788971190884
0.39661553444605907
0.39730076544612886
0.39798359485135254
0.3986640347277416
0.3993420970674871
0.4000177937884879
0.4006911368015942
0.40136213765971795
0.4020308083293322
0.40269716030517416
0.4033612051692939
0.40402295440839264
0.4046824194392864
0.405339611610837
0.40599454220045783
0.40664722241668483
0.40729766340178736
0.4079458762272847
0.4085918719003511
0.4092356613571411
0.40987725547109927
0.41051666504600626
0.41115390082161346
0.4117889734728261
0.412421893607914
0.41305267177164773
0.4136813184449319
0.41430784404378174
0.4149322589227598
0.4155545733708744
0.41617479761723236
0.4167929418282024
0.417409016107934
0.41802303049960604
0.41863499498640155
0.41924491948894405
0.4198528138706497
0.42045868793337704
0.42106255141992943
0.42166441401561283
0.4222642853453418
0.4228621749778388
0.4234580924228534
0.4240520471336592
0.4246440485066163
0.4252341058809494
0.4258222285395377
0.42640842571148024
0.4269927065680037
0.4275750802263818
0.42815555575016145
0.42873414214706723
0.42931084837209016
0.429885683325891
0.43045865585626153
0.4310297747577135
0.43159904877385996
0.4321664865935271
0.43273209685700115
0.43329588815033426
0.43385786900977547
0.43441804792127875
0.43497643331974656
0.43553303358933726
0.4360878570656658
0.4366409120349512
0.43719220673390247
0.43774174935063564
0.4382895480245487
0.4388356108481844
0.439379945864258
0.4399225610699026
0.4404634644154873
0.44100266380323855
0.44154016708832455
0.44207598208210214
0.44261011654777827
0.4431425782059656
0.443673374727751
0.4442025137439347
0.4447300028386066
0.4452558495500712
0.4457800613737764
0.44630264576425777
0.44682361012865923
0.447342961831242
0.4478607081975035
0.44837685650554115
0.4488914139943142
0.4494043878591045
0.44991578525465903
0.4504256132937263
0.4509338790483673
0.45144058954955746
0.4519457517869535
0.4524493727112711
0.45295145923192376
0.4534520182196399
0.4539510565053374
0.45444858088110446
0.4549445980982204
0.4554391148715084
0.45593213787581655
0.4564236737492576
0.45691372909088007
0.45740231046179197
0.45788942438768043
0.4583750773540589
0.45885927581207725
0.4593420261749988
0.45982333482031806
0.46030320808843084
0.4607816522849175
0.46125867367868445
0.46173427850309073
0.46220847295749495
0.4626812632051885
0.46315265537596884
0.46362265556299276
0.46409126982538906
0.4645585041916999
0.4650243646526912
0.465488857166369
0.4659519876595512
0.46641376202183404
0.46687418611436704
0.4673332657622133
0.46779100675983465
0.468247414868112
0.4687024958167285
0.4691562553041784
0.4696086989945677
0.47005983252270966
0.4705096614929747
0.47095819147545914
0.47140542801423907
0.47185137661720755
0.4722960427661497
0.4727394319104693
0.47318154947054564
0.47362240083685103
0.47406199136825844
0.47450032639790624
0.4749374112262259
0.4753732511263614
0.4758078513425059
0.4762412170893856
0.4766733535535127
0.47710426589458127
0.4775339592410985
0.47796243869731
0.4783897093361966
0.47881577620576576
0.47924064432529967
0.4796643186872819
0.4800868042570709
0.4805081059730765
0.4809282287473509
0.4813471774654522
0.48176495698561583
0.4821815721414506
0.4825970277390387
0.4830113285599757
0.48342447935948935
0.4838364848665686
0.48424734978666206
0.4846570787986175
0.48506567655689287
0.4854731476908937
0.4858794968048795
0.4862847284793321
0.48668884727050504
0.48709185770953206
0.487493764304173
0.48789457153741017
0.48829428386957135
0.48869290573746427
0.4890904415532442
0.48948689570679027
0.4898822725634409
0.49027657646782563
0.4906698117393511
0.49106198267684203
0.4914530935550482
0.49184314862652373
0.49223215212152316
0.4926201082488299
0.49300702119473255
0.4933928951229607
0.49377773417720366
0.4941615424779731
0.4945443241246395
0.4949260831964753
0.4953068237496344
0.4956865498216975
0.4960652654265922
0.4964429745589942
0.4968196811922265
0.4971953892802304
0.4975701027554284
0.4979438255309499
0.4983165614983542
0.4986883145304665
0.4990590884793002
0.49942888717788453
0.4997977144395828
0.5001655740582409
0.5005324698065523
0.5008984054397145
0.5012633846947768
0.501627411287782
0.5019904889146026
0.502352621256719
0.5027138119731154
0.5030740647059203
0.503433383077222
0.5037917706928717
0.5041492311393475
0.5045057679850192
0.5048613847798028
0.5052160850561372
0.5055698723298592
0.5059227500976803
0.5062747218382047
0.5066257910144593
0.5069759610705842
0.5073252354337603
0.507673617514771
0.5080211107068283
0.5083677183866478
0.5087134439116203
0.5090582906266014
0.5094022618569756
0.5097453609116477
0.5100875910856452
0.5104289556532025
0.5107694578758362
0.5111091009988921
0.511447888249176
0.5117858228402158
0.5121229079684448
0.5124591468141516
0.5127945425428325
0.5131290983045966
0.5134628172331567
0.5137957024469161
0.5141277570492694
0.5144589841293896
0.5147893867600966
0.5151189679988197
0.5154477308898371
0.5157756784615211
0.5161028137266791
0.5164291396849999
0.516754659321756
0.5170793756045654
0.5174032914918714
0.5177264099224977
0.5180487338247213
0.5183702661115548
0.5186910096817119
0.5190109674197599
0.5193301421972732
0.5196485368710798
0.519966154283956
0.520282997266522
0.5205990686351797
0.5209143711919502
0.5212289077268879
0.5215426810153414
0.5218556938211137
0.5221679488932076
0.5224794489667686
0.5227901967675996
0.5231001950049364
0.5234094463763147
0.5237179535665873
0.5240257192493214
0.524332746081696
0.5246390367126941
0.5249445937756266
0.5252494198930127
0.5255535176739793
0.5258568897168471
0.5261595386046999
0.526461466913105
0.5267626772010714
0.527063172018641
0.5273629539020444
0.5276620253768219
0.5279603889565038
0.5282580471421122
0.528555002425126
0.528851257280988
0.5291468141789396
0.5294416755743819
0.5297358439091039
0.5300293216178332
0.5303221111212479
0.5306142148294999
0.5309056351420307
0.5311963744454938
0.531486435118411
0.5317758195252695
0.5320645300217249
0.5323525689528531
0.5326399386516082
0.5329266414402002
0.5332126796317052
0.5334980555262845
0.5337827714164187
0.5340668295822841
0.534350232293643
0.5346329818101079
0.5349150803823663
0.5351965302486753
0.535477333638318
0.5357574927705396
0.536037009853943
0.5363158870883616
0.5365941266608257
0.5368717307522186
0.5371487015312191
0.5374250411571043
0.5377007517795905
0.537975835539444
0.5382502945657016
0.5385241309803056
0.5387973468948577
0.5390699444094889
0.5393419256183358
0.5396132926039802
0.5398840474405958
0.5401541921916204
0.5404237289136672
0.5406926596521523
0.5409609864442941
0.5412287113185914
0.5414958362932587
0.5417623633786413
0.5420282945759607
0.5422936318779693
0.5425583772666082
0.5428225327182357
0.543086100197918
0.5433490816636792
0.5436114790637506
0.5438732943383338
0.544134529419014
0.5443951862293656
0.5446552666834432
0.5449147726879168
0.5451737061408031
0.5454320689314504
0.5456898629413817
0.5459470900440865
0.5462037521042852
0.5464598509787901
0.5467153885177751
0.5469703665597838
0.5472247869392849
0.5474786514810084
0.5477319620007349
0.5479847203085547
0.5482369282061756
0.5484885874863418
0.5487396999356272
0.5489902673310415
0.5492402914429797
0.5494897740351835
0.5497387168626034
0.5499871216727709
0.5502349902056524
0.5504823241938498
0.5507291253633638
0.5509753954326772
0.5512211361108377
0.5514663491016397
0.5517110361022999
0.5519551987997506
0.5521988388776099
0.5524419580091571
0.5526845578619617
0.5529266400970817
0.5531682063668825
0.553409258317352
0.5536497975892226
0.5538898258144529
0.5541293446180156
0.5543683556186958
0.5546068604291323
0.5548448606537685
0.5550823578909353
0.5553193537323401
0.5555558497631718
0.5557918475615509
0.5560273486989534
0.5562623547411497
0.5564968672460505
0.5567308877665913
0.5569644178470136
0.5571974590281406
0.5574300128420632
0.557662080814471
0.5578936644667463
0.5581247653114089
0.5583553848572158
0.5585855246049953
0.5588151860484326
0.5590443706782205
0.5592730799765185
0.5595013154198458
0.559729078478706
0.5599563706184111
0.5601831932952281
0.5604095479638864
0.5606354360697038
0.5608608590538969
0.5610858183507202
0.5613103153890486
0.5615343515922058
0.5617579283769171
0.5619810471547204
0.5622037093315461
0.5624259163064393
0.5626476694742232
0.5628689702235349
0.5630898199372114
0.563310219992373
0.563530171760956
0.56374967660928
0.5639687358974499
0.5641873509810389
0.5644055232094276
0.5646232539272739
0.5648405444729298
0.5650573961812717
0.5652738103780387
0.5654897883863234
0.5657053315262186
0.5659204411064048
0.5661351184363916
0.5663493648167115
0.5665631815433987
0.5667765699090168
0.5669895311987836
0.5672020666939624
0.5674141776710406
0.5676258653993852
0.567837131146177
0.5680479761716926
0.5682584017317552
0.5684684090772337
0.5686779994537553
0.5688871741023541
0.5690959342590098
0.5693042811555414
0.5695122160164896
0.5697197400649566
0.5699268545165698
0.5701335605839396
0.5703398594737529
0.5705457523885684
0.5707512405256875
0.5709563250785208
0.5711610072352824
0.571365288178915
0.5715691690891348
0.5717726511401248
0.5719757355024041
0.5721784233395467
0.5723807158142468
0.5725826140817534
0.5727841192928338
0.572985232596486
0.5731859551350208
0.5733862880464142
0.5735862324650617
0.5737857895203474
0.5739849603378931
0.574183746037741
0.5743821477372902
0.5745801665486895
0.5747778035793895
0.5749750599337456
0.5751719367108352
0.5753684350065199
0.5755645559111165
0.5757603005122439
0.5759556698920117
0.5761506651295524
0.576345287299068
0.5765395374708863
0.5767334167116204
0.5769269260834305
0.5771200666435597
0.5773128394476081
0.5775052455454961
0.577697285982336
0.5778889618015287
0.578080274040882
0.578271223734849
0.5784618119139291
0.5786520396043777
0.5788419078291559
0.5790314176063567
0.5792205699520058
0.579409365876698
0.5795978063882268
0.5797858924889017
0.5799736251800576
0.5801610054570436
0.5803480343128959
0.5805347127349773
0.5807210417084555
0.5809070222152707
0.5810926552328982
0.5812779417349644
0.5814628826912291
0.5816474790693854
0.5818317318321737
0.5820156419391458
0.5821992103459426
0.5823824380048054
0.582565325865898
0.5827478748723895
0.5829300859687347
0.5831119600907461
0.583293498175382
0.583474701153074
0.5836555699519865
0.583836105497271
0.5840163087092782
0.5841961805061974
0.5843757218025116
0.584554933509891
0.5847338165353023
0.5849123717836007
0.5850906001559208
0.5852685025492582
0.5854460798595009
0.5856233329773122
0.585800262790434
0.5859768701844225
0.5861531560400989
0.5863291212364551
0.5865047666483585
0.5866800931476722
0.5868551016033771
0.587029792881625
0.5872041678444715
0.5873782273514548
0.5875519722590375
0.5877254034202145
0.5878985216858675
0.5880713279014339
0.5882438229133561
0.588416007560593
0.5885878826823638
0.5887594491131443
0.5889307076852593
0.5891016592268646
0.5892723045651792
0.5894426445228725
0.5896126799197526