0.1	1
0.24934772366636654	0.002005460831693022
0.12222930075289766	0.007019112910925578
0.07988843985348218	0.0171578315600403
0.0587415038083663	0.032885843823410574
0.04607176999642469	0.05261735011745691
0.037640336470012664	0.0730796529409124
0.03163053590310129	0.09047957030779628
0.027134038927428453	0.10178951659627083
0.023646221878674892	0.10555949869242899
0.0208643138860116	0.1020408487360147
0.0185956455466113	0.09276440794183152
0.01671177326240633	0.07988046239435494
0.015123776960122967	0.06554294350306046
0.013768144503246075	0.05149802703811893
0.012598302339808755	0.038909620428800966
0.01157932215789165	0.028371598229334036
0.010684495780976404	0.020027010514824025
0.009893051765441075	0.013722210908305351
0.00918859307309338	0.009148140605536901
0.00855800344247513	0.005946291393598984
0.007990666226008558	0.003775423107046974
0.007477896272028207	0.0023453385968019084
0.007012520011943727	0.0014275974067489879
0.006588560526029806	0.0008525928956973122
0.006200998193820686	0.0005001878321424231
0.00584558657940108	0.00028856990315909023
0.005518709231428666	0.000163879204263187
0.005217267169198732	0.00009169431667106894
0.004938589647769369	0.0000505899678185208
0.0046803627703604425	0.00002754342692341687
0.0044405719179913304	0.00001480829404484778
0.004217454973831055	7.866906211325383e-6
0.004009464052468353	4.132112353423434e-6
0.003815233983083865	2.1470779875631567e-6
0.0036335561957394472	1.1042115364610522e-6
0.0034633569601740725	5.62329949123684e-7
0.003303679153654955	2.8369799235068736e-7
0.0031536669077907417	1.4184899617534366e-7
0.003012552617566153	7.031830579632422e-8
0.0028796458992056476	3.457316701652607e-8
0.002754324164135703	1.686495952025662e-8
0.0026360245396925457	8.164781989965504e-9
0.002524236917334515	3.924158785874894e-9
0.002418497948980204	1.872893965985745e-9
0.0023183858439831924	8.878904727636123e-10
0.002223515844904536	4.182092806495276e-10
0.002133536280982726	1.957575356231831e-10
0.0020481251150509675	9.108163115800883e-11
0.0019669869134067925	4.213299944724218e-11
0.001889850179418238	1.9381179745731405e-11
0.0018164650009396765	8.867206419615676e-12
0.0017466009692914117	4.035715742260978e-12
0.001680045333934029	1.827493921023839e-12
0.001616601362282363	8.235003471280262e-13
0.001556086878548447	3.6932742840893286e-13
0.0014983329592328774	1.64878316253988e-13
0.001443182766025245	7.327925166843911e-14
0.0013904904995279837	3.2428174588906957e-14
0.0013401204594669519	1.429038202223018e-14
0.0012919461989636316	6.2718898875343555e-15
0.0012458497620734027	2.7418097869002653e-15
0.0012017209951873426	1.1940139394565669e-15
0.0011594569240890047	5.18037793838299e-16
0.0011189611894837426	2.2394342129468135e-16
0.0010801435347021382	9.646793532693965e-17
0.0010429193400425976	4.141300253934277e-17
0.0010072091988790654	1.771899611136059e-17
0.0009729385312332643	7.556630694550838e-18
0.0009400372310095153	3.2124806817414195e-18
0.0009084393435247055	1.3614799079761254e-18
0.0008780827703454468	5.752732005532925e-19
0.0008489089987764618	2.423604687516186e-19
0.0008208628536353351	1.0181353025182152e-19
0.0007938922692044512	4.2651614024411714e-20
0.0007679480794759195	1.7818896525754224e-20
0.0007429838250036589	7.424540219064261e-21
0.0007189555748519842	3.0855232079228096e-21
0.0006958217622849909	1.27904167166031e-21
0.0006735430329783275	5.288864296316893e-22
0.0006520821046568188	2.1816565222307174e-22
0.000631403637169716	8.978010379550279e-23
0.000611474112111761	3.686093692416984e-23
0.0005922617211842578	1.5099660908696075e-23
0.0005737362625670604	6.171686799982919e-24
0.000555869044641065	2.5170801066597005e-24
0.0005386327964622015	1.0243930666638314e-24
0.0005220015844430461	4.160370309056173e-25
0.0005059507347476084	1.6862106934432227e-25
0.0004904567609493246	6.820627524040001e-26
0.00047549729654227876	2.753512593038371e-26
0.0004610510319317452	1.1094739385868892e-26
0.00044709765556264945	4.462014753012491e-27
0.000433617798873954	1.7912030549727556e-27
0.0004205929847935054	7.177515787656788e-28
0.00040800557951195147	2.871006315062715e-28
0.00039583874729612453	1.1464087716396265e-28
0.00038407640812205065	4.5698768903847654e-29
0.00037270319792571206	1.8186244767857736e-29
0.0003617044312860014	7.225511389249876e-30
0.0003510660663691671	2.8661195177357846e-30
0.00034077467197757635	1.1350968387072415e-30
0.00033081739655795993	4.488454819724713e-31
0.00032118193903555485	1.7721407378848375e-31
0.00031185652135085333	6.986324062815218e-32
0.0003028298625850612	2.750172012028848e-32
0.0002940911545689731	1.0810424575585097e-32
0.0002856300388778578	4.243344225930597e-33
0.00027743658512215666	1.663286162633289e-33
0.00026950127045044286	6.510722593793913e-34
0.00026181496018715236	2.545100650301257e-34
0.0002543688895332076	9.935828364539442e-35
0.00024715464626277883	3.873790225460323e-35
0.00024016415435417456	1.508378494869506e-35
0.00023338965849720115	5.865916368936968e-36
0.00022682370942334913	2.2783559230074025e-36
0.0002204591500088734	8.838449701321815e-37
0.0002142891021042495	3.4245844996574544e-37
0.00020830695404665196	1.325333549302461e-37
0.0002025063488150133	5.123138089740606e-38
0.00019688117278993323	1.9781005402054004e-38
0.00019142554508319741	7.629037896108981e-39
0.00018613380740398593	2.93905558292723e-39
0.00018100051443099822	1.1310186796088527e-39
0.0001760204246617085	4.347733096345858e-40
0.00017118849171181123	1.6695295089968097e-40
0.00016649985603963682	6.404279862553899e-41
0.00016194983707190207	2.454133490637452e-41
0.00015753392570865156	9.394729768846501e-42
0.00015324777718661025	3.592816552427085e-42
0.00014908720428146515	1.3726401700298352e-42
0.0001450481708307732	5.2390846184344855e-43
0.00014112678556031563	1.9977317610697145e-43
0.00013731929619775185	7.610406708837009e-44
0.000133622083858391	2.8964980757513984e-44
0.00013003165768880762	1.1013844534955932e-44
0.0001265446497548683	4.184181134603358e-45
0.00012315781016152154	1.5881563430611286e-45
0.00011986800239244107	6.022718499048242e-46
0.00011667219885830487	2.2819892634283502e-46
0.00011356747664312902	8.63895935440733e-47
0.00011055101343868413	3.267691481572512e-47
0.00010762008365758528	1.2349726021905504e-47
0.00010477205471617398	4.6635329033769015e-48
0.00010200438347880804	1.7596200538204525e-48
0.00009931461285564052	6.633969858081705e-49
0.00009670036854640606	2.4990982342088613e-49
0.00009415935592313831	9.40703643715807e-50
0.00009168935704513248	3.5382321734355793e-50
0.00008928822779982549	1.3298053806200836e-50
0.00008695389516360552	4.994157984995424e-51
0.00008468435457688352	1.8741873232874656e-51
0.00008247766742805921	7.028202462327998e-52
0.00008033195864129521	2.6336619248810796e-52
0.00007824541436328338	9.861980800961621e-53
0.00007621627974443216	3.690289590037251e-53
0.00007424285681014472	1.3799159791805964e-53
0.0000723235024180789	5.1563739349423563e-54
0.0000704566262974875	1.9254814060860695e-54
0.0000686406891669401	7.185234597134598e-55
0.00006687420092690921	2.679493735181442e-55
0.00006515571892388452	9.98569093856438e-56
0.00006348384628284032	3.7189507404941424e-56
0.0000618572303050457	1.3841493553577379e-56
0.00006027456092834711	5.148360407123292e-57
0.000058734569247200454	1.9137339695165368e-57
0.00005723602608985934	7.109252698003198e-58
0.000055777740650251556	2.6393632771029838e-58
0.00005435855917219638	9.792875651155908e-59
0.0000529773636837261	3.631283278929607e-59
0.00005163307077938392	1.34571086219156e-59
0.000050324630448468524	4.984114304413186e-60
0.000049051024947292796	1.8448950235327875e-60
0.00004781126771361535	6.825045173762913e-61
0.000046604402321488085	2.5234362424065944e-61
0.000045429501474844846	9.32469773384532e-62
0.00004428566603823394	3.4437804130678766e-62
0.00004317202410316993	1.271150585614508e-62
0.000042087730088651006	4.689450662285731e-63
0.0000410319638744519	1.729071193915409e-63
0.00004000392996586757	6.371947547947528e-64
0.000039002856688641254	2.346942006610507e-64
0.000038027995412867	8.639841452906812e-65
0.000037078619804711196	3.1789580573536903e-65
0.00003615402510484805	1.169073343555796e-65
0.0000352535274325535	4.2971344519888714e-66
0.00003437646311444817	1.578696348848958e-66
0.000033522188036922786	5.796995505577277e-67
0.00003269007702132348	2.127620690876768e-67
0.0000318795232210127	7.805028283992374e-68
0.000031089937539459824	2.8618437041305373e-68
0.000030320748068552247	1.0488432423515056e-68
0.000029571399546352267	3.8421167384751393e-69
0.000028841352833556413	1.4067854033794984e-69
0.000028130084407947523	5.1485445175229037e-70
0.000027437085876158064	1.883399191025473e-70
0.000026761863502092018	6.886578674667969e-71
0.000026103937751380556	2.5169221552085982e-71
0.00002546284285127132	9.194816627613899e-72
0.000024838126365377345	3.3575712308539866e-72
0.000024229348782733907	1.2255134992617061e-72
0.000023636083120635316	4.4711935296446985e-73
0.0000230579145407441	1.6305837789628358e-73
0.000022494439977986527	5.9439999824261014e-74
0.000021945267781767352	2.1658692746421902e-74
0.000021410017369055918	7.888694593818707e-75
0.00002088831888891332	2.8720975462932184e-75
0.000020379812898047774	1.0452400087959216e-75
0.00001988415004700156	3.802395544818488e-76
0.000019400990776588587	1.3826892890249047e-76
0.000018930005024216625	5.0259658283603666e-77
0.000018470871939743028	1.826180316781808e-77
0.00001802327961052515	6.632824735481098e-78
0.00001758692479534192	2.408161719298301e-78
0.0000171615126668738	8.739901566923741e-79
0.000016746756562440922	3.170754987070008e-79
0.000016342377742711273	1.1498879968540913e-79
0.000015948105158101167	4.168564781222205e-80
0.000015563675222601048	1.5106266867731846e-80
0.000015188831594770189	5.472285410228582e-81
0.000014823324965652585	1.9816306258251986e-81
0.000014466912853376941	7.173323532398909e-82
0.000014119359404211676	2.5957522091713767e-82
0.000013780435199854298	9.389716511501843e-83
0.000013449917070744056	3.395388559962727e-83
0.000013127587915192383	1.2273700868606005e-83
0.000012813236524135864	4.435186892047893e-84
0.000012506657411321392	1.6021379962463756e-84
0.000012207650648741342	5.785498319778579e-85
0.000011916021707143394	2.0885059436755277e-85
0.000011631581301445206	7.536782318481253e-86
0.000011354145240890886	2.718896940289052e-86
0.000011083534283792368	9.805217413973437e-87
0.000010819573996703432	3.5349281664110244e-87
0.000010562094617880887	1.273984082766366e-87
0.000010310930924891737	4.5899568372008076e-88
0.000010065922106230232	1.653162420178257e-88
9.826911636814429e-6	5.952314761823259e-89
9.59374715723514e-6	2.1424998512445064e-89
9.366280356635945e-6	7.709413690670609e-90
9.144366859106391e-6	2.7732474248384553e-90
8.927866113474927e-6	9.972950628741333e-91
8.716641286392117e-6	3.585316961572297e-91
8.510559158598487e-6	1.2885501288504005e-91
8.309490024274927e-6	4.629626829066329e-92
8.113307593377276e-6	1.6628863712564773e-92
7.921888896859928e-6	5.971068948278678e-93
7.735114194696833e-6	2.143460648100038e-93
7.5528668866110806e-6	7.692257971004167e-94
7.375033425427678e-6	2.759739138191588e-94
7.201503232966672e-6	9.898264375647163e-95
7.032168618396874e-6	3.54917846138743e-95
6.8669246989731145e-6	1.2722584167142764e-95
6.705669323082265e-6	4.5593450506756675e-96
6.548302995526274e-6	1.6334661402026998e-96
6.3947288049724496e-6	5.850584606739081e-97
6.2448523535038325e-6	2.0949358943401682e-97
6.098581688204591e-6	7.499381411645738e-98
5.955827234717642e-6	2.683887146028254e-98
5.81650173271375e-6	9.602582066870715e-99
5.680520173213275e-6	3.4347697393037577e-99
5.547799737703988e-6	1.2282701494317396e-99
5.418259738999775e-6	4.391143918451893e-100
5.291821563787344e-6	1.5694582826406008e-100
5.1684086168093995e-6	5.6080390654960826e-101
5.047946266634715e-6	2.0033749617621224e-101
4.930361792966933e-6	7.154910577721865e-102
4.815584335445686e-6	2.5546871725698543e-102
4.7035448438949175e-6	9.119343514024232e-103
4.594176029975022e-6	3.2544869046331826e-103
4.487412320196502e-6	1.1611687844925795e-103
4.38318981025446e-6	4.1419304735897675e-104
4.281446220644444e-6	1.4770854997728224e-104
4.18212085352143e-6	5.266287740337779e-105
4.085154550764906e-6	1.8771560923588438e-105
3.990489653214308e-6	6.689501710951516e-106
3.898069961040185e-6	2.383336962235141e-106
3.8078406952173297e-6	8.48938316271482e-107
3.7197484600676044e-6	3.023197601110674e-107
3.633741206840757e-6	1.0763594804432266e-107
3.5497681983029413e-6	3.831327198244345e-108
3.467779974303178e-6	1.3634616363858882e-108
3.387728318289346e-6	4.8510869095999085e-109
3.3095662247458662e-6	1.725592752295845e-109
3.2332478675262157e-6	6.136791126122546e-110
3.1587285690543326e-6	2.181970178176905e-110
3.085964770369635e-6	7.756420796549602e-111
3.0149140019912174e-6	2.756637356265015e-111
2.945534855577572e-6	9.794996161728708e-112
2.877786956358801e-6	3.4796526157006255e-112
2.811630936319303e-6	1.2358766186798775e-112
2.747028408109035e-6	4.388565312608958e-113
2.6839419396626873e-6	1.5580408815312617e-113
2.622335029506436e-6	5.530247497585365e-114
2.5621720827326013e-6	1.9625481482360766e-114
2.503418387623196e-6	6.963165181312181e-115
2.4460400929038364e-6	2.4700417028303335e-115
2.390004185610166e-6	8.760192795672114e-116
2.33527846954935e-6	3.1062428593155025e-116
2.2818315443398317e-6	1.101209843101817e-116
2.2296327850129906e-6	3.903177110549772e-117
2.1786523221608486e-6	1.3831856870165306e-117
2.128861022614421e-6	4.900691010290356e-118
2.0802304706378258e-6	1.735998355680412e-118
2.0327329496236746e-6	6.148327509701463e-119
1.986341424275614e-6	2.1771126919598622e-119
1.9410295232645464e-6	7.707642972624784e-120
1.8967715223451382e-6	2.7282210739149608e-120
1.8535423279198914e-6	9.655068086257493e-121
1.8113174610382478e-6	3.4162484706499007e-121
1.7700730418187217e-6	1.2085438138105565e-121
1.7297857742822627e-6	4.274592267497145e-122
1.6904329315854095e-6	1.511634658698243e-122
1.6519923416423435e-6	5.344650763448527e-123
1.6144423731249276e-6	1.88935106605983e-123
1.5777619218304258e-6	6.677706413375482e-124
1.5419303974067269e-6	2.359738025823614e-124
1.5069277104252851e-6	8.337244760007723e-125
1.4727342597922119e-6	2.945127341847591e-125
1.439330920488259e-6	1.0401808166609047e-125
1.4066990316287316e-6	3.673138508833815e-126
1.3748203848345667e-6	1.2968505638665594e-126
1.3436772129060376e-6	4.57790934035711e-127
1.3132521787909887e-6	1.6157327083613328e-127
1.2835283648394463e-6	5.701608219834745e-128
1.2544892623369112e-6	2.0116443360237462e-128
1.226118761308777e-6	7.096291369408919e-129
1.1984011405884894e-6	2.502871369842494e-129
1.1713210581423844e-6	8.82618257454619e-130
1.1448635416442177e-6	3.1119671083506314e-130
1.1190139792926916e-6	1.0970469907215863e-130
1.093758110865444e-6	3.8667315886460743e-131
1.0690820190031105e-6	1.3626734815409354e-131
1.044972120717331e-6	4.8014120670911834e-132
1.0214151591166681e-6	1.691515428825537e-132
9.983981953445996e-7	5.958173749295921e-133
9.759086007239757e-7	2.098364762896876e-133
9.539340491023381e-7	7.388900648776338e-134
9.324625093928363e-7	2.601417684036639e-134
9.114822383054864e-7	9.157399517061127e-135
8.909817732637151e-7	3.2230455162989646e-135
8.709499255012919e-7	1.1342095658530081e-135
8.513757733348548e-7	3.9907373613346576e-136
8.322486556073728e-7	1.4039328715288104e-136
8.135581652980475e-7	4.9382522515984335e-137
7.952941432942318e-7	1.736737989934135e-137
7.774466723211146e-7	6.107026650539105e-138
7.600060710250202e-7	2.1471390529272938e-138
7.429628882062294e-7	7.54789303088426e-139
7.263078971974834e-7	2.65293661448463e-139
7.100320903842666e-7	9.323177245188845e-140
6.941266738631914e-7	3.2759502191071917e-140
6.78583062234864e-7	1.1509256925083049e-140
6.63392873527714e-7	4.0429117810490025e-141
6.485479242493675e-7	1.4199680737582652e-141
6.340402245622359e-7	4.986554550099448e-142
6.198619735800885e-7	1.7508969628158175e-142
6.060055547824575e-7	6.146939850781952e-143
5.92463531543812e-7	2.157724696224205e-143
5.792286427745306e-7	7.573072749979103e-144
5.662937986707573e-7	2.657587566890816e-144
5.536520765703419e-7	9.324868655757249e-145
5.412967169120993e-7	3.271431821218703e-145
5.292211192957364e-7	1.1475545966074787e-145
5.174188386398309e-7	4.024848081507916e-146
5.058835814353538e-7	1.4114535737890773e-146
4.94609202092256e-7	4.949085846163886e-147
4.835896993767364e-7	1.735101849790427e-147
4.728192129368624e-7	6.082286375624055e-148
4.622920199142599e-7	2.1318221443018366e-148
4.5200253163969346e-7	7.47098030750824e-149
4.4194529041035646e-7	2.617863719612052e-149
4.321149663468041e-7	9.171906042726808e-150
4.225063543274829e-7	3.21303589700528e-150
4.1311437099887837e-7	1.1254216644590685e-150
4.0393405185935523e-7	3.941476762638872e-151
3.9496054841480237e-7	1.3802157103212374e-151
3.861891254042696e-7	4.832585510939079e-152
3.776151580938056e-7	1.6918310827538049e-152
3.6923412963676753e-7	5.922152778680865e-153
3.610416284989199e-7	2.0727534725383016e-153
3.5303334594667773e-7	7.25373043757936e-154
3.452050735968868e-7	2.5381726923816074e-154
3.3755270102660044e-7	8.88029088196176e-155
3.3007221344132605e-7	3.1065600915196174e-155
3.227596894002639e-7	1.086623616427641e-155
3.15611298597109e-7	3.800367570407552e-156
3.086232996950043e-7	1.328982974664484e-156
3.017920382143001e-7	4.646873459522722e-157
2.951139444717655e-7	1.6246138573138566e-157
2.8858553156998325e-7	5.679205706336473e-158
2.822033934356612e-7	1.985059113041734e-158
2.7596420290562353e-7	6.937579043028507e-159
2.698647098592954e-7	2.4243278759353217e-159
2.639017393965265e-7	8.470790294088734e-160
2.5807219005959696e-7	2.9594153432512534e-160
2.523730320983251e-7	1.0338024978529206e-160
2.468013057771802e-7	3.610930639016078e-161
2.4135411972337375e-7	1.2611039166412936e-161
2.360286493148892e-7	4.4038549470013426e-162
2.3082213510746658e-7	1.5376793523279712e-162
2.2573188129957233e-7	5.3684565916687273e-163
2.2075525423440339e-7	1.874063204886015e-163
2.1588968093801732e-7	6.5413951402969256e-164
2.1113264769267822e-7	2.283011670252146e-164
2.064816986445619e-7	7.9670530714971995e-165
2.019344344449531e-7	2.779965152205509e-165
1.9748851092411683e-7	9.699141317277205e-166
1.9314163779703262e-7	3.383605671958632e-166
1.8889157740020522e-7	1.180263429175464e-166
1.847361434587811e-7	4.116528545660763e-167
1.8067319988322958e-7	1.435610117302618e-167
1.7670065959485522e-7	5.006051460820618e-168
1.7281648337943435e-7	1.7454513567994405e-168
1.6901867876828115e-7	6.085188707682428e-169
1.653052989460716e-7	2.121262569585682e-169
1.6167444168476773e-7	7.393823860334675e-170
1.5812424830300057e-7	2.5769042390934602e-170
1.5465290265028585e-7	8.980120833204482e-171
1.5125863011547116e-7	3.1291113165819913e-171
1.4793969665881007e-7	1.090222117444043e-171
1.446944078670955e-7	3.7980818026554145e-172
1.4152110803128467e-7	1.3230284952377863e-172
1.38418179246063e-7	4.608184356935394e-173
1.3538404053081824e-7	1.6048943947502992e-173
1.324171469714965e-7	5.5888087158363365e-174
1.2951598888283482e-7	1.9460249440901169e-174
1.266790909904736e-7	6.775387393163092e-175
1.2390501163246292e-7	2.3587213121058428e-175
1.211923419796954e-7	8.210622749210704e-176
1.1853970527480114e-7	2.857805902632253e-176
1.1594575608905966e-7	9.945960217977679e-177
1.1340917959689055e-7	3.4611327610400654e-177
1.109286908674966e-7	1.204335648953125e-177
1.0850303417324426e-7	4.1902000689382923e-178
1.0613098231437584e-7	1.4577401006114823e-178
1.0381133595965934e-7	5.07088490656135e-179
1.0154292300258836e-7	1.7637860544561214e-179
9.932459793275981e-8	6.13432440552852e-180
9.715524122205922e-8	2.1332730278907078e-180
9.503375872530078e-8	7.417972119710868e-181
9.295908109496936e-8	2.579189096800453e-181
9.093016320972711e-8	8.966864054487244e-182
8.89459836163534e-8	3.117149129550871e-182
8.700554398479436e-8	1.0835135487853256e-182
8.510786857600749e-8	3.765919750085326e-183
8.325200372229172e-8	1.3087837696484877e-183
8.143701731980634e-8	4.54804799892763e-184
7.966199833298515e-8	1.580311321055962e-184
7.792605631055887e-8	5.490613943980625e-185
7.622832091291089e-8	1.9074799553532684e-185
7.456794145049252e-8	6.626131404405294e-186
7.294408643303346e-8	2.3015544922381224e-186
7.135594312929049e-8	7.993625609539322e-187
6.980271713708148e-8	2.7760535340030103e-187
6.828363196336035e-8	9.639922162032428e-188
6.679792861409034e-8	3.3471951951501486e-188
6.534486519368595e-8	1.1621188277837132e-188
6.392371651379293e-8	4.0344299916508824e-189
6.253377371118355e-8	1.4004775134416281e-189
6.117434387455238e-8	4.861077745931449e-190
5.984474967999865e-8	1.6871419508655785e-190
5.854432903498932e-8	5.855088588501757e-191
5.727243473060157e-8	2.031787400761589e-191
5.602843410184889e-8	7.04995197247015e-192
5.481170869589618e-8	2.446004842061327e-192
5.3621653947980356e-8	8.485782177394447e-193
5.245767886485112e-8	2.9436760444066393e-193
5.13192057155544e-8	1.0210614199615619e-193
5.020566972938523e-8	3.541421271792766e-194
4.91165188008401e-8	1.2281950368132355e-194
4.805121320140327e-8	4.259133531765644e-195
4.70092252980043e-8	1.4768605678650643e-195
4.5990039277991667e-8	5.120615922407411e-196
4.499315088046679e-8	1.7752908929302764e-196
4.4018067133828435e-8	6.154341762158291e-197
4.3064306099382315e-8	2.1333327536893238e-197
4.213139662087155e-8	7.394360907266978e-198
4.121887807978921e-8	2.5627596728812334e-198
4.03263001563368e-8	8.881380077208448e-199
3.945322259589563e-8	3.077644901754872e-199
3.859921498088245e-8	1.0664050248630877e-199
3.776385650786006e-8	3.694805791538083e-200
3.6946735769783005e-8	1.2800500395804815e-200
3.614745054325588e-8	4.4343331260949194e-201
3.536560758068591e-8	1.5360164230596833e-201
3.460082240721739e-8	5.320221492765021e-202
3.385271912233323e-8	1.8425955341130055e-202
3.31209302060166e-8	6.381119780022498e-203
3.2405096329364224e-8	2.2096856497964752e-203
3.1704866169548026e-8	7.651224460859902e-204
3.101989622902343e-8	2.6491001188313312e-204
3.034985065888428e-8	9.17134255232256e-205
2.9694401086268618e-8	3.1749340005335705e-205
2.9053226445719806e-8	1.0990156155693122e-205
2.8426012814411233e-8	3.804000177795466e-206
2.7812453251143972e-8	1.3165726421805537e-206
2.7212247639030056e-8	4.556347976962882e-207
2.6625102531774998e-8	1.576728182121693e-207
2.6050731003475485e-8	5.455879748423761e-208
2.5488852501851785e-8	1.887734392954622e-208
2.49391927048328e-8	6.531083728119781e-209
2.44014833804177e-8	2.2594253800467504e-209
2.387546224973683e-8	7.815904893203472e-210
2.336087285323826e-8	2.703517367159665e-210
2.285746441992673e-8	9.350779540539038e-211
2.236499173958476e-8	3.23396525611528e-211
2.188321503790634e-8	1.118386406782799e-211
2.1411899854475754e-8	3.867386065449704e-212
2.095081692352569e-8	1.3372494057350648e-212
2.0499742057410145e-8	4.623561670809473e-213
2.0058456032729204e-8	1.598491640919126e-213
1.962674447904468e-8	5.526035555521211e-214
1.920439777012618e-8	1.9102345130196775e-214
1.879121091766922e-8	6.602820982097848e-215
1.8386983467428553e-8	2.2821400675988673e-215
1.7991519397710724e-8	7.887241189698926e-216
1.7604627020171135e-8	2.725700372455592e-216
1.7226118882862808e-8	9.41892599748168e-217
1.685581167548483e-8	3.254580723599964e-217
1.6493526136779393e-8	1.1244993653976807e-217
1.613908696402844e-8	3.8850265983029264e-218
1.5792322724601128e-8	1.3421452041391336e-218
1.5453065769505233e-8	4.636346084406695e-219
1.512115214889584e-8	1.6014859566366638e-219
1.4796421529497012e-8	5.531481653399018e-220
1.4478717113891781e-8	1.9104293416365426e-220
1.4167885561637886e-8	6.597687669408934e-221
1.3863776912167106e-8	2.2783681535143193e-221
1.356624450942769e-8	7.867333006464064e-222
1.3275144928228822e-8	2.7164564909111763e-222
1.2990337902249363e-8	9.378851663535135e-223
1.2711686253671845e-8	3.2379368838395104e-223
1.2439055824404524e-8	1.1177868417006938e-223
1.2172315408855489e-8	3.8585276121128806e-224
1.1911336688223019e-8	1.3318531446171565e-224
1.1655994166267176e-8	4.596881189443545e-225
1.1406165106529391e-8	1.5865089642027375e-225
1.1161729470966385e-8	5.475126970637701e-226
1.092256985996628e-8	1.8893759119454778e-226
1.0688571453715216e-8	6.519513177639019e-227
1.0459621954883719e-8	2.2494931481687313e-227
1.0235611532602568e-8	7.761166396818317e-228
1.0016432767698912e-8	2.677578585028787e-228
9.801980599163377e-9	9.236989849088291e-229
9.592152271820966e-9	3.1863377828047684e-229
9.386847285177169e-9	1.0990725563398621e-229
9.185967343413451e-9	3.790829170556745e-230
8.989416306505554e-9	1.30742100955333e-230
8.797100142438887e-9	4.508895770651436e-231
8.608926880496207e-9	1.554885874848889e-231
8.42480656559321e-9	5.36167543051341e-232
8.244651213638134e-9	1.8487419509801674e-232
8.068374767892033e-9	6.37420371284301e-233
7.895893056307035e-9	2.1976045291570673e-233
7.727123749820304e-9	7.57612612454148e-234
7.56198632158219e-9	2.611674173627907e-234
7.400402007097009e-9	9.00253934176945e-235
7.2422937652560235e-9	3.103025806571667e-235
7.087586240242241e-9	1.0694984592715705e-235
6.9362057242873465e-9	3.6859500471323844e-236
6.788080121261321e-9	1.270262048328451e-236
6.643138911076001e-9	4.377356168913582e-237
6.501313114884095e-9	1.5083607402650706e-237
6.362535261055513e-9	5.19724770434123e-238
6.226739351913607e-9	1.790674135301048e-238
6.093860831214133e-9	6.1692836816908925e-239
5.963836552349778e-9	2.1253381760557686e-239
5.83660474726438e-9	7.321440782539527e-240
5.712104996060321e-9	2.521972571841384e-240
5.590278197283691e-9	8.686794414120319e-241
5.471066538871873e-9	2.991949039305889e-241
5.3544134697484935e-9	1.0304439873133915e-241
5.240263672051157e-9	3.548707623557462e-242
5.128563033977877e-9	1.222057851782564e-242
5.019258623237881e-9	4.20812964613822e-243
4.912298661093513e-9	1.4489798260719018e-243
4.807632496979514e-9	4.9889773329800895e-244
4.705210583687341e-9	1.7176582859222102e-244
4.60498445310089e-9	5.9134119457770966e-245
4.506906692471957e-9	2.035709054896829e-245
4.410930921222904e-9	7.007604319782544e-246
4.317011768264762e-9	2.412124969180589e-246
4.225104849819216e-9	8.30245415349751e-247
4.135166747733048e-9	2.8575227480359558e-247
4.047154988274064e-9	9.834437263895824e-248
3.961028021397575e-9	3.384433756915229e-248
3.876745200472968e-9	1.1646603388362458e-248
3.79426676245996e-9	4.0076464040453587e-249
3.713553808524434e-9	1.3789751067682951e-249
3.6345682850840816e-9	4.744609265660405e-250
3.557272965274079e-9	1.632381078428002e-250
3.481631430823459e-9	5.615905624546781e-251
3.407608054332927e-9	1.9319472974832096e-251
3.3351679819451812e-9	6.645811971701501e-252
3.2642771163988686e-9	2.286010392506847e-252
3.1949021004575993e-9	7.862955209125899e-253
3.1270103007056682e-9	2.7044000049254904e-253
3.0605697917022132e-9	9.301085858634487e-254
2.9955493404858383e-9	3.1987039847724614e-254
2.931918391421776e-9	1.0999987592078626e-254
2.8696470513840496e-9	3.7825803145250955e-255
2.8087060752650364e-9	1.300654692868264e-255
2.74906685180518e-9	4.472123930149586e-256
2.690701389735641e-9	1.5376011084344324e-256
2.633582304226978e-9	5.2862980256919335e-257
2.5776828036369037e-9	1.817346680999702e-257
2.5229766765505386e-9	6.247441088994032e-258
2.469438279106638e-9	2.1475578743417007e-258
2.4170425226033097e-9	7.381862863090247e-259
2.365764861377091e-9	2.5372632463845712e-259
2.315581280949225e-9	8.720544709341408e-260
2.2664682864332493e-9	2.997093524833565e-260
2.2184028911979684e-9	1.029996252145086e-260
2.1713626057802267e-9	3.5395636677950023e-261
2.1253254270418183e-9	1.216305347090532e-261
2.0802698275652267e-9	4.17940419590091e-262
2.0361747452827307e-9	1.4360351532106856e-262
1.9930195733337692e-9	4.933950337622472e-263
1.9507841501455104e-9	1.6951321030711562e-263
1.9094487497315454e-9	5.823598999260588e-264
1.8689940722039825e-9	2.0005922488066434e-264
1.829401234494157e-9	6.872345291988521e-265
1.7906517612772552e-9	2.3606450922721408e-265
1.752727576096442e-9	8.108412362879208e-266
1.7156109926819217e-9	2.7849693662369112e-266
1.6792847064607571e-9	9.564990634839234e-267
1.6437317862530738e-9	3.2849462786316553e-267
1.6089356661505936e-9	1.1281105319929308e-267
1.5748801375734268e-9	3.873956675842178e-268
1.541549341501185e-9	1.330263429958505e-268
1.5089277608745163e-9	4.5677296855416173e-269
1.4770002131633257e-9	1.5683502243078014e-269
1.4457518430979494e-9	5.384751691672915e-270
1.4151681155597115e-9	1.8487081254797124e-270
1.385234808627282e-9	6.346746005583894e-271
1.3559380067754498e-9	2.1787833509735063e-271
1.3272640942228795e-9	7.479235364932602e-272
1.2991997484255752e-9	2.567323738119498e-272
1.271731933712844e-9	8.812201458959987e-273
1.2448478950625652e-9	3.0246045632576127e-273
1.2185351520128037e-9	1.0380858095423943e-273
1.192781492706481e-9	3.562693250817874e-274
1.167574968066535e-9	1.2226557449670465e-274
1.142903886098367e-9	4.195759621703684e-275
1.118756806316962e-9	1.4397852138559411e-275
1.0951225342958086e-9	4.940439459309602e-276
1.0719901163349948e-9	1.6951739721278691e-276
1.0493488342458516e-9	5.816260490788524e-277
1.0271882002495264e-9	1.9955120738812196e-277
1.0054979519870008e-9	6.846141422700184e-278
9.842680476380997e-10	2.3486506672857772e-278
9.634886611470821e-10	8.056976471108164e-279
9.431501775524654e-10	2.763802036030979e-279
9.232431884187635e-10	9.480319929912583e-280
9.037584873679381e-10	3.25177385891149e-280
8.846870657083235e-10	1.1153187778278734e-280
8.660201081588882e-10	3.82524349980539e-281
8.477489886667765e-10	1.311899619740754e-281
8.298652663159998e-10	4.499079120810477e-282
8.123606813253369e-10	1.5428660217324816e-282
7.952271511334493e-10	5.290715556117435e-283
7.784567665693033e-10	1.81418796259616e-283
7.620417881060096e-10	6.220594220666572e-284
7.459746421962725e-10	2.1328643838932058e-284
7.30247917687631e-10	7.312677887633847e-285
7.148543623157353e-10	2.5070992757903826e-285
6.997868792739664e-10	8.59505298946628e-286
6.850385238577147e-10	2.94650768650865e-286
6.706025001816595e-10	1.0100634221813407e-286
6.564721579684685e-10	3.4623567058852926e-287
6.426409894073355e-10	1.1867988708697724e-287
6.291026260808401e-10	4.067847320292717e-288
6.158508359586067e-10	1.394229987935889e-288
6.028795204563201e-10	4.778444023934576e-289
5.901827115586575e-10	1.6376494580793062e-289
5.777545690047148e-10	5.612260223693874e-290
5.655893775345933e-10	1.923256088474119e-290
5.536815441957856e-10	6.590508818419178e-291
5.420255957080468e-10	2.2583088636507542e-291
5.306161758854794e-10	7.738028900450378e-292
5.194480431145797e-10	2.651307014349126e-292
5.085160678870092e-10	9.083901354148277e-293
4.978152303859029e-10	3.1122004639395263e-293
4.873406181245485e-10	1.0662168256089116e-293
4.770874236362658e-10	3.6526357432052244e-294
4.670509422144006e-10	1.2512673464332764e-294
4.572265697013002e-10	4.286243311896619e-295
4.476098003252368e-10	1.4682044677862941e-295
4.3819622458420116e-10	5.028973213317349e-296
4.2898152717555105e-10	1.722484061952657e-296
4.1996148497052695e-10	5.89948713934581e-297
4.111319650326237e-10	2.020489092521614e-297
4.0248892267889237e-10	6.919616324556945e-298
3.94028399583221e-10	2.3696860900139784e-298
3.857465219206667e-10	8.114896250695349e-299
3.7763949855196724e-10	2.778807863624126e-299
3.697036192473306e-10	9.515190962959705e-300
3.6193525294866296e-10	3.258066819695371e-300
3.5433084606938995e-10	1.1155421919605517e-300
3.4688692083105043e-10	3.8194039810458905e-301
3.396000736358601e-10	1.3076418765349692e-301
3.3246697347446725e-10	4.4767796437878103e-302
3.254843603681273e-10	1.532591229404836e-302
3.1864904384454523e-10	5.246512589297821e-303
3.1195790144665507e-10	1.7959693213482848e-303
3.05407877273626e-10	6.1476759111308144e-304
2.9899598055337595e-10	2.1042964221975346e-304
2.9271928424592315e-10	7.202558846222259e-305
2.8657492367689596e-10	2.46519174426413e-305
2.805600952005439e-10	8.437205547270189e-306
2.746720548916169e-10	2.887557454058715e-306
2.689081172654688e-10	9.88204353425524e-307
2.6326565402578916e-10	3.381793299240222e-307
2.5774209283934857e-10	1.1572616658931294e-307
2.5233491613717727e-10	3.960046912659939e-308
2.470416599415993e-10	1.355043985477214e-308
2.418599127185624e-10	4.636505687174474e-309
2.367873142547125e-10	1.586399578202222e-309
2.3182155455867514e-10	5.427737082583404e-310
2.2696037278601777e-10	1.856989677791267e-310
2.2220155618738245e-10	6.353085351666841e-311
2.1754293907927704e-10	2.173423936096551e-311
2.1298240183704452e-10	7.435133981482897e-312
2.0851786990951597e-10	2.543418300295485e-312
2.0414731285489273e-10	8.700244668596969e-313
1.9986874339737869e-10	2.975979007394279e-313
1.9568021650412725e-10	1.017918541731377e-313
1.9157982848205757e-10	3.481616990262539e-314
1.8756571609410414e-10	1.19078624083968e-314
1.8363605569448704e-10	4.072597691273606e-315
1.7978906238258468e-10	1.39281726787743e-315
1.7602298917500716e-10	4.763232095518898e-316
1.7233612619547632e-10	1.62889974344257e-316
1.687267998821278e-10	5.570215743924865e-317
1.651933722118543e-10	1.904735905178843e-317
1.617342399413256e-10	6.513023588813534e-318
1.5834783386431809e-10	2.226976858047504e-318
1.5503261808500987e-10	7.614369835329541e-319
1.5178708930688503e-10	2.603379492638607e-319
1.486097761369176e-10	8.900743400507672e-320
1.4549923840470086e-10	3.04298919675476e-320
1.4245406649619889e-10	1.040303135098999e-320
1.394728807018057e-10	3.55635257490102e-321
1.3655433057839998e-10	1.215724468928976e-321
1.3369709432509602e-10	4.15576507499659e-322
1.3089987817239109e-10	1.420536319201247e-322
1.2816141578442375e-10	4.855559216903862e-323
1.254804676740547e-10	1.659631871374894e-323
1.2285582063049942e-10	5.672440041014323e-324
1.202862871592356e-10	1.938713951795562e-324
1.1777070493392327e-10	6.625875467743377e-325
1.153079362600785e-10	2.264428185119749e-325
1.1289686755024432e-10	7.738550504260495e-326
1.1053640881041438e-10	2.644517922101398e-326
1.0822549313746228e-10	9.03689568082332e-327
1.0596307622734353e-10	3.088004476471814e-327
1.0374813589383313e-10	1.05517017778165e-327
1.015796715975751e-10	3.605396781602209e-328
9.945670398522032e-11	1.231883485325656e-328
9.737827443843336e-11	4.20893524152932e-329
9.534344463255908e-11	1.438006784228151e-329
9.335129610473746e-11	4.912875321444384e-330
9.140092983126501e-11	1.678404762503062e-330
8.949146581400176e-11	5.733817316927997e-331
8.762204267563204e-11	1.958741950532265e-331
8.579181726358323e-11	6.691089778798208e-332
8.399996426242189e-11	2.285613457685959e-332
8.224567581453966e-11	7.807195274300605e-333
8.05281611489528e-11	2.666696955417806e-333
7.884664621804226e-11	9.10832856201147e-334
7.72003733420588e-11	3.110929340246026e-334
7.558860086123037e-11	1.062497887795598e-334
7.40106027953067e-11	3.628712061811617e-335
7.24656685103794e-11	1.239262990963226e-335
7.095310239282327e-11	4.232149741181943e-336
6.947222353020616e-11	1.445257321408782e-336
6.80223653990138e-11	4.93532744676701e-337
6.660287555904805e-11	1.685285336363885e-337
6.52131153543506e-11	5.754632855876679e-338
6.385245962051484e-11	1.964936603352764e-338
6.25202963982478e-11	6.709130527879689e-339
6.12160266530461e-11	2.290713364378359e-339
5.993906400085796e-11	7.820996671909083e-340
5.868883443960037e-11	2.670178710690047e-340
5.746477608640496e-11	9.11602413331124e-341
5.6266338920472087e-11	3.112128679947222e-341
5.509298453141033e-11	1.062420887775291e-341
5.3944185872945196e-11	3.626792116897883e-342
5.281942702188138e-11	1.23804310538804e-342
5.1718202942204445e-11	4.226062752147358e-343
5.0640019254214345e-11	1.442524580378997e-343
4.958439200858027e-11	4.923768664509116e-344
4.855084746521334e-11	1.680580141059858e-344
4.753892187685134e-11	5.735985116211856e-345
4.654816127725705e-11	1.957690517650503e-345
4.5578121273929765e-11	6.681397704711728e-346
4.462836684523299e-11	2.280226067354567e-346
4.3698472141845156e-11	7.781723880654475e-347
4.278802029243922e-11	2.655590377294685e-347
4.189660321350068e-11	9.06220216251814e-348
4.102382142319632e-11	3.092386921874689e-348
4.016928385920615e-11	1.055215986225735e-348
3.933260770043368e-11	3.60061245611272e-349
3.8513418192511444e-11	1.228567185481248e-349
3.7711348477020933e-11	4.191881411331462e-350
3.6926039424346947e-11	1.430232491459246e-350
3.615713947008877e-11	4.879686236866323e-351
3.540430445495175e-11	1.664810444673454e-351
3.46671974680456e-11	5.679699415696825e-352
3.3945488693515343e-11	1.937642310951715e-352
3.3238855260434395e-11	6.610123789929813e-353
3.254698109589015e-11	2.254931391392313e-353
3.186955678119313e-11	7.692098883306291e-354
3.120627941114313e-11	2.623881396312097e-354
3.055685245628745e-11	8.950172124843716e-355
2.9920985628106484e-11	3.052856913498569e-355
2.9298394747064934e-11	1.041284528635171e-355
2.868880161346629e-11	3.551569480308223e-356
2.8091933881051908e-11	1.211320807691612e-356
2.7507524933285438e-11	4.131293323793748e-357
2.6935313762264507e-11	1.408967272426613e-357
2.6375044850205404e-11	4.805115474901792e-358
2.58264680534437e-11	1.63868255563682e-358
2.528933848889861e-11	5.588225705509057e-359
2.4763416422947484e-11	1.905641412302887e-359
2.424846716266011e-11	6.498252596432361e-360
2.3744260949340785e-11	2.215849132036186e-360
2.3250572854330875e-11	7.555653038786833e-361
2.2767182677021793e-11	2.576274136265072e-361
2.2293874845032503e-11	8.784163621241148e-362
2.183043831650472e-11	2.995001635802236e-362
2.1376666484470966e-11	1.021132368616859e-362
2.0932357083251162e-11	3.481411676917023e-363
2.0497312096833856e-11	1.186908137653965e-363
2.007133766920149e-11	4.046385427371201e-364
1.9654244016555854e-11	1.37944957751291e-364
1.924584534140553e-11	4.702544159104144e-365
1.884595974847394e-11	1.603055029575279e-365
1.8454409162390302e-11	5.464526084130272e-366
1.8071019247124595e-11	1.862709486614247e-366
1.769561932713025e-11	6.349307009465924e-367
1.7328042310157485e-11	2.164193719378527e-367
1.696812461170215e-11	7.376571712551564e-368
1.661570608105493e-11	2.514210658740916e-368
1.627062992891692e-11	8.569144020324066e-369
1.5932742656548606e-11	2.920531748455602e-369
1.560189398641882e-11	9.95348482551181e-370
1.527793679432241e-11	3.392166408694477e-370
1.4960727042935158e-11	1.156026871906873e-370
1.465012371677519e-11	3.93955824191009e-371
1.4345988758541181e-11	1.342505158817775e-371
1.4048187006798032e-11	4.574812180478409e-372
1.3756586134981e-11	1.558904345985609e-372
1.3471056591690884e-11	5.311957431871336e-373
1.3191471542252293e-11	1.810000310119121e-373
1.2917706811508166e-11	6.167251835491556e-374
1.2649640827824521e-11	2.101327346515209e-374
1.2387154568279579e-11	7.159534121576683e-375
1.213013150501186e-11	2.439298004945412e-375
1.1878457552703158e-11	8.31063157498844e-376
1.1632021017171558e-11	2.831341767708024e-376
1.1390712545051549e-11	9.64583177629841e-377
1.1154425074537725e-11	3.286065518229122e-377
1.0923053787169711e-11	1.119442844365859e-377
1.0696496060636112e-11	3.813439207781961e-378
1.047465142257569e-11	1.299035295953439e-378
1.0257421505354808e-11	4.42501065826508e-379
1.00447100018005e-11	1.507290496882153e-379
9.83642262186847e-12	5.134154051520335e-380
9.632467050226488e-12	1.748759751648114e-380
9.432752904733733e-12	5.956357363057106e-381
9.237191695796935e-12	2.028713459665092e-381
9.045696786584865e-12	6.909554814896001e-382
8.858183354082817e-12	2.353254176087768e-382
8.674568350969223e-12	8.014511365418912e-383
8.494770468297263e-12	2.729447363793732e-383
8.318710098964115e-12	9.29526734306037e-384
8.146309301951028e-12	3.165472591771127e-384
7.977491767318324e-12	1.077965258782887e-384
7.812182781938844e-12	3.670798362294754e-385
7.650309195954484e-12	1.249988091587317e-385
7.491799389940391e-12	4.256384242328694e-386
7.33658324276173e-12	1.449323739743481e-386
7.184592100108618e-12	4.934914543696694e-387
7.035758743694408e-12	1.680287287194656e-387
6.890017361103748e-12	5.721068453390381e-388
6.747303516276418e-12	1.947872235539904e-388
6.607554120613228e-12	6.631832273403507e-389
6.470707404691393e-12	2.257856657011767e-389
6.336702890575894e-12	7.686860304208602e-390
6.205481364714563e-12	2.61692587984655e-390
6.076984851404395e-12	8.908891915322147e-391
5.951156586816982e-12	3.032814269045837e-391
5.8279409935713006e-12	1.032423351095768e-391
5.707283655842183e-12	3.514469061085779e-392
5.589131294993245e-12	1.19633154423122e-392
5.473431745722969e-12	4.072239667468588e-393
5.360133932713416e-12	1.386133546796101e-393
5.249187847770593e-12	4.718096388427217e-394
5.1405445274461795e-12	1.605900215172078e-394
5.034156031130635e-12	5.46588308530637e-395
4.929975419607345e-12	1.860339364954607e-395
4.82795673405839e-12	6.331609060495191e-396
4.728054975512236e-12	2.15489497154759e-396
4.630226084723944e-12	7.333786201510031e-397
4.5344269224789e-12	2.495861749962023e-397
4.4406152503110524e-12	8.493818377305525e-398
4.348749711626769e-12	2.890517487431066e-398
4.2587898132259735e-12	9.83645114901367e-399
4.170695907211981e-12	3.347275867191832e-399
4.084429173281943e-12	1.139029109582292e-399
3.999951601389684e-12	3.875862942328633e-400
3.9172259747733e-12	1.318840548466698e-400
3.8362158533396355e-12	4.487520903426072e-401
3.756885557398125e-12	1.526901465865192e-401
3.679200151736728e-12	5.19524334273637e-402
3.603125430032588e-12	1.767629141694381e-402
3.528627899590443e-12	6.014046861901361e-403
3.4556747664018334e-12	2.046128384643989e-403
3.384233920518355e-12	6.961284612973573e-404
3.314273921732274e-12	2.368298058702555e-404
3.2457639855581236e-12	8.057008218507244e-405
3.178673969508786e-12	2.740954041832366e-405
3.112974359659986e-12	9.32438550305888e-406
3.0486362574970037e-12	3.17197114050003e-406
2.9856313670377065e-12	1.079018260537267e-406
2.923931982226076e-12	3.670446869716846e-407
2.8635109745904753e-12	1.248532035065314e-407
2.804341781161129e-12	4.246890452967054e-408
2.746398392641319e-12	1.444551627192019e-408
2.689655341826943e-12	4.913440908816392e-409
2.6340876922692258e-12	1.671202540874245e-409
2.5796710271753924e-12	5.684118681358633e-410
2.526381438542411e-12	1.933249501547029e-410
2.4741955165187022e-12	6.575115951785618e-411
2.423090338989256e-12	2.236195061949881e-411
2.3730434613792055e-12	7.605131551846623e-412
2.3240329066713916e-12	2.58639335292012e-412
2.276037155633417e-12	8.79575730244045e-413
2.2290351372496696e-12	2.991181295404393e-413
2.1830062193541484e-12	1.017192364005745e-413
2.137930199459698e-12	3.459029942708849e-414
2.093787295779659e-12	1.176241359097176e-414
2.050558138437783e-12	3.99971902828595e-415
2.0082237608625155e-12	1.360045553180831e-415
1.966765591361695e-12	4.624538262225165e-416
1.9261654448739184e-12	1.572440676279306e-416
1.886405514892895e-12	5.346519458375839e-417
1.847468365561011e-12	1.817854174818339e-417
1.8093369239286792e-12	6.180704194382352e-418
1.7719944723759423e-12	2.101396098335394e-418
1.7354246411928666e-12	7.144452421161306e-419
1.6996114013154469e-12	2.428963887152427e-419
1.6645390572137415e-12	8.257798260654479e-420
1.6301922399289755e-12	2.80736317831674e-420
1.5965559002565961e-12	9.54386017733202e-421
1.5636153020720576e-12	3.244447068295384e-421
1.5313560157964696e-12	1.102931379862418e-421
1.499763911999111e-12	3.749276640616771e-422
1.4688251551338746e-12	1.274493691376325e-422
1.4385261974069955e-12	4.332305992191463e-423
1.4088537727730528e-12	1.472623762418511e-423
1.3797948910567966e-12	5.005595481810239e-424
1.3513368321980025e-12	1.701417828015029e-424
1.3234671406168256e-12	5.783057487968181e-425
1.2961736196970834e-12	1.965600975034044e-425
1.2694443263850382e-12	6.680739611801334e-426
1.2432675659012116e-12	2.270623277151487e-426
1.217631886562887e-12	7.717151007312244e-427
1.1925260747149433e-12	2.622770565715398e-427
1.1679391497667667e-12	8.913638379877254e-428
1.1438603593330063e-12	3.029292055712744e-428
1.120279174476003e-12	1.029481918214129e-428
1.097185285047719e-12	3.498547381199964e-429
1.0745685951291243e-12	1.188908067320603e-429
1.0524192185649812e-12	4.040175980136614e-430
1.030727474591994e-12	1.372915481479381e-430
1.0094838835584043e-12	4.665292212116372e-431
9.886791627331e-13	1.585278048243833e-431
9.683042222023205e-13	5.386710102706087e-432
9.483501608522065e-13	1.83034662001566e-432
9.288082624352907e-13	6.21920219496156e-433
9.096699917192442e-13	2.113136859732615e-433
8.909269907161168e-13	7.179797663657899e-434
8.725710749903896e-13	2.439430407550772e-434
8.545942300441932e-13	8.288125624031528e-435
8.369886077780693e-13	2.815891380538911e-435
8.197465230256737e-13	9.56681045952322e-436
8.028604501609026e-13	3.250200520121134e-436
7.863230197758998e-13	1.104192701953611e-436
7.701270154284687e-13	3.751209650094676e-437
7.542653704574224e-13	1.274352471856759e-437
7.387311648644594e-13	4.32911950828815e-438
7.235176222611713e-13	1.470623092520421e-438
7.086181068797991e-13	4.995684475094495e-439
6.940261206464315e-13	1.696994558976209e-439
6.797353003153098e-13	5.764448251152885e-440
6.657394146629649e-13	1.958064085311451e-440
6.520323617409431e-13	6.651015144634823e-441
6.386081661858911e-13	2.259128144127629e-441
6.254609765857798e-13	7.673362327706232e-442
6.125850629011165e-13	2.60628840205857e-442
5.999748139399801e-13	8.85219922533685e-443
5.876247348857459e-13	3.006573641274768e-443
5.755294448764161e-13	1.02113811232682e-443
5.636836746344525e-13	3.46808007002979e-444
5.520822641460708e-13	1.17783851434974e-444
5.407201603889579e-13	4.000132785175865e-445
5.295924151073804e-13	1.358485795560221e-445
5.186941826337269e-13	4.613471563140156e-446
5.08020717755477e-13	1.566724599417857e-446
4.975673736266663e-13	5.320464631092922e-447
4.873295997229162e-13	1.806752056363243e-447
4.773029398390956e-13	6.135354616118441e-448
4.674830301287589e-13	2.083401206261565e-448
4.57865597184448e-13	7.074541497640155e-449
4.484464561580314e-13	2.40223696871688e-449
4.3922150892022786e-13	8.15690810923184e-450
4.3018674225849697e-13	2.769666541505611e-450
4.213382261125006e-13	9.4041945641318e-451
4.1267211184634234e-13	3.19306638808262e-451
4.041846305568171e-13	1.084142893018267e-451
3.958720914169251e-13	3.680928297572612e-452
3.87730880053892e-13	1.249742257281332e-452
3.797574569610058e-13	4.243027371062475e-453
3.719483559425359e-13	1.440533984002692e-453
3.643001825910529e-13	4.890615213459318e-454
3.56809612796474e-13	1.660335320522667e-454
3.494733912861688e-13	5.636642098826547e-455
3.4228833019547184e-13	1.913539663970566e-455
3.3525130766797297e-13	6.496012438309388e-456
3.283592664849627e-13	2.20520318884469e-456
3.216092127234146e-13	7.48587852424851e-457
3.1499821444192427e-13	2.54114445068784e-457
3.085234003940031e-13	8.62597826417064e-458
3.021819587681675e-13	2.928058902413136e-458
2.9597113595425894e-13	9.93902346817188e-459
2.898882353354498e-13	3.373650547802721e-459
2.839306161053938e-13	1.14511462289871e-459
2.780956921100032e-13	3.886783287338897e-460
2.7238093071332455e-13	1.319241205436833e-460
2.667838516870332e-13	4.477654891133973e-461
2.613020261230291e-13	1.519740969761675e-461
2.5593307536866074e-13	5.157996969529565e-462
2.506746699841153e-13	1.75059291087064e-462
2.455245287214927e-13	5.941304812228271e-463
2.4048041752512907e-13	2.016374062348086e-463
2.355401485527114e-13	6.84310154111135e-464
2.3070157921676084e-13	2.322349045410525e-464
2.2596261124605245e-13	7.881241681091591e-465
2.213211897665603e-13	2.674572977725341e-465
2.1677530240151274e-13	9.07626000996147e-466
2.1232297839017056e-13	3.080009727976796e-466
2.0796228772492632e-13	1.045177241656895e-466
2.0369134030635127e-13	3.546667796333349e-467
1.995082851158072e-13	1.203493649323972e-467
1.9541130940526648e-13	4.083756438576454e-468
1.9139863790397072e-13	1.385698073203163e-468
1.8746853204158642e-13	4.701865039071482e-469
1.8361928918750777e-13	1.595381250678657e-469
1.7984924190597301e-13	5.413169182321549e-470
1.7615675722666029e-13	1.836671652884367e-470
1.7254023593044524e-13	6.231667382944137e-471
1.6899811185000334e-13	2.114315719213189e-471
1.6552885118494253e-13	7.173453019177139e-472
1.621309518311714e-13	2.43377002057761e-472
1.58802942724199e-13	8.257026686495731e-473
1.5554338319607956e-13	2.801307118670681e-473
1.5235086234571584e-13	9.50365495825912e-474
1.492239984222469e-13	3.22413714939071e-474
1.4616143822124162e-13	1.093778242401455e-474
1.431618564934359e-13	3.710547457897972e-475
1.4022395536574723e-13	1.258750488979368e-475
1.373464637743193e-13	4.270062956096986e-476
1.345281369093372e-13	1.448511278750419e-476
1.3176775567137095e-13	4.913630267136647e-477
1.2906412613901065e-13	1.666771517419302e-477
1.264160790475531e-13	5.653829173187923e-478
1.2382246927851258e-13	1.917795623157349e-478
1.212821753597308e-13	6.505115400771369e-479
1.1879409897586262e-13	2.206483793046101e-479
1.163571644890238e-13	7.48409937197707e-480
1.1397031846938882e-13	2.538466453653041e-480
1.1163252923553144e-13	8.609866231178676e-481
1.0934278640430341e-13	2.920212694077191e-481
1.0710010045005726e-13	9.90434323804572e-482
1.0490350227301469e-13	3.359154744335653e-482
1.0275204277658855e-13	1.139272151341783e-482
1.0064479245348199e-13	3.863830865279141e-483
9.858084098036623e-14	1.310394015166535e-483
9.655929682097309e-14	4.44404936399283e-484
9.457928683742147e-14	1.507124189070829e-484
9.263995590960306e-14	5.111076847352123e-485
9.074046656246534e-14	1.73328108808742e-485
8.887999860102542e-14	5.877854283498892e-486
8.7057748752951e-14	1.99325046414272e-486
8.527293031855668e-14	6.759244965005396e-487
8.352477282805748e-14	2.292069406773232e-487
8.181252170592874e-14	7.77231906816037e-488
8.013543794222644e-14	2.635522738567108e-488
7.849279777072199e-14	8.936680191326552e-489
7.688389235370928e-14	3.030253628093486e-489
7.530802747334757e-14	1.027484004448743e-489
7.376452322940098e-14	3.483890510253436e-490
7.225271374324519e-14	1.181264836659084e-490
7.077194686800757e-14	4.005192710191286e-491
6.932158390471571e-14	1.357978618390662e-491
6.790099932432977e-14	4.604217517828749e-492
6.650958049553355e-14	1.561033171058259e-492
6.514672741816696e-14	5.292511862236562e-493
6.38118524621827e-14	1.794340955393734e-493
6.250438011201074e-14	6.083332195894218e-494
6.122374671622085e-14	2.062393544699687e-494
5.996940024236864e-14	6.991896726944181e-495
5.874080003692302e-14	2.370347051825023e-495
5.75374165901656e-14	8.035674742596776e-496
5.635873130595985e-14	2.724120115663962e-496
5.5204236276289086e-14	9.23471846007729e-497
5.407343406046373e-14	3.130506287628227e-497
5.29658374689019e-14	1.061204363573978e-497
5.1880969351387316e-14	3.597302927369418e-498
5.0818362389711307e-14	1.219406607287138e-498
4.977755889460986e-14	4.133459024998252e-499
4.875811060690315e-14	1.401110221107059e-499
4.775957850275446e-14	4.749244719841409e-500
4.678153260295925e-14	1.6097943174122e-500
4.582355178618268e-14	5.456445689897609e-501
4.488522360606359e-14	1.849451302101818e-501
4.3966144112104084e-14	6.268586049048972e-502
4.306591767426572e-14	2.124662351137837e-502
4.218415681119744e-14	7.201183919270595e-503
4.132048202201644e-14	2.440683949081406e-503
4.047452162157269e-14	8.272044452314739e-504
3.9645911579120226e-14	2.803547105678687e-504
3.883429536032779e-14	9.50159577078768e-505
3.803932377255845e-14	3.220171101895468e-505
3.7260654813349766e-14	1.091327409496089e-505
3.6497953522029296e-14	3.69849388631217e-506
3.5750891834399734e-14	1.253396523368304e-506
3.501914844042948e-14	4.247621551414806e-507
3.430240864488794e-14	1.439451066211269e-507
3.360036423086233e-14	4.877999672712444e-508
3.291271332609822e-14	1.653028760481732e-508
3.223916027210408e-14	5.601609698252487e-509
3.157941549596276e-14	1.898187391198223e-509
3.0933195384793866e-14	6.43219403940061e-510
3.0300222162812136e-14	2.179581008410668e-510
2.968022377092773e-14	7.385514044179006e-511
2.907293374883622e-14	2.502547259530339e-511
2.847809111954588e-14	8.479645641712946e-512
2.7895440276292897e-14	2.873207471996568e-512
2.7324730871794125e-14	9.73531814151619e-513
2.6765717709786722e-14	3.29858134196501e-513
2.6218160638815747e-14	1.117630246714315e-513
2.5681824448210686e-14	3.786718353946913e-514
2.515647876621519e-14	1.282985601467019e-514
2.4641897960221735e-14	4.346848364520929e-515
2.4137861039067442e-14	1.472723236914546e-515
2.3644151557349712e-14	4.989554135994637e-516
2.3160557521718344e-14	1.690426530556805e-516
2.2686871299104388e-14	5.726969009638328e-517
2.2222889526844826e-14	1.9402037866847e-517
2.1768413024664285e-14	6.573003370195803e-518
2.1323246708474998e-14	2.226764887440331e-518
2.0887199505957704e-14	7.543604082201293e-519
2.046008427388607e-14	2.555509101603354e-519
2.0041717717159093e-14	8.657051683809134e-520
1.9631920309505997e-14	2.932625670285794e-520
1.923051621582834e-14	9.9343008163659e-521
1.883733321614666e-14	3.365209022979789e-521
1.8452202631117253e-14	1.139937016039268e-521
1.8074959249087134e-14	3.861390745457247e-522
1.7705441254655488e-14	1.307978905537095e-522
1.7343490158709942e-14	4.430490727727867e-523
1.6988950729907545e-14	1.500710901817609e-523
1.6641670927570346e-14	5.083190271179261e-524
1.6301501835966354e-14	1.721748956196657e-524
1.5968297599947302e-14	5.831730335504806e-525
1.5641915361914842e-14	1.975236907530325e-525
1.532221520008807e-14	6.690138565335759e-526
1.5009060068045005e-14	2.265923307480359e-526
1.470231573551223e-14	7.674489261939961e-527
1.440185073037634e-14	2.599249392181412e-527
1.4107536281892179e-14	8.80320106642521e-528
1.3819246265063166e-14	2.981449812651463e-528
1.3536857146169097e-14	1.009737780844579e-528
1.3260247929418327e-14	3.419667968824944e-529
1.298930010470028e-14	1.158119876086338e-529
1.2723897596416324e-14	3.92208805806643e-530
1.2463926713366145e-14	1.328236544034262e-530
1.2209276099667822e-14	4.498086253236654e-531
1.195983668669089e-14	1.523261312267782e-531
1.1715501645980238e-14	5.158403773312521e-532
1.147616634315161e-14	1.746829641828054e-532
1.1241728292737913e-14	5.915345007473519e-533
1.101208711396663e-14	2.003105959888608e-533
1.0787144487449432e-14	6.783004308617508e-534
1.0566804112765051e-14	2.296860390536312e-534
1.0350971666916789e-14	7.777525592641724e-535
1.0139554763646596e-14	2.633556582619514e-535
9.932462913588211e-15	8.917399474870406e-536
9.72960748524185e-15	3.019452234835487e-536
9.530901666753572e-15	1.022380335541415e-536
9.33626042848243e-15	3.461714148303295e-537
9.145600486339677e-15	1.172099064321779e-537
8.95884026588335e-15	3.968549899928634e-538
8.77589986715327e-15	1.343673619804614e-538
8.596701030230816e-15	4.549358530629857e-539
8.421167101508424e-15	1.540284608661005e-539
8.249223000654637e-15	5.21490298634814e-540
8.08079518825953e-15	1.765574091166587e-540
7.915811634147453e-15	5.977507442865976e-541
7.754201786342304e-15	2.023712330203595e-541
7.59589654067257e-15	6.851283094840835e-542
7.440828211002729e-15	2.319474167087405e-542
7.28893050007782e-15	7.852386503160504e-543
7.140138470968804e-15	2.658326408629521e-543
6.994388519106437e-15	8.999315181923146e-544
6.851618344890957e-15	3.046527808373217e-544
6.711766926866282e-15	1.031324577752573e-544
6.574774495446679e-15	3.491243451851461e-545
6.440582507184734e-15	1.181842095948626e-545
6.309133619569257e-15	4.000675615067303e-546
6.180371666342291e-15	1.354259201941355e-546
6.054241633324557e-15	4.584213461809646e-547
5.930689634738716e-15	1.551752517659872e-547
5.809662890020135e-15	5.252604284173324e-548
5.691109701105451e-15	1.777958073388744e-548
5.5749794301885084e-15	6.01814937778452e-549
5.461222477934542e-15	2.037037553618663e-549
5.3497902621427904e-15	6.894928085630459e-550
5.240635196848511e-15	2.333754067944729e-550
5.133710671855268e-15	7.899054049923764e-551
5.028971032688425e-15	2.673558812683543e-551
4.9263715609615845e-15	9.04896828908276e-552
4.8258684551469284e-15	3.062690184142086e-552
4.72741881174154e-15	1.036577437694007e-552
4.630980606821392e-15	3.508287127575032e-553
4.53651267797486e-15	1.18736217554194e-553
4.44397470660828e-15	4.018518760772322e-554
4.3533272006154636e-15	1.360014407352438e-554
4.264531477403983e-15	4.602732602446119e-555
4.1775496472707135e-15	1.557696042983911e-555
4.092344597119511e-15	5.271624068297638e-556
4.008879974513849e-15	1.784024852028973e-556
3.927120172057667e-15	6.037430277733147e-557
3.8470303120974814e-15	2.043139997757328e-557
3.768576231739391e-15	6.914151648393535e-558
3.6917244681741285e-15	2.33977696561596e-558
3.6164422443041715e-15	7.917805251644407e-559
3.542697454666462e-15	2.679353229306794e-559
3.4704586516446526e-15	9.06671446871388e-560
3.399695031965004e-15	3.068066188934307e-560
3.330376423470073e-15	1.038184013427265e-560
3.2624732721643177e-15	3.513005134412578e-561
3.1959566295262805e-15	1.188715909335467e-561
3.130798140081584e-15	4.022279237104364e-562
3.0669700292315156e-15	1.361009694165944e-562
3.0044450913319323e-15	4.605163857940367e-563
2.9431966780172628e-15	1.558202268334849e-563
2.8831986867646194e-15	5.272267786065575e-564
2.824425549693008e-15	1.783881414144216e-564
2.766852222592845e-15	6.035724394122154e-565
2.710454174181048e-15	2.042150421323502e-565
2.655207375576947e-15	6.909410121157779e-566
2.601088289994645e-15	2.337701949891455e-566
2.5480738626471633e-15	7.909194179322312e-567
2.4961415108582066e-15	2.675902447105104e-567
2.445269114377102e-15	9.05322393451897e-568
2.395435005892846e-15	3.062888622465868e-568
2.3466179617431122e-15	1.036225104374762e-568
2.2987971928141717e-15	3.505677698500571e-569
2.251952335627885e-15	1.186000415413129e-569
2.2060634436118213e-15	4.012293399082091e-570
2.1611109785487657e-15	1.357361479323457e-570
2.117075802201963e-15	4.59190991568411e-571
2.0739391681123967e-15	1.553410402173481e-571
2.0316827135646362e-15	5.255016410065219e-572
1.990288451717749e-15	1.777693849430454e-572
1.9497387638978156e-15	6.013604975026428e-573
1.9100163920490663e-15	2.034266580154659e-573
1.8711044313395497e-15	6.881385389446728e-574
1.8329863229192667e-15	2.327764036648386e-574
1.795645846826718e-15	7.874030477032314e-575
1.7590671150413023e-15	2.663485276796404e-575
1.7232345646783455e-15	9.00945641840152e-576
1.6881329513239462e-15	3.047487718837707e-576
1.6537473425066597e-15	1.03081429827145e-576
1.6200631113032804e-15	3.486695376620265e-577
1.5870659300759591e-15	1.179349934882668e-577
1.554741764337876e-15	3.989022501152324e-578
1.5230768667449347e-15	1.349228198919168e-578
1.4920577712107976e-15	4.563514815627608e-579
1.4616712871427445e-15	1.543507200648905e-579
1.4319044937959313e-15	5.22051084080479e-580
1.4027447347434862e-15	1.765682035920346e-580
1.374179612460208e-15	5.971826161067013e-581
1.3461969830174105e-15	2.019747060638227e-581
1.3187849508866826e-15	6.830963884837524e-582
1.2919318638503462e-15	2.310267016436076e-582
1.2656263080163324e-15	7.813355013311861e-583
1.2398571029354322e-15	2.64245826231054e-583
1.2146132968187338e-15	8.936632956701287e-584
1.1898841618532214e-15	3.022281544405882e-584
1.1656591896135367e-15	1.022094703650929e-584
1.1419280865678703e-15	3.456547938584689e-585
1.1186807696761205e-15	1.168932049620836e-585
1.0959073620783294e-15	3.953039831413989e-586
1.0735981888716404e-15	1.336805932293806e-586
1.0517437729738809e-15	4.520649068749284e-587
1.0303348310720243e-15	1.528721907306521e-587
1.0093622696537937e-15	5.169534701791099e-588
9.888171811206559e-16	1.748113791009328e-588
9.68690839980592e-16	5.911303103539915e-589
9.4897469911894e-16	1.998904522210962e-589
9.29660386145778e-16	6.759213619938281e-590
9.107396998181965e-16	2.285575650781459e-590
8.922046065359812e-16	7.728413366451214e-591
8.74047236909174e-16	2.613246672810646e-591
8.562598823960265e-16	8.836205290134989e-592
8.3883499200992e-16	2.987765604032522e-592
8.217651690938218e-16	1.010235419820376e-592
8.050431681608822e-16	3.415812379438006e-593
7.886618917998447e-16	1.154943611678057e-593
7.726143876438978e-16	3.905016890805807e-594
7.568938454016847e-16	1.320323709938112e-594
7.4149359394920985e-16	4.464093729155235e-595
7.264070984813513e-16	1.509320846679743e-595
7.116279577217982e-16	5.10299599027914e-596
6.971499011901795e-16	1.725298644332471e-596
6.829667865252197e-16	5.833090833580856e-597
6.690725968627901e-16	1.972098527569503e-597
6.554614382676913e-16	6.667359863150707e-598
6.421275372180999e-16	2.254107420000726e-598
6.290652381415656e-16	7.620627831912567e-599
6.162690010015288e-16	2.576335008044294e-599
6.037333989332988e-16	8.70982366219911e-600
5.914531159284909e-16	2.944501920678673e-600
5.794229445669228e-16	9.95427833776858e-601
5.676377837949917e-16	3.365140363439675e-601
5.560926367495846e-16	1.137606486273417e-601
5.447826086265821e-16	3.845708961296873e-602
5.337029045930456e-16	1.300038621317036e-602
5.228488277421824e-16	4.394723811644635e-603
5.122157770902127e-16	1.485601803985944e-603
5.017992456142928e-16	5.021908029818754e-604
4.915948183306396e-16	1.69758138300728e-604
4.815981704120055e-16	5.738362390135884e-605
4.718050653437575e-16	1.939728131876918e-605
4.622113531177121e-16	6.556760030961731e-606
4.528129684629785e-16	2.216324017374185e-606
4.436059291130401e-16	7.491568609023684e-607
4.345863341083368e-16	2.532257238625399e-607
4.25750362133618e-16	8.559303763251285e-608
4.170942698893483e-16	2.89310784027239e-608
4.08614390496476e-16	9.77881829000624e-609
4.0030713193386787e-16	3.305245386157844e-609
3.9216897550775284e-16	1.117163204894293e-609
3.8419647435250983e-16	3.775940388384439e-610
3.7638625196215476e-16	1.276230832250525e-610
3.6873500075190387e-16	4.313491424211912e-611
3.612394806491964e-16	1.457888315427472e-611
3.538965177135593e-16	4.927370144095784e-612
3.46703002784745e-16	1.665335510577827e-612
3.3965589015853834e-16	5.628386682880862e-613
3.3275219628967934e-16	1.902224391359198e-613
3.259889985213451e-16	6.428878338024502e-614
3.1936343384064046e-16	2.172722771647169e-614
3.1287269765956896e-16	7.342924779757171e-615
3.0651404262095687e-16	2.481586987611365e-615
3.0028477742882256e-16	8.386593515146602e-616
2.941822657026903e-16	2.834244795813634e-616
2.8820392485535315e-16	9.5782198489259e-617
2.8234722499360623e-16	3.236889919833523e-617
2.766096878414864e-16	1.093872617757074e-617
2.7098888568553703e-16	3.696589878321512e-618
2.6548244034167556e-16	1.249198612959775e-618
2.600880221431906e-16	4.221408955744569e-619
2.548033489494622e-16	1.426523983594612e-619
2.496261851749562e-16	4.820548437316089e-620
2.445543408380999e-16	1.628956749274083e-620
2.395856706296139e-16	5.504506526128774e-621
2.347180729999031e-16	1.860042937968798e-621
2.299494892651371e-16	6.285260698386857e-622
2.252779027316061e-16	2.123828163787039e-622
2.2070133783799534e-16	7.176475637616135e-623
2.1621785931521069e-16	2.424927841020977e-623
2.1182557136339557e-16	8.193740327369155e-624
2.0752261684577565e-16	2.768607242845157e-624
2.0330717649900285e-16	9.35483838169982e-625
1.9917746815965057e-16	3.160872781738976e-625
1.9513174600652854e-16	1.068005626205387e-625
1.911682998185001e-16	3.608576080885395e-626
1.8728545424747843e-16	1.219253467788394e-626
1.8348156810629127e-16	4.119532624737846e-627
1.797550336711137e-16	1.391866920726851e-627
1.7610427599816556e-16	4.702657026364164e-628
1.7252775225438162e-16	1.588856701563667e-628
1.6902395106177462e-16	5.368117233303025e-629
1.6559139185520148e-16	1.813656750965952e-629
1.6222862425326466e-16	6.127510317324891e-630
1.5893422744207774e-16	2.070183585572675e-630
1.5570680957163206e-16	6.99406286216285e-631
1.5254500716450293e-16	2.362903953669928e-631
1.4944748453664852e-16	7.982859383217026e-632
1.464129332300507e-16	2.696911953789536e-632
1.4344007145695483e-16	9.11110269155148e-633
1.4052764355547054e-16	3.078016936752849e-633
1.3767441945630195e-16	1.03984106592928e-633
1.3487919416038406e-16	3.512843695538869e-634
1.3214078722719064e-16	1.186715446402216e-634
1.2945804227350602e-16	4.008946656755364e-635
1.2682982648244034e-16	1.354284409642293e-635
1.2425503012248254e-16	4.574940025972197e-636
1.2173256607638161e-16	1.54545677202453e-636
1.19261369379657e-16	5.220646110770248e-637
1.168403967685435e-16	1.763549239018131e-637
1.144686262371705e-16	5.957264354652221e-638
1.121450566037957e-16	2.012343467697884e-638
1.0986870708589813e-16	6.797563967176653e-639
1.0763861688395981e-16	2.296151093768328e-639
1.0545384477374784e-16	7.756103436756118e-640
1.0331346870692972e-16	2.619887832232917e-640
1.0121658541984986e-16	8.849480669269886e-641
9.916231005029901e-17	2.989157914953383e-641
9.714977576211284e-17	1.009661801567938e-641
9.517813337744259e-17	3.410350303824429e-642
9.324655101653647e-17	1.151908704396347e-642
9.135421374488068e-17	3.890748318091696e-643
8.950032322755095e-17	1.314147858488314e-643
8.768409739062078e-17	4.438654541831017e-644
8.59047700894916e-17	1.499182434868903e-644
8.416159078399412e-17	5.063533136612345e-645
8.245382422012746e-17	1.710207728381622e-645
8.07807501182983e-17	5.776171979249426e-646
7.91416628679301e-17	1.950865884356526e-646
7.753587122830502e-17	6.5888673802438e-647
7.596269803552141e-17	2.225308245946967e-647
7.442147991543166e-17	7.515634520710395e-648
7.291156700244431e-17	2.538266380952888e-648
7.143232266406909e-17	8.572447180641261e-649
6.998312323108565e-17	2.895132993739455e-649
6.856335773322326e-17	9.77751082662759e-650
6.717242764023825e-17	3.302054094957562e-650
6.580974660827619e-17	1.115157369092934e-650
6.44747402314166e-17	3.766033991980518e-651
6.316684579828687e-17	1.271828111551126e-651
6.188551205364685e-17	4.295054879478596e-652
6.063019896484235e-17	1.45045791651129e-652
5.940037749302412e-17	4.898213055988702e-653
5.819552936903905e-17	1.654117434482745e-653
5.701514687389579e-17	5.585874072828555e-654
5.585873262371275e-17	1.886305720395419e-654
5.472579935905443e-17	6.369849440950143e-655
5.361586973856909e-17	2.15100986849038e-655
5.252847613683815e-17	7.263597884668757e-656
5.146316044635234e-17	2.452772930169546e-656
5.041947388352838e-17	8.282454544719751e-657
4.939697679868593e-17	2.79677126275892e-657
4.8395238489901986e-17	9.44389200369964e-658
4.741383702066539e-17	3.188902615896751e-658
4.645235904125084e-17	1.07678175425059e-658
4.5510399613739725e-17	3.635886442924071e-659
4.4587562040610774e-17	1.22769116458479e-659
4.3683457696829087e-17	4.145378130247618e-660
4.279770586536077e-17	1.3997013468435e-660
4.19299335760446e-17	4.726099071596092e-661
4.10797754477503e-17	1.595755976263259e-661
4.024687353375869e-17	5.387984780303446e-662
3.943087717029538e-17	1.819208466637603e-662
3.863144282815497e-17	6.142353535667412e-663
3.784823396735313e-17	2.07387887719206e-663
3.7080920894741585e-17	7.002098404097201e-664
3.632918062453151e-17	2.36411870586095e-664
3.5592696741658426e-17	7.981905867923749e-665
3.487115926793713e-17	2.694884659563235e-665
3.4164264530944735e-17	9.09850474093116e-666
3.347171503557952e-17	3.071822642574189e-666
3.2793219338239154e-17	1.037094955730479e-666
3.2128491923565406e-17	3.501363375315291e-667
3.1477253083702426e-17	1.182094319822853e-667
3.08392288000177e-17	3.99083125068399e-668
3.021415062723548e-17	1.347320417740471e-668
2.960175557993304e-17	4.548568256657518e-669
2.900178602135143e-17	1.535588475423773e-669
2.841398955447394e-17	5.18407504601341e-670
2.783811891532568e-17	1.750104689373726e-670
2.727393186844879e-17	5.908171520802419e-671
2.672119110450928e-17	1.994520405948074e-671
2.617966413999109e-17	6.733179625448869e-672
2.5649123218936264e-17	2.272993792628614e-672
2.5129345216687603e-17	7.673131413453611e-673
2.4620111545594364e-17	2.590260035084139e-673
2.4121208062640326e-17	8.744005874793178e-674
2.3632424978955283e-17	2.951711236217809e-674
2.3153556771170585e-17	9.96399849124327e-675
2.2684402094582538e-17	3.363487355316143e-675
2.22247636980856e-17	1.135382803296526e-675
2.177444834083984e-17	3.832579709593343e-676
2.133326671063642e-17	1.293708573082731e-676
2.0901033343928392e-17	4.366948769899514e-677
2.047756654749015e-17	1.474063266537319e-677
2.0062688321674058e-17	4.975658220602793e-678
1.9656224285232036e-17	1.67950520167954e-678
1.9258003601667797e-17	5.669027524606022e-679
1.886785890709169e-17	1.91351637340066e-679
1.8485626239544602e-17	6.458805542599883e-680
1.8111144969763103e-17	2.180061022004868e-680
1.774425773335479e-17	7.358368106082256e-681
1.738481036435609e-17	2.483652281280302e-681
1.703265183014406e-17	8.382942842177062e-682
1.6687634167674452e-17	2.829428018380311e-682
1.634961242101867e-17	9.54986500145106e-683
1.6018444580174015e-17	3.223237130608646e-683
1.5693991521120247e-17	1.087886855523358e-683
1.53761169470976e-17	3.671737737969118e-684
1.5064687331081207e-17	1.239241741489907e-684
1.4759571859427478e-17	4.182508907927067e-685
1.4460642376668617e-17	1.411608229184075e-685
1.4167773331431733e-17	4.764177773496245e-686
1.3880841723459653e-17	1.607896947443396e-686
1.359972705171105e-17	5.426564161213915e-687
1.3324311263517663e-17	1.831420865964512e-687
1.305447870477736e-17	6.180845136008842e-688
1.2790116071161407e-17	2.085950795627902e-688
1.2531112360316061e-17	7.039742200185908e-689
1.2277358825037251e-17	2.375778529030214e-689
1.2028748927399246e-17	8.017734259183548e-690
1.1785178293817445e-17	2.705788670855925e-690
1.1546544671026451e-17	9.13129989358568e-691
1.1312747882954709e-17	3.081540351634619e-691
1.1083689788477346e-17	1.0399192962109e-691
1.0859274240029181e-17	3.509360182038087e-692
1.0639407043060939e-17	1.184275611191906e-692
1.0423995916320735e-17	3.996447990862586e-693
1.0212950452944508e-17	1.34862773997209e-693
1.0006182082338497e-17	4.550997101272115e-694
9.803604032838346e-18	1.535739593992346e-694
9.605131295128072e-18	5.182331140221085e-695
9.410680586403798e-18	1.748756330650362e-695
9.220170315267643e-18	5.901059649177081e-696
9.033520547335675e-18	1.991256833628496e-696
8.850652971546585e-18	6.719255074806028e-697
8.671490867155904e-18	2.267313402832863e-697
8.495959071402401e-18	7.650654071263422e-698
8.323983947832436e-18	2.581559642416398e-698
8.155493355269346e-18	8.710886446938332e-699
7.990416617414502e-18	2.939267670618511e-699
7.828684493066826e-18	9.91773554450145e-700
7.670229146948932e-18	3.346435928886619e-700
7.514984121126725e-18	1.129143436138404e-700
7.362884307010914e-18	3.809889042468708e-701
7.213865917928302e-18	1.28550023068487e-701
7.067866462251386e-18	4.337391383241742e-702
6.924824717074726e-18	1.463462816124866e-702
6.784680702427134e-18	4.93777621121822e-703
6.6473756560086426e-18	1.666010556386194e-703
6.512852008441503e-18	5.621092527644476e-704
6.381053359025035e-18	1.896532822027578e-704
6.251924451983564e-18	6.398772064063135e-705
6.1254111531978885e-18	2.158885300281818e-705
6.0014604274101774e-18	7.28381916292265e-706
5.880020315892653e-18	2.457454023404485e-706
5.7610399145706065e-18	8.291026681690748e-707
5.6444693525907655e-18	2.797228171203013e-707
5.5302597713253814e-18	9.43722148011233e-708
5.418363303803685e-18	3.183882847789441e-708
5.3087330545618605e-18	1.07415435362284e-708
5.20132307990274e-18	3.623873196416123e-709
5.096088368557303e-18	1.222576328897074e-709
4.992984822739473e-18	4.124541402389876e-710
4.891969239586332e-18	1.391464243257483e-710
4.792999292975895e-18	4.69423834555184e-711
4.696033515714718e-18	1.583634410094045e-711
4.6010312820878735e-18	5.342461904105624e-712
4.5079527907638054e-18	1.802289919003484e-712
4.416759048046892e-18	6.080014184590067e-713
4.32741185147077e-18	2.05107364866716e-713
4.239873773725219e-18	6.919180262972603e-714
4.1541081469099624e-18	2.334128531749619e-714
4.070079047108784e-18	7.873931374234429e-715
3.987751279277284e-18	2.656166061978365e-715
3.9070903624380446e-18	8.960155888164539e-716
3.828062515176794e-18	3.022544168503313e-716
3.750634641433572e-18	1.01959218638892e-716
3.674774316582811e-18	3.439355735927313e-717
3.600449773796454e-18	1.1601775492332e-717
3.527629890684467e-18	3.913529222539362e-718
3.4562841762067953e-18	1.32010803227256e-718
3.386382757851693e-18	4.452943027099684e-719
3.317896369074491e-18	1.502040283601611e-719
3.2507963369920053e-18	5.06655547923408e-720
3.1850545703269377e-18	1.708995068534283e-720
3.120643547597497e-18	5.764552583742781e-721
3.0575363055470676e-18	1.944407078403521e-721
2.9957064278091566e-18	6.558515939059495e-722
2.9351280338026937e-18	2.212181539870621e-722
2.8757757678531607e-18	7.461613579413419e-723
2.817624788534801e-18	2.51675855148862e-723
2.7606507582295804e-18	8.488816864291882e-724
2.704829832898224e-18	2.863186200323308e-724
2.6501386520593247e-18	9.65714696363729e-725
2.5965543289720638e-18	3.257203654610041e-725
2.544054441018493e-18	1.098595496972588e-725
2.4926170202812725e-18	3.705335591035271e-726
2.442220544312969e-18	1.249724021467895e-726
2.3928439270929164e-18	4.214999499910385e-727
2.344466510167841e-18	1.421601199492993e-727
2.2970680539726164e-18	4.794627621244236e-728
2.250628729327331e-18	1.617070061078025e-728
2.205129109107197e-18	5.453805502911608e-729
2.1605501600816993e-18	1.839362443186276e-729
2.11687323491959e-18	6.203429442612116e-730
2.0740800643564064e-18	2.092152061087481e-730
2.03215274952107e-18	7.055885382491113e-731
1.9910737544184125e-18	2.37961481030796e-731
1.9508258985644993e-18	8.025252174116308e-732
1.9113923497715447e-18	2.706497282453316e-732
1.8727566170794363e-18	9.12753252760661e-733
1.8349025438308846e-18	3.078194611676385e-733
1.7978143008872574e-18	1.03809154084912e-733
1.7614763799822386e-18	3.500838920126194e-734
1.7258735872104956e-18	1.180607415659727e-734
1.6909910366486822e-18	3.981399802809794e-735
1.6568141441059767e-18	1.34265051811678e-735
1.6233286210016043e-18	4.527798487704187e-736
1.5905204683667004e-18	1.52689127448496e-736
1.5583759709680574e-18	5.149037528822134e-737
1.5268816915512186e-18	1.73636460967851e-737
1.4960244652004766e-18	5.855348141840209e-738
1.4657913938134809e-18	1.974519606383884e-738
1.4361698406880365e-18	6.658357577899893e-739
1.4071474252188987e-18	2.245275917266916e-739
1.378712017702193e-18	7.571279255900066e-740
1.3508517342454425e-18	2.553087846943671e-740
1.3235549317809213e-18	8.609128742240785e-741
1.2968102031803163e-18	2.903017144604101e-741
1.2706063724685463e-18	9.78896908548839e-742
1.2449324901348246e-18	3.300815689188478e-742
1.219777828538958e-18	1.113018948854407e-742
1.1951318774108592e-18	3.75301940909672e-743
1.1709843394415241e-18	1.265482184025508e-743
1.1473251259634926e-18	4.267054960134699e-744
1.124144352719028e-18	1.438790024068127e-744
1.1014323357142298e-18	4.851360891690708e-745
1.0791795871573399e-18	1.635786934926089e-745
1.0573768114794693e-18	5.51552526530432e-746
1.0360149014361759e-18	1.859704817407423e-746
1.0150849342881727e-18	6.27044195560053e-747
9.945781680595501e-19	2.114215681595411e-747
9.7448603787198e-19	7.128488165282325e-748
9.548001523533766e-19	2.40349146977134e-748
9.355122901194133e-19	8.103726028347816e-749
9.166143963264893e-19	2.73227199625673e-749
8.980985792946733e-19	9.21213156441846e-750
8.79957107199196e-19	3.105942103542858e-750
8.621824048291021e-19	1.047185468826761e-750
8.447670504117048e-19	3.530619282715075e-751
8.277037725014832e-19	1.190351447939702e-751
8.109854469321399e-19	4.013253174881043e-752
7.946050938305236e-19	1.353053448484879e-752
7.785558746911451e-19	4.561738561779143e-753
7.62831089510096e-19	1.537952347346667e-753
7.474241739770987e-19	5.185043671042457e-754
7.323286967245932e-19	1.748070779186286e-754
7.17538356632598e-19	5.893355868205064e-755
7.030469801883247e-19	1.986842230312685e-755
6.888485188993185e-19	6.698247087405072e-756
6.749370467591443e-19	2.258166783211457e-756
6.613067577644736e-19	7.612861670347604e-757
6.479519634825531e-19	2.566474411108608e-757
6.348670906680582e-19	8.652129643510081e-758
6.220466789282879e-19	2.916796843359047e-758
6.094853784357275e-19	9.83300887257441e-759
5.9717794768703905e-19	3.314849160227073e-759
5.851192513075169e-19	1.117475999718554e-759
5.733042579000908e-19	3.767122431967138e-760
5.6172803793797e-19	1.269925857578115e-760
5.503857617000437e-19	4.280988894515862e-761
5.392726972481633e-19	1.443134946782232e-761
5.28384208445468e-19	4.864821355403123e-762
5.177157530149142e-19	1.639924915882027e-762
5.072628806371834e-19	5.528128751893861e-763
4.970212310871835e-19	1.863500250292012e-763
4.8698653240834495e-19	6.281710042527375e-764
4.771545991239613e-19	2.117500123074175e-764
4.675213304848086e-19	7.137828907260505e-765
4.580827087523085e-19	2.406057256061153e-765
4.488347975165218e-19	8.110412065033449e-766
4.3977374004824925e-19	2.733864737503385e-766
4.308957576845688e-19	9.21527439607883e-767
4.221971482471055e-19	3.106251869915459e-767
4.136742844923973e-19	1.047037448571622e-767
4.0532361259367713e-19	3.529270266436811e-768
3.9714165065345242e-19	1.189610469355496e-768
3.8912498724624846e-19	4.009791578114545e-769
3.812702799909081e-19	1.351562040472315e-769
3.735742541518426e-19	4.555618420673274e-770
3.6603370126864833e-19	1.535521374674649e-770
3.5864547781351767e-19	5.175610280521022e-771
3.5140650387586826e-19	1.744473776699227e-771
3.44313761873652e-19	5.879826419309381e-772
3.3736429529078906e-19	1.981808787248142e-772
3.3055520744021368e-19	6.67968806813096e-773
3.238836602519894e-19	2.251374824918431e-773
3.1734687308600555e-19	7.588162510715695e-774
3.109421215687387e-19	2.557541201619857e-774
3.046667364536119e-19	8.619972004678949e-775
2.9851810250444728e-19	2.905268504795245e-775
2.9249365740156195e-19	9.79183088653212e-776
2.8659089067004175e-19	3.30018847334903e-776
2.808073426297413e-19	1.112271465608873e-776
2.751406033665731e-19	3.748694645718171e-777
2.6958831172464836e-19	1.263416534622635e-777
2.6414815431885087e-19	4.258045230389989e-778
2.58817864567426e-19	1.435063806279454e-778
2.535952217441884e-19	4.836479844110138e-779
2.484780500499269e-19	1.629989423597072e-779
2.434642177026488e-19	5.493351984121991e-780
2.3855163604625286e-19	1.851344786896927e-780
2.337382586772769e-19	6.239279351541066e-781
2.2902208058934054e-19	2.102707191450444e-781
2.2440113733493174e-19	7.086314427368299e-782
2.198735042041808e-19	2.388137286717508e-782
2.1543729542028013e-19	8.04813802518905e-783
2.1109066335120862e-19	2.712244274614695e-783
2.0683179773743693e-19	9.1402789103981e-784
2.0265892493527518e-19	3.08025988743545e-784
1.9857030717556745e-19	1.038036299062496e-784
1.9456424183739697e-19	3.4981223257424e-785
1.9063906073651718e-19	1.178839605247294e-785
1.8679312942820184e-19	3.97257149497308e-786
1.8302484652422073e-19	1.338708455316952e-786
1.793326430236557e-19	4.511257059151514e-787
1.7571498165727828e-19	1.520219958069502e-787
1.721703562452117e-19	5.122861033817156e-788
1.686972910676066e-19	1.726298978196685e-788
1.6529434024807216e-19	5.817236871291859e-789
1.6196008714959483e-19	1.960264983655566e-789
1.5869314378270052e-19	6.605567253352761e-790
1.55492150225607e-19	2.225885193547934e-790
1.52355774056122e-19	7.50054310340205e-791
1.492827097950547e-19	2.527434872479329e-791
1.4627167836089946e-19	8.516566667012726e-792
1.433214265355712e-19	2.869765730775635e-792
1.404307264409614e-19	9.66998189159793e-793
1.3759837502609764e-19	3.258383518519737e-793
1.3482319356469734e-19	1.09793357689252e-793
1.321040271628918e-19	3.699536047162142e-794
1.2943974427692907e-19	1.246567479510443e-794
1.2682923624064338e-19	4.200313037756491e-795
1.2427141680249565e-19	1.415288125925941e-795
1.2176522167199473e-19	4.768759382279458e-796
1.19309608075301e-19	1.60680547031195e-796
1.1690355431983693e-19	5.414003616967517e-797
1.1454605936771077e-19	1.82419446091825e-797
1.1223614241778506e-19	6.146403647487786e-798
1.0997284249620544e-19	2.07094411861695e-798
1.0775521805522512e-19	6.977712038849607e-799
1.0558234658015388e-19	2.351013203998759e-799
1.0345332420426634e-19	7.921263492556861e-800
1.0136726533151031e-19	2.668893356080925e-800
9.932330226685479e-20	8.992187484470048e-801
9.7320584854125e-20	3.029680703856782e-801
9.535828012116892e-20	1.020764943471294e-801
9.343557193221356e-20	3.439157085874404e-802
9.155166064725647e-20	1.158712423197828e-802
8.970576278835774e-20	3.903882164884084e-803
8.789711071268675e-20	1.315270644585028e-803
8.612495229219109e-20	4.431297896728087e-804
8.43885505997514e-20	1.492946214030355e-804
8.268718360168946e-20	5.029847007765923e-805
8.102014385650273e-20	1.694582785846312e-805
7.938673821970029e-20	5.709107356299205e-806
7.778628755461237e-20	1.923406309333479e-806
7.621812644905621e-20	6.479944304154653e-807
7.468160293773786e-20	2.183076340322971e-807
7.317607823027463e-20	7.354683508737117e-808
7.17009264447218e-20	2.477744228725752e-808
7.02555343464973e-20	8.347306867935631e-809
6.883930109258753e-20	2.812119102055799e-809
6.745163798093466e-20	9.47367471530582e-810
6.609196820489585e-20	3.191542687788576e-810
6.475972661267232e-20	1.075177777668685e-810
6.345435947160951e-20	3.622074156702722e-811
6.217532423726697e-20	1.220202286832477e-811
6.092208932716332e-20	4.110586327214054e-812
5.969413389910146e-20	1.384755684801602e-812
5.849094763397902e-20	4.664874749620452e-813
5.731203052299635e-20	1.571463393307895e-813
5.61568926591704e-20	5.293781391936144e-814
5.502505403306976e-20	1.783303218154118e-814
5.3916044332680466e-20	6.007334878779068e-815
5.282940274732731e-20	2.023652570647798e-815
5.1764677775559004e-20	6.816909495181255e-816
5.0721427036923696e-20	2.296342007007049e-816
4.9699217087552923e-20	7.735405462297905e-817
4.869762323947769e-20	2.605715929735872e-817
4.7716229383601075e-20	8.777453326403215e-818
4.675462781625363e-20	2.956701407542118e-818
4.5812419069257554e-20	9.95964568152259e-819
4.488921174343075e-20	3.354886197937964e-819
4.3984622345459105e-20	1.13007998754723e-819
4.309827512807034e-20	3.806607201216927e-820
4.2229801933441215e-20	1.282225583567807e-820
4.137884203977337e-20	4.319050738300567e-821
4.0545042010973963e-20	1.454821370252137e-821
3.9728055549376974e-20	4.900366230550623e-822
3.892754335144494e-20	1.65061165827281e-822
3.814317296638988e-20	5.559795069946536e-823
3.737461865765551e-20	1.872708444322135e-823
3.6621561267199615e-20	6.307816706316831e-824
3.588368808252491e-20	2.124640596795815e-824
3.5160692706398184e-20	7.156314248303432e-825
3.445227492920564e-20	2.410409610906978e-825
3.3758140603890693e-20	8.118762180642998e-826
3.307800152342102e-20	2.734552809330498e-826
3.241157530073526e-20	9.21043914693825e-827
3.175858525111783e-20	3.102214981138448e-827
3.1118760276952686e-20	1.044866913976851e-827
3.04918347548092e-20	3.519229583960104e-828
2.9877548424811054e-20	1.185309488487112e-828
2.9275646282243925e-20	3.992210784043262e-829
2.868587847135472e-20	1.344598771014572e-829
2.8108000181299047e-20	4.528657778540402e-830
2.754177154419408e-20	1.525259876123958e-830
2.698695753523234e-20	5.137073036534986e-831
2.644332787481592e-20	1.730155707235616e-831
2.5910656932670927e-20	5.827096313051609e-832
2.538872363389972e-20	1.962532073375669e-832
2.4877311366934488e-20	6.609656536947001e-833
2.437620789335161e-20	2.22606882275999e-833
2.3885205259509975e-20	7.497143952994181e-834
2.340409970997643e-20	2.524937794419887e-834
2.2932691602702134e-20	8.503605214994495e-835
2.247078532591364e-20	2.863868495609076e-835
2.2018189216685143e-20	9.64496448530293e-836
2.1574715481157226e-20	3.248222533407244e-836
2.1140180116368606e-20	1.093927400230317e-836
2.0714402833668926e-20	3.684077965630726e-837
2.0297206983679862e-20	1.240699803743102e-837
1.988841948277344e-20	4.178324890998755e-838
1.948787074103728e-20	1.407133468446316e-838
1.9095394591696087e-20	4.738773773889166e-839
1.8710828221960093e-20	1.595858051405493e-839
1.8334012105271787e-20	5.374278197672886e-840
1.7964789934922837e-20	1.809854379508682e-840
1.7603008559012168e-20	6.09487396562538e-841
1.724851791671972e-20	2.05250127416409e-841
1.6901170975868818e-20	6.911936723266098e-842
1.6560823671750072e-20	2.327628610212066e-842
1.6227334847182444e-20	7.838360564627027e-843
1.5900566193786086e-20	2.639577437845259e-843
1.5580382194442174e-20	8.888760411873731e-844
1.5266650066916085e-20	2.993268106352448e-844
1.495923970861996e-20	1.007970132796476e-844
1.465802364249237e-20	3.394277453107502e-845
1.4362876963971327e-20	1.142995834137564e-845
1.4073677289039703e-20	3.848926262345966e-846
1.3790304703320447e-20	1.296081083682449e-846
1.3512641712200942e-20	4.364378358092432e-847
1.3240573191965448e-20	1.469637610378064e-847
1.2973986341915187e-20	4.948752876599599e-848
1.2712770637456242e-20	1.666398724362849e-848
1.2456817784135527e-20	5.611251468632004e-849
1.2206021672605851e-20	1.88946213261367e-849
1.1960278334501056e-20	6.36230241404996e-850
1.1719485899203052e-20	2.142338446700977e-850
1.148354455148248e-20	7.213723894010065e-851
1.1252356489995505e-20	2.429006138286099e-851
1.1025825886619337e-20	8.178908963763987e-852
1.0803858846609445e-20	2.753973798161982e-852
1.058636336956212e-20	9.27303510610869e-853
1.0373249311165749e-20	3.122350668065411e-853
1.0164428345725098e-20	1.051330162722825e-853
9.959813929442834e-21	3.539926542927777e-854
9.759321264442996e-21	1.19191985888671e-854
9.562867263521572e-21	4.013262286666824e-855
9.370370515609095e-21	1.351281146016255e-855
9.181751251931374e-21	4.54979236929941e-856
8.996931312853681e-21	1.531916622659734e-856
8.815834115395158e-21	5.157941019617702e-857
8.638384621399337e-21	1.736662032096454e-857
8.464509306347905e-21	5.847253798796093e-858
8.294136128804471e-21	1.968730545164944e-858
8.127194500475755e-21	6.628546639341143e-859
7.963615256877652e-21	2.231762920788592e-859
7.803330628593828e-21	7.514074664448877e-860
7.646274213115045e-21	2.529884323234244e-860
7.492380947247468e-21	8.517723409266616e-861
7.34158708007806e-21	2.867768678247706e-861
7.193830146486686e-21	9.6552254124936e-862
7.04904894119283e-21	3.250711566946251e-862
6.907183493326625e-21	1.094440553954273e-862
6.7681750415138194e-21	3.684712788510955e-863
6.63196600946386e-21	1.240545884317594e-863
6.498499982051056e-21	4.176569872346704e-864
6.3677216818790385e-21	1.406126527096704e-864
6.2395769463184636e-21	4.733983989769138e-865
6.1140127050086e-21	1.593774609888942e-865
5.9909769578133066e-21	5.365679907043257e-866
5.8704187532222635e-21	1.806426761554521e-866
5.752288167188452e-21	6.081541838689417e-867
5.636536282393143e-21	2.047409831197437e-867
5.523115167929521e-21	6.892767305728555e-868
5.411977859396731e-21	2.320492665884482e-868
5.303078339395924e-21	7.812041381740101e-869
5.196371518420172e-21	2.629944748884202e-869
5.091813216130488e-21	8.853734024530719e-870
4.989360143009704e-21	2.980602606164006e-870
4.8889698823870106e-21	1.003412354770021e-870
4.790600872825587e-21	3.377945008823068e-871
4.6942123908657154e-21	1.137164968992188e-871
4.599764534116476e-21	3.828178134904039e-872
4.5072182046889314e-21	1.288720019652639e-872
4.4165350929636706e-21	4.3383320077033e-873
4.3276776616863024e-21	1.460443534500711e-873
4.240609130384074e-21	4.916369701647335e-874
4.155293460097051e-21	1.655015543128806e-874
4.07169533841768e-21	5.571311003692276e-875
3.989780164832595e-21	1.87547168959969e-875
3.909514036359896e-21	6.313372441056189e-876
3.830863733476911e-21	2.125250351972806e-876
3.7537967063319234e-21	7.154125838328415e-877
3.6782810612342135e-21	2.408245996486656e-877
3.6042855474169366e-21	8.106677852486233e-878
3.531779544067218e-21	2.728869590198618e-878
3.460733047618116e-21	9.18587325746318e-879
3.391116659297142e-21	3.092117004585844e-879
3.3229015729261456e-21	1.040852511560934e-879
3.2560595629674928e-21	3.503646465637531e-880
3.190562972811599e-21	1.179367538726505e-880
3.126384703300833e-21	3.969866245204584e-881
3.0634982014851757e-21	1.336288999807748e-881
3.00187744960482e-21	4.498033945950627e-882
2.9414969542951402e-21	1.514059291379732e-882
2.882331736009641e-21	5.096368910581235e-883
2.8243573186563684e-21	1.715444437221788e-883
2.7675497194434656e-21	5.774179487846417e-884
2.711885438929857e-21	1.943576910084386e-884
2.657341451276526e-21	6.54200711620367e-885
2.603895194694774e-21	2.202004111719086e-885
2.5515245620871473e-21	7.411789444489357e-886
2.500207891877285e-21	2.494743257807376e-886
2.44992395902489e-21	8.397045001428768e-887
2.4006519662220165e-21	2.826343512813897e-887
2.352371535267011e-21	9.51308225679185e-888
2.30506269861262e-21	3.201956331127578e-888
2.2587058910846197e-21	1.077723629153253e-888
2.2132819417675546e-21	3.627415086842318e-889
2.1687720660543095e-21	1.220913671805803e-889
2.1251578578560496e-21	4.109325217092281e-890
2.0824212819694382e-21	1.383101097133637e-890
2.0405446665978218e-21	4.655166265173431e-891
1.9995106960233984e-21	1.566802763418986e-891
1.9593024034271897e-21	5.273407392216254e-892
1.919903163853958e-21	1.77486850741259e-892
1.88129668731908e-21	5.973638132711424e-893
1.8434670120544786e-21	2.010525136379649e-893
1.806398497890862e-21	6.766716402883205e-894
1.7700758197735095e-21	2.277426224325811e-894
1.734483961408859e-21	7.664936035320134e-895
1.6996082090393266e-21	2.579708477161573e-895
1.6654341453436933e-21	8.682216412442976e-896
1.6319476434606088e-21	2.922055532194548e-896
1.599134861132636e-21	9.83431710987823e-897
1.5669822349684442e-21	3.3097701711944e-897
1.5354764748208225e-21	1.113908084377248e-897
1.5046045582780522e-21	3.748856055090516e-898
1.4743537252664471e-21	1.261670844936554e-898
1.444711472761797e-21	4.246110234100699e-899
1.4156655496074683e-21	1.429007010834092e-899
1.3872039514370773e-21	4.809227851970792e-900
1.3593149156995826e-21	1.618505759705807e-900
1.3319869167847302e-21	5.446920649541568e-901
1.3052086612468445e-21	1.833098295518795e-901
1.2789690831249607e-21	6.1690510838906e-902
1.253257339357359e-21	2.076102968407403e-902
1.2280628052886232e-21	6.986784118036029e-903
1.2033750702672778e-21	2.351276338712798e-903
1.179183933332287e-21	7.912759006268882e-904
1.1554793989865131e-21	2.662870967296339e-904
1.132251673055464e-21	8.961283705710659e-905
1.1094911586295467e-21	3.01570081695874e-905
1.0871884520881704e-21	1.014855489031959e-905
1.0653343392040667e-21	3.415215266044104e-906
1.0439197913261427e-21	1.149290693454869e-906
1.0229359616393579e-21	3.867582866807381e-907
1.0023741815000301e-21	1.30150936761341e-907
9.822259568450244e-22	4.379786129874943e-908
9.624829646734053e-22	1.47386072677861e-908
9.431370495990079e-22	4.959728784390535e-909
9.241802204725618e-22	1.669003899346672e-909
9.056046470719264e-22	5.616357153769393e-910
8.874026568590816e-22	1.889948756506526e-910
8.695667318025015e-22	6.359797502272293e-911
8.520895052636334e-22	2.140102113934392e-911
8.349637589461489e-22	7.201511451127241e-912
8.18182419906717e-22	2.423320011401496e-912
8.017385576260603e-22	8.154471838366038e-913