0.1	1
0.4650921054372841	0.5760492798226909
0.19378841602321042	0.2880246399113454
0.1076602418900289	0.10058003298491426
0.06728765566711147	0.02753977093634557
0.044858439354329496	0.006294804785450414
0.031151695242129903	0.0012489692034623843
0.022251211628942672	0.00022090611761919717
0.016224842276337605	0.00003550276890308525
0.012018401986636047	5.259669467123741e-6
0.009013801690283737	7.26335307364707e-7
0.006828637780727097	9.432926069671517e-8
0.005216320621786502	1.1603996355548296e-8
0.004012554391327059	1.3601753969873459e-9
0.0031049528505811093	1.526727486414368e-10
0.0024149633627292277	1.647896334542492e-11
0.001886690152288077	1.7165586818150956e-12
0.0014797570006836896	1.7309835446874912e-13
0.001164623579054358	1.6943489723131527e-14
0.0009194396778904893	1.6136656879172883e-15
0.0007278897526586343	1.498403853066053e-16
0.000577690285664708	1.3590964653660344e-17
0.00045952636797336833	1.2061245688313288e-18
0.0003662891372217165	1.0488039728968078e-19
0.0002925225774082394	8.948129133841813e-21
0.00023401806387674207	7.499384416934091e-22
0.0001875144757603256	6.180811332637987e-23
0.00015047458047133836	5.0144148377662685e-24
0.00012091707448872176	4.008120703656712e-25
0.00009728960085826504	3.159109914212186e-26
0.0000783721790096557	2.4570854888316995e-27
0.000063203370590433	1.8871624338185092e-28
0.00005102355471208588	1.4322214899515465e-29
0.000041231155580592394	1.0746827918828343e-30
0.000033348728980533835	7.977337250670898e-32
0.0000269965902859023	5.860900837227599e-33
0.00002187223762513653	4.263882884226427e-34
0.000017734246821607267	3.0730687453884156e-35
0.000014389630174261363	2.1950491038488692e-36
0.000011683887809826023	1.5544914288551206e-37
9.493158894166518e-6	1.0918451702672867e-38
7.718015399701067e-6	7.608677144719766e-40
6.278544304193388e-6	5.262237027527276e-41
5.110443062632388e-6	3.613053108601231e-42
4.161913877183358e-6	2.46344530131902e-43
3.3911891005268605e-6	1.6683650717927751e-44
2.7645563442381617e-6	1.1226058971690516e-45
2.2547800068770705e-6	7.506787154321925e-47
1.839837860662813e-6	4.9896303505909644e-48
1.501908463941881e-6	3.297326179204913e-49
1.2265585838922298e-6	2.166814346334657e-50
1.002090350325543e-6	1.4162185270161155e-51
8.190161549202044e-7	9.208014232430789e-53
6.696358525102809e-7	5.956666888904014e-54
5.476959925458647e-7	3.834538649823572e-55
4.481149046517559e-7	2.456760693393457e-56
3.6676071198615437e-7	1.5668116667050113e-57
3.002719290142806e-7	9.94801058225404e-59
2.459123565210973e-7	6.288972207172095e-60
2.0145362609330668e-7	3.959159258752408e-61
1.6508005527494206e-7	2.4823300114400008e-62
1.3531152116820396e-7	1.550245128143638e-63
1.1094089809573587e-7	9.644382133612493e-65
9.098327650957412e-8	5.977621579412126e-66
7.46347192486957e-8	3.691537136095283e-67
6.123874419030086e-8	2.2717151606740197e-68
5.0259070512844736e-8	1.393187508349868e-69
4.1257446068402576e-8	8.515573967170479e-71
3.3875599201402736e-8	5.188059769914787e-72
2.782054048877422e-8	3.150788542115261e-73
2.2852586896303917e-8	1.9076202737976745e-74
1.8775599616335583e-8	1.1514810505820976e-75
1.5429022876330397e-8	6.930210026651511e-77
1.2681388700703118e-8	4.1590301529806843e-78
1.0425015514500052e-8	2.4889948791969342e-79
8.571679446200076e-9	1.4854953564730913e-80
7.049078510738403e-9	8.842234264720783e-82
5.797943379068552e-9	5.2495639419492596e-83
4.769675655425929e-9	3.108716131679353e-84
3.924416688577611e-9	1.8363723984603775e-85
3.2294679081511996e-9	1.082148020521293e-86
2.657998284958741e-9	6.36183433581007e-88
2.1879863985087146e-9	3.7313894768688554e-89
1.8013542682260239e-9	2.1836014150351303e-90
1.483257982371337e-9	1.2750053613867254e-91
1.221506576625921e-9	7.428602665782602e-93
1.0060858455184549e-9	4.318955038245698e-94
8.287680355919955e-10	2.50579766860451e-95
6.827918490744056e-10	1.4508676977309658e-96
5.626000267332027e-10	8.383826182715049e-98
4.63624097146065e-10	4.835116687385929e-99
3.8210777322225905e-10	2.783165021519896e-100
3.149620239098471e-10	1.5990233819291326e-101
2.596461134650388e-10	9.17002656303445e-103
2.1406993443420074e-10	5.2493059859315746e-104
1.7651380596165667e-10	2.9996034205323288e-105
1.455626007088547e-10	1.7110833004028676e-106
1.2005162970070932e-10	9.744018794635868e-108
9.902217776342788e-11	5.539602521731761e-109
8.168496162138358e-11	3.1441707434552564e-110
6.739009347378307e-11	1.781696754624645e-111
5.5602387465811254e-11	1.0080321101129532e-112
4.588105510757693e-11	5.694299034718362e-114
3.786300671641632e-11	3.211763671916968e-115
3.124911618079712e-11	1.8088229470960947e-116
2.5792921341688283e-11	1.0172065552830647e-117
2.129132661977871e-11	5.712076343682978e-119
1.7576951915535903e-11	3.2030334637474636e-120
1.4511835327760265e-11	1.7935857579185537e-121
1.19822493753859e-11	1.0029662604350148e-122
9.894433214496299e-12	5.600980415416314e-124
8.171078495296397e-12	3.123669901347579e-125
6.748435376578261e-12	1.739799137230159e-126
5.573928934560855e-12	9.677770169169025e-128
4.6041956923988476e-12	5.3765389828716805e-129
3.8034660134370125e-12	2.9832555846989857e-130
3.142231266565729e-12	1.6532820358553497e-131
2.596145495370874e-12	9.151255876122407e-133
2.1451202222995867e-12	5.059411037242815e-134
1.772578337957809e-12	2.79391245754105e-135
1.4648390456353818e-12	1.541086633326213e-136
1.2106107835345291e-12	8.490835445323485e-138
1.0005731219248654e-12	4.672942224007071e-139
8.270319856026298e-13	2.5689422989121335e-140
6.836353117911955e-13	1.410747883043145e-141
5.651385253255684e-13	7.738959815550966e-143
4.672110831926178e-13	4.2409265807063115e-144
3.8627688041805796e-13	2.321617100799106e-145
3.193825774111249e-13	1.2696343519995078e-146
2.640889533107267e-13	6.936356002064496e-148
2.183812501916764e-13	3.7857767190754935e-149
1.8059518173405977e-13	2.0642184945886007e-150
1.493558639096012e-13	1.1244480255515104e-151
1.2352740642818628e-13	6.119445037015022e-153
1.0217130024660614e-13	3.327203591554009e-154
8.451206329308321e-14	1.8073698522021783e-155
6.990887598939117e-14	9.808905010200893e-157
5.783216027091836e-14	5.318697190098504e-158
4.784423894131789e-14	2.881419802779383e-159
3.958336321025609e-14	1.5596585434708545e-160
3.2750520798465906e-14	8.434888041219928e-162
2.7098539706473576e-14	4.557859123928363e-163
2.2423087464979334e-14	2.460815958928459e-164
1.8555235574077417e-14	1.3275131047166512e-165
1.5355316497709016e-14	7.155576589577183e-167
1.2707848153684834e-14	3.8539066032533926e-168
1.0517340096038066e-14	2.0740201876608284e-169
8.70482798256817e-15	1.1152813448386703e-170
7.205009657536524e-15	5.992663596784358e-172
5.96387824807834e-15	3.217537501629185e-173
4.936765889758047e-15	1.7262344056359757e-174
4.086726735381125e-15	9.254489087294728e-176
3.3832003172143434e-15	4.9577620110507525e-177
2.8009065843857308e-15	2.654015144415591e-178
2.318932402441547e-15	1.4197421768209558e-179
1.919976292687015e-15	7.58940518484935e-181
1.5897239623423195e-15	4.0541694363511476e-182
1.3163319450283797e-15	2.164191145883537e-183
1.0900006098772259e-15	1.1544961808962805e-184
9.02621051250533e-16	6.154546876296433e-186
7.474830590070801e-16	3.278761579931726e-187
6.190335900136099e-16	1.7455696077719924e-188
5.1267699648147e-16	9.287128130709307e-190
4.2460978288616324e-16	4.93794133739145e-191
3.516839161349929e-16	2.6238190033177563e-192
2.912937490731091e-16	1.3933122557300638e-193
2.4128247316928576e-16	7.394227404189953e-195
1.9986472352474005e-16	3.92166038545575e-196
1.6556254399109414e-16	2.0786578573702512e-197
1.3715240346950848e-16	1.1011205330673633e-198
1.1362135398910484e-16	5.829461645650748e-200
9.413075146623828e-17	3.0843712410850516e-201
7.798623313736868e-17	1.6309936518473e-202
6.461287146061975e-17	8.619619629911411e-204
5.3534610994299735e-17	4.552782125267931e-205
4.435724916054799e-17	2.4033734212298735e-206
3.6754349488481794e-17	1.2680135745125138e-207
3.0455581531655656e-17	6.686323933399318e-209
2.523706899435469e-17	3.5238250799349e-210
2.091339984191131e-17	1.8561249423440011e-211
1.7331011925392622e-17	9.771663056255459e-213
1.4362717081201078e-17	5.1416274960565424e-214
1.1903167557554649e-17	2.703995621944963e-215
9.865102449251272e-18	1.4213039699008132e-216
8.176239810625022e-18	7.466995494044127e-218
6.776703273829961e-18	3.9208933868339805e-219
5.616891160456469e-18	2.057816549669652e-220
4.655711929448672e-18	1.0794759593377854e-221
3.859122924370758e-18	5.659866352151001e-223
3.1989202405358325e-18	2.966117916975077e-224
2.6517365179870935e-18	1.553680813653612e-225
2.1982109029140252e-18	8.13445452174666e-227
1.822301575070385e-18	4.256869801806915e-228
1.510716333238231e-18	2.2266380409155347e-229
1.2524409476680484e-18	1.1641480184462663e-230
1.0383484790516651e-18	6.083703930341904e-232
8.608756531579257e-19	3.177833685674221e-233
7.137547723821006e-19	1.6592025044854525e-234
5.917916258502726e-19	8.65913764967155e-236
4.90681499316216e-19	4.5170902312237333e-237
4.068567435919302e-19	2.355339906280945e-238