0.8306878306880284
0.11350558065873267
0.02245394508165612
0.008079403699832215
0.00447997528288974
0.0031282586027074947
0.002216815355498887
0.0018537828756785134
0.001390337156758886
0.001197234773875707
0.0007646854362173867
0.00041710114702766556
0.0008535125323436487
0.0002162746688291599
0.0004055150040546748
0.0004943421001809369
0.00019696443054084207
0.00013903371567588853
0.0002935156219824313
0.0003089638126130856
0.0004866180048656098
0.0001699300969371971
0.00026648128837878634
0.0
0.00019310238288317849
0.00020082647819850565
0.00010427528675691639
0.0
0.0
0.0001158614297299071
0.00035917043216271205
0.00037075657513570276
0.00012744757270289782
0.00013130962036056137
0.0
0.0
0.00028579152666710416
0.0
0.0
0.0
0.0
0.0
0.0
0.0
0.0
0.0
0.0
0.0
0.0
0.0
0.0
0.0
0.0
0.0
0.0
0.0
0.0
0.0
0.0
0.0
0.0
0.0
0.0
0.0
0.0
0.0
0.0
0.0
0.0
0.0
0.0
0.0
0.0
0.00028579152666710416
0.0
0.0
0.0
0.0
0.0
0.0
0.0
0.0
0.0
0.0
0.0
0.000332136098559067
0.0
0.0
0.0
0.0
0.0
0.00035530838450504844
0.0
0.0
0.0
0.0
0.0
0.0
0.0
0.0
0.0
0.0
0.0
0.0
0.0
0.0
0.0
0.0
0.0
0.0
0.0
0.0
0.0
0.0
0.0
0.0
0.0
0.0
0.0
0.0
0.0
0.0
0.0
0.0
0.0
0.0
0.0
0.0
0.0
0.0
0.0
0.0
0.0
0.0
0.0
0.0
0.0
0.0
0.0
0.0
0.0
0.0
0.0
0.0
0.0
0.0
0.0
0.0
0.0
0.0
0.0
0.0
0.0
0.0
0.0
0.0
0.0
0.0
0.0
0.0
0.0
0.0
0.0
0.0
0.0
0.0
0.0
0.0
0.0
0.0
0.0
0.0
0.0
0.0
0.0
0.0
0.0
0.0
0.0
0.0
0.0
0.0
0.0
0.0
0.0
0.0
0.0
0.0
0.0
0.0
0.0
0.0
0.0
0.0
0.0
0.0
0.0
0.0
0.0
0.0
0.0
0.0
0.0
0.0
0.0
0.0
0.0
0.0
0.0
0.0
0.0
0.0
0.0
0.0
0.0
0.0
0.0
0.0
0.0
0.0
0.0
0.0
0.0
0.0
0.0
0.0
0.0
0.0
0.0
0.0
0.0
0.0
0.0
0.0
0.0
0.0
0.0
0.0
0.0
0.0
0.0
0.0
0.0
0.0
0.0
0.0
0.0
0.0
0.0
0.0
0.0
0.0
0.0
0.0
0.0
0.0
0.0
0.0
0.0010002703433348646
0.0
0.0
0.0
0.0
0.0
0.0
0.0
0.0
0.0
0.0
0.001042752867569164
0.0
0.0
0.0
0.0
0.0
0.0
0.0
0.0
0.0
0.0
0.0
0.0010890974394611268
