0.8240532764994993
0.14035996782924473
0.01966102916833731
0.003397368166133982
0.001205299714112526
0.0007434558984245495
0.0006150407886966729
0.0005767415454444989
0.0005271778188828621
0.00031540553266496026
0.00032216422265063805
0.00032441711931253063
0.00011715062641841382
0.00018924331959897618
0.0002027606995703316
0.00010813903977084354
0.00026809470276521627
0.0
0.0002140251828797945
0.00018023173295140588
0.00023655414949872025
0.0
0.00010363324644705839
0.00021627807954168707
5.6322416547314335e-05
0.0
0.00024331283948439796
0.0001261622130659841
6.533400319488463e-05
6.758689985677721e-05
6.983979651866978e-05
0.00014418538636112472
0.00014869117968490986
7.65984865043475e-05
0.00015770276633248016
8.110427982813266e-05
8.335717649002523e-05
8.56100731519178e-05
0.00017572593962762075
0.0
0.0
0.0
0.0
9.912745312327324e-05
0.00010138034978516582
0.0
0.0
0.0
0.0002207838728654722
0.00011264483309462867
0.0
0.0
0.0
0.0
0.0
0.0
0.0001284151097278767
0.0
0.0
0.0
0.0
0.0
0.0
0.0
0.0
0.0
0.0
0.0
0.0
0.0
0.0
0.0
0.0
0.0
0.0
0.0
0.0
0.0
0.0
0.0
0.0
0.0
0.0001869904229370836
0.00018924331959897618
0.0
0.0
0.0
0.0
0.00020050780290843906
0.0
0.0
0.0
0.0
0.0
0.0
0.0
0.0
0.0
0.0
0.0
0.0
0.0
0.0
0.0
0.0
0.0
0.0
0.0
0.0
0.0
0.0
0.0
0.0
0.0
0.0
0.0
0.0
0.0
0.0
0.0
0.0
0.0
0.0
0.0
0.0
0.0
0.0
0.0
0.0
0.0
0.0
0.0
0.0
0.0
0.0
0.0
0.0
0.0
0.0
0.0
0.0
0.0
0.0
0.0
0.0
0.0
0.0
0.0
0.0
0.0
0.0
0.0
0.0
0.0
0.0
0.0
0.000353704775917134
0.0
0.0
0.0
0.0
0.0
0.0
0.0
0.0
0.0
0.0
0.0
0.0
0.0
0.0
0.0
0.0
0.0
0.0
0.0
0.0
0.0
0.0
0.0
0.0
0.0
0.0
0.0
0.0
0.0
0.0
0.0
0.0
0.0
0.00043030326242148156
0.0
0.0
0.0
0.0
0.0
0.0
0.0
0.0
0.0
0.0
0.0
0.0004573380223641924
0.0
0.0
0.0
0.0
0.0
0.0
0.0
0.0
0.0
0.0
0.0
0.0
0.0
0.0
0.0
0.0
0.0
0.0
0.0
0.0
0.0
0.0
0.0
0.0
0.0
0.0
0.0
0.0
0.0
0.0
0.0
0.0
0.0
0.0
0.0
0.0
0.0
0.0
0.0
0.0
0.0
0.0
0.0
0.0
0.0
0.0
0.0
0.0
0.0
0.0
0.0
0.0
0.0
0.0
0.0
0.0
0.0
0.0
0.0
0.0
0.0
0.0
0.0
0.0
0.0
0.0
0.0
0.0
0.0
0.0
0.0
0.0
0.0
0.0
0.0
0.0
0.0
0.0
0.0
0.0
0.0
0.0
0.0
0.0
0.0
0.0
0.0
0.000655592928610739
0.0
0.0
0.0
0.0006646045152583092
0.0
0.0
0.0
0.0
0.0
0.0
0.0006803747918915572
