0.8290172084130019
0.13265009560229446
0.015923518164435945
0.002875717017208413
0.0015296367112810707
0.0006424474187380498
0.0008565965583173996
0.0004894837476099427
0.0004130019120458891
0.0004588910133843212
0.00033652007648183555
0.00018355640535372848
0.0
0.0004282982791586998
0.0006883365200764819
0.0
0.000260038240917782
0.00027533460803059274
0.0
0.0
0.0003212237093690249
0.0010095602294455067
0.0
0.0
0.0003824091778202677
0.0003977055449330784
0.0
0.0008565965583173996
0.0
0.0
0.00047418738049713195
0.0009789674952198854
0.0005047801147227534
0.0
0.0
0.0
0.0
0.0
0.0
0.0
0.000627151051625239
0.0
0.0
0.0
0.0
0.0
0.0
0.0
0.0
0.0
0.0
0.0
0.0
0.0
0.0
0.0
0.0008718929254302103
0.0
0.0
0.0
0.0
0.0
0.0009636711281070746
0.0
0.0
0.0
0.0010248565965583175
0.0
0.0
0.0
0.0
0.0
0.0
0.0
0.0
0.0
0.0
0.0
0.0
0.0
0.0
0.0
0.0
0.0
0.00130019120458891
0.0
0.0
0.0
0.0
0.0
0.0
0.0
0.0
0.0
0.0
0.0
0.0
0.0
0.0
0.0
0.0
0.0
0.0
0.0
0.0016061185468451242
0.0
0.0
0.0016520076481835563
